wash:
  rate_power: 36.7268645421093
  t_dur: 1.9707476941363977
  t_in: 21.40089620637022
  t_ter: 7.202178101394675
