wash:
  rate_power: 40.999294792811284
  t_dur: 2.0758003734213863
  t_in: 17.713798564077507
  t_ter: 7.08673556369846
