wash:
  rate_power: 36.671656324593656
  t_dur: 2.1672872048865695
  t_in: 15.817465596658337
  t_ter: 7.509987675249429
