wash:
  rate_power: 34.95666876643477
  t_dur: 2.1351829811117358
  t_in: 18.119342849585884
  t_ter: 8.251458164769458
