wash:
  rate_power: 32.64379666886723
  t_dur: 2.1138970953800467
  t_in: 21.18304227042829
  t_ter: 7.068202565705896
