wash:
  rate_power: 35.12701740321024
  t_dur: 1.9096021248919657
  t_in: 18.419976961299188
  t_ter: 9.07077931740944
