wash:
  rate_power: 35.590421253140704
  t_dur: 1.9946679729308565
  t_in: 16.842040214361415
  t_ter: 8.12924903659171
