wash:
  rate_power: 35.28061939511247
  t_dur: 2.1546278118910327
  t_in: 19.130662176540156
  t_ter: 7.30625026235749
