wash:
  rate_power: 35.59885410321269
  t_dur: 2.202450157407499
  t_in: 19.48684440884747
  t_ter: 7.592392057382644
