wash:
  rate_power: 32.88063964234371
  t_dur: 1.986820783131851
  t_in: 18.76100995165426
  t_ter: 7.31609764973865
