wash:
  rate_power: 28.150724285461283
  t_dur: 1.9830444182147042
  t_in: 19.8178661353847
  t_ter: 8.454091187957445
