wash:
  rate_power: 37.94901328052364
  t_dur: 2.3394042181163948
  t_in: 17.611793582927973
  t_ter: 7.048786848062095
