wash:
  rate_power: 35.25281839476442
  t_dur: 1.9384350759329185
  t_in: 20.465321018521383
  t_ter: 7.178015169117235
