wash:
  rate_power: 37.55282482539921
  t_dur: 2.1199045294693737
  t_in: 19.619527290424994
  t_ter: 7.1223448427569975
