wash:
  rate_power: 29.940911615799983
  t_dur: 1.8524476787272548
  t_in: 18.309356598604538
  t_ter: 8.077812370406406
