wash:
  rate_power: 26.408334400307343
  t_dur: 1.7530837322052006
  t_in: 19.327668317141274
  t_ter: 8.900001878867101
