wash:
  rate_power: 36.3157408016279
  t_dur: 1.8016006738680956
  t_in: 19.926970923907987
  t_ter: 7.131812350863974
