wash:
  rate_power: 35.18687054399223
  t_dur: 1.875008986249495
  t_in: 20.03163899220171
  t_ter: 7.4505443138763
