wash:
  rate_power: 28.476554860852
  t_dur: 2.190711398782928
  t_in: 21.622604213963978
  t_ter: 7.740662008673464
