wash:
  rate_power: 31.470771413826807
  t_dur: 1.7296522256116014
  t_in: 20.44184080188563
  t_ter: 7.808324802701134
