wash:
  rate_power: 32.143473728494705
  t_dur: 1.8809762194848385
  t_in: 16.786892076404623
  t_ter: 8.176266363574001
