wash:
  rate_power: 34.65757979204286
  t_dur: 1.6329878949372454
  t_in: 20.59988447379679
  t_ter: 6.645213687354289
