wash:
  rate_power: 38.12974513395275
  t_dur: 2.1735283521588116
  t_in: 21.94644496859292
  t_ter: 7.869955768941798
