wash:
  rate_power: 37.34084612037269
  t_dur: 2.2074155529745805
  t_in: 18.914767904149937
  t_ter: 7.256489987345286
