wash:
  rate_power: 34.95383773058836
  t_dur: 2.0461770553107583
  t_in: 19.5294273147995
  t_ter: 6.2656915240739535
