wash:
  rate_power: 36.95645481689164
  t_dur: 1.843584300937343
  t_in: 21.077622134804745
  t_ter: 8.396096334092283
