wash:
  rate_power: 31.636477880950487
  t_dur: 2.1133251241744295
  t_in: 20.72679965148442
  t_ter: 8.220871504885222
