wash:
  rate_power: 36.01576224472978
  t_dur: 1.9326641162726295
  t_in: 21.74838637938692
  t_ter: 6.401511050962463
