wash:
  rate_power: 36.493816744023555
  t_dur: 1.6934235951587335
  t_in: 19.023073783958832
  t_ter: 7.081338364984917
