wash:
  rate_power: 40.371162521116155
  t_dur: 1.9809351601834624
  t_in: 20.6924710242318
  t_ter: 8.924548565951252
