wash:
  rate_power: 38.3896687939733
  t_dur: 2.3268645852593135
  t_in: 16.173302538220184
  t_ter: 6.468313344038719
