wash:
  rate_power: 32.94579651913344
  t_dur: 2.384007252509441
  t_in: 21.849722158682344
  t_ter: 7.244436000804424
