wash:
  rate_power: 37.10474422047985
  t_dur: 2.0847461728279506
  t_in: 20.130517063928952
  t_ter: 7.478954212797871
