wash:
  rate_power: 32.9294136499568
  t_dur: 2.1498160216149014
  t_in: 19.241832358581593
  t_ter: 7.178205464820364
