wash:
  rate_power: 36.95642366903317
  t_dur: 1.8960240420589964
  t_in: 19.794613938043742
  t_ter: 5.948353392985622
