wash:
  rate_power: 34.48076714085066
  t_dur: 2.0420252516766912
  t_in: 17.969724691483133
  t_ter: 7.9748352995675225
