wash:
  rate_power: 29.871047590431942
  t_dur: 1.8354886903158478
  t_in: 20.170926886061594
  t_ter: 7.41208207787088
