wash:
  rate_power: 37.20171724958379
  t_dur: 2.4620013186493694
  t_in: 15.6725497828507
  t_ter: 9.174753173882051
