wash:
  rate_power: 32.81095252256784
  t_dur: 1.8431490029708868
  t_in: 21.930986212103956
  t_ter: 7.514811915625661
