wash:
  rate_power: 34.73450461031672
  t_dur: 1.7270595779228752
  t_in: 19.268890172425113
  t_ter: 7.768914848302759
