wash:
  rate_power: 37.93528564405442
  t_dur: 1.8431194753381985
  t_in: 18.888040839987845
  t_ter: 7.948261816091908
