wash:
  rate_power: 28.609932816536958
  t_dur: 1.874566083313733
  t_in: 18.90353604049919
  t_ter: 7.857215811757735
