wash:
  rate_power: 30.83816516300608
  t_dur: 1.9358866703079467
  t_in: 20.665501430264445
  t_ter: 8.807802510068319
