wash:
  rate_power: 37.99929367535866
  t_dur: 1.5322243362695716
  t_in: 20.246777574686472
  t_ter: 6.498923951877993
