wash:
  rate_power: 36.4948321899856
  t_dur: 2.1172446810105012
  t_in: 16.362386167833066
  t_ter: 7.8677598347911815
