wash:
  rate_power: 36.11265399117201
  t_dur: 2.4095640138035344
  t_in: 15.330785351196848
  t_ter: 7.869549906024472
