wash:
  rate_power: 36.93548656014657
  t_dur: 2.120721169575326
  t_in: 19.948107277151653
  t_ter: 9.481870687200312
