wash:
  rate_power: 27.278099629638337
  t_dur: 1.6270771872777468
  t_in: 17.40659305569383
  t_ter: 8.386667361116059
