wash:
  rate_power: 34.951583805447605
  t_dur: 1.7686843877693448
  t_in: 20.238125437317358
  t_ter: 7.43691984057056
