wash:
  rate_power: 30.02099333721582
  t_dur: 1.8935087670399358
  t_in: 16.573434377509653
  t_ter: 8.590327800398704
