wash:
  rate_power: 37.80801749066773
  t_dur: 1.7056696021524251
  t_in: 14.976263070867649
  t_ter: 6.754287909938288
