wash:
  rate_power: 28.457033132781802
  t_dur: 1.9362275623425427
  t_in: 17.596912773820737
  t_ter: 7.624732232352625
