wash:
  rate_power: 32.595095000521354
  t_dur: 2.5739525500845284
  t_in: 18.313135784717158
  t_ter: 7.504023435517902
