wash:
  rate_power: 28.504750212312075
  t_dur: 1.9470662445530476
  t_in: 18.83453923144814
  t_ter: 7.40273233829952
