wash:
  rate_power: 28.927807363168146
  t_dur: 1.770320470272627
  t_in: 19.76483628069404
  t_ter: 6.6468933979190545
