wash:
  rate_power: 35.15419953432258
  t_dur: 1.9851469549435852
  t_in: 19.25851899090711
  t_ter: 8.222193545877422
