wash:
  rate_power: 33.85716648305945
  t_dur: 2.146576149994388
  t_in: 22.953121623878857
  t_ter: 7.387353499264215
