wash:
  rate_power: 43.042548777388376
  t_dur: 1.8568467765789536
  t_in: 20.59022571199501
  t_ter: 8.144449069237364
