wash:
  rate_power: 33.53599512110969
  t_dur: 2.2476613786538673
  t_in: 19.67321201728008
  t_ter: 7.688574416669146
