wash:
  rate_power: 31.518497349848975
  t_dur: 1.9212199043153413
  t_in: 16.863969335555787
  t_ter: 7.35086075413426
