wash:
  rate_power: 33.953832410703825
  t_dur: 2.3358559412041036
  t_in: 15.243163706134775
  t_ter: 6.35495945704657
