wash:
  rate_power: 38.566650863030404
  t_dur: 2.0489488190060277
  t_in: 21.13151819888082
  t_ter: 7.45129715764507
