wash:
  rate_power: 34.64688987292351
  t_dur: 1.7471224948156845
  t_in: 20.562788446572934
  t_ter: 7.229988871894045
