wash:
  rate_power: 36.77888927722621
  t_dur: 1.939626966339916
  t_in: 20.309300160934757
  t_ter: 7.484945128573806
