wash:
  rate_power: 37.12524806240537
  t_dur: 1.7846325177231994
  t_in: 18.341945271744734
  t_ter: 7.32638152486088
