wash:
  rate_power: 31.003619816151577
  t_dur: 2.0652208067838065
  t_in: 23.09927901804709
  t_ter: 7.665263620568691
