wash:
  rate_power: 28.434700938324852
  t_dur: 2.225112374491276
  t_in: 19.958225571591196
  t_ter: 7.914335701896498
