wash:
  rate_power: 31.648767517251272
  t_dur: 2.0426438709084573
  t_in: 17.053702864987244
  t_ter: 9.151455030372881
