wash:
  rate_power: 32.836704647829926
  t_dur: 2.137363423636129
  t_in: 18.57227102467278
  t_ter: 8.100688060804613
