wash:
  rate_power: 33.35228268992554
  t_dur: 2.052903101604447
  t_in: 16.361286246779088
  t_ter: 7.638102891321852
