wash:
  rate_power: 38.72246597121099
  t_dur: 2.038978009445164
  t_in: 18.94620427049538
  t_ter: 7.143976006371492
