wash:
  rate_power: 30.165315495219748
  t_dur: 2.0366885171871507
  t_in: 17.917717969125842
  t_ter: 7.615895957320309
