wash:
  rate_power: 35.28576219991394
  t_dur: 2.054164000811003
  t_in: 17.79210356841054
  t_ter: 7.089973492883786
