wash:
  rate_power: 36.86668933369063
  t_dur: 2.074468535296476
  t_in: 21.09715068932184
  t_ter: 6.980406888657921
