wash:
  rate_power: 29.383983388288428
  t_dur: 2.2942875024855156
  t_in: 18.105593020891046
  t_ter: 7.6888791558910725
