wash:
  rate_power: 42.25043718421432
  t_dur: 1.9940372892776896
  t_in: 16.29228403044565
  t_ter: 8.564160246769731
