wash:
  rate_power: 35.97902180352455
  t_dur: 2.0902549203625425
  t_in: 18.358057660491887
  t_ter: 8.52005571815277
