wash:
  rate_power: 34.11710424656847
  t_dur: 2.1618785261238593
  t_in: 19.09874112500222
  t_ter: 6.0225149658266455
