wash:
  rate_power: 32.291113958270806
  t_dur: 2.0021821579528303
  t_in: 21.75748173587203
  t_ter: 7.969973810363199
