wash:
  rate_power: 33.30075263316659
  t_dur: 2.178577663755556
  t_in: 20.38195368126455
  t_ter: 7.837531473586984
