wash:
  rate_power: 32.08319992796117
  t_dur: 1.898917664200819
  t_in: 21.425071502615985
  t_ter: 7.800394249295825
