wash:
  rate_power: 36.72004718357819
  t_dur: 1.9291411879557847
  t_in: 20.77657397578057
  t_ter: 7.765269400098894
