wash:
  rate_power: 29.906520118469533
  t_dur: 1.7197110400724265
  t_in: 16.72854012287866
  t_ter: 8.670401307844854
