wash:
  rate_power: 30.93528027963405
  t_dur: 2.0144591229224944
  t_in: 18.25790679726249
  t_ter: 7.665249964149367
