wash:
  rate_power: 30.614772419887792
  t_dur: 1.983121670747516
  t_in: 19.400085377637723
  t_ter: 7.966929034010448
