wash:
  rate_power: 40.42213039263223
  t_dur: 2.008152054860949
  t_in: 21.4360442422994
  t_ter: 7.425691902101835
