wash:
  rate_power: 32.488631700197516
  t_dur: 2.358292718417419
  t_in: 23.203052389906173
  t_ter: 6.552259584677837
