wash:
  rate_power: 28.767294184175643
  t_dur: 2.1196392444650405
  t_in: 21.923175719201073
  t_ter: 7.643774785581185
