wash:
  rate_power: 34.329274318661135
  t_dur: 1.8582652928238057
  t_in: 19.856102047521446
  t_ter: 7.425684189485002
