wash:
  rate_power: 32.043515804730916
  t_dur: 2.154999507259547
  t_in: 18.991321161659847
  t_ter: 7.207417930805155
