wash:
  rate_power: 36.419124197887136
  t_dur: 2.1762487134798563
  t_in: 19.25114111679947
  t_ter: 7.341567360983572
