wash:
  rate_power: 32.544529705210444
  t_dur: 1.7458392892188392
  t_in: 20.810712619862862
  t_ter: 7.229717762703533
