wash:
  rate_power: 29.99478069960599
  t_dur: 2.0546386445849767
  t_in: 19.06114385372549
  t_ter: 7.100404543094805
