wash:
  rate_power: 31.17286114190745
  t_dur: 1.696040477381946
  t_in: 22.40570628336141
  t_ter: 7.335138755976639
