wash:
  rate_power: 35.11587009905978
  t_dur: 2.0052772800869216
  t_in: 19.41949889566515
  t_ter: 9.624944043782486
