wash:
  rate_power: 41.54322718010416
  t_dur: 2.3001836948432235
  t_in: 21.716056292855434
  t_ter: 8.548982735867328
