wash:
  rate_power: 35.659145894111134
  t_dur: 1.6236433386111633
  t_in: 18.65992725941163
  t_ter: 8.343263530632534
