wash:
  rate_power: 33.37298822687298
  t_dur: 2.125807583659512
  t_in: 17.935739471781105
  t_ter: 7.431068056714453
