wash:
  rate_power: 29.593700848438775
  t_dur: 2.094965271543265
  t_in: 19.951346864381566
  t_ter: 7.3251628978821
