wash:
  rate_power: 34.80775586765722
  t_dur: 1.9976345902729058
  t_in: 21.439770684974356
  t_ter: 8.339542924507624
