wash:
  rate_power: 30.77334870527825
  t_dur: 1.8987370782607145
  t_in: 17.47466218931496
  t_ter: 8.745689490171833
