wash:
  rate_power: 31.407986486140278
  t_dur: 2.0648089169135218
  t_in: 21.83883870069163
  t_ter: 7.882963453484169
