wash:
  rate_power: 29.451438777273143
  t_dur: 1.6732988153827382
  t_in: 15.525652167776299
  t_ter: 7.626354367835902
