wash:
  rate_power: 34.93733855684226
  t_dur: 2.216836546198791
  t_in: 20.324267159863115
  t_ter: 8.732551666602678
