wash:
  rate_power: 36.39905111346564
  t_dur: 1.841966058933644
  t_in: 18.97449458187141
  t_ter: 7.8628524562394455
