wash:
  rate_power: 35.060236767598354
  t_dur: 2.032572613565933
  t_in: 18.197443320990484
  t_ter: 7.716230375029348
