wash:
  rate_power: 35.363724178278844
  t_dur: 1.8743518456849675
  t_in: 15.715343992014684
  t_ter: 8.604753139904803
