wash:
  rate_power: 33.55097933835403
  t_dur: 1.8348654402922284
  t_in: 18.736870405439838
  t_ter: 9.971556147721259
