wash:
  rate_power: 37.665009127982906
  t_dur: 1.941430800607619
  t_in: 19.462187131236437
  t_ter: 6.955195166827848
