wash:
  rate_power: 38.00360854285725
  t_dur: 2.0958685309630996
  t_in: 20.29166366787115
  t_ter: 10.142214541636903
