wash:
  rate_power: 31.630511932855953
  t_dur: 1.90599094533629
  t_in: 19.205867763400843
  t_ter: 7.830091033266944
