wash:
  rate_power: 36.90939083112108
  t_dur: 1.8422903917461813
  t_in: 17.09078294773374
  t_ter: 7.54642998094526
