wash:
  rate_power: 31.334549525825004
  t_dur: 2.0722761313682057
  t_in: 25.845711388539744
  t_ter: 8.851498946183643
