wash:
  rate_power: 36.19038747236178
  t_dur: 2.2554234860931097
  t_in: 20.988433099131047
  t_ter: 6.616537314469979
