wash:
  rate_power: 34.97576360355908
  t_dur: 2.2070695146601884
  t_in: 19.74337793152943
  t_ter: 8.997058780351738
