wash:
  rate_power: 39.55662801631504
  t_dur: 2.022096925084287
  t_in: 20.779957852925833
  t_ter: 7.720735740509371
