wash:
  rate_power: 35.109660729203796
  t_dur: 2.058665867406359
  t_in: 17.194368812321304
  t_ter: 7.594587260124338
