wash:
  rate_power: 31.084766604822946
  t_dur: 1.9609330539884737
  t_in: 22.10009692046521
  t_ter: 7.807815086610326
