wash:
  rate_power: 25.401555175891435
  t_dur: 1.779933972423502
  t_in: 19.31850993804228
  t_ter: 7.272075332155524
