wash:
  rate_power: 31.775949083800054
  t_dur: 2.0383552081478604
  t_in: 19.545893752867993
  t_ter: 7.817758147491745
