wash:
  rate_power: 40.96036843549638
  t_dur: 1.8745800976996565
  t_in: 17.117850978829658
  t_ter: 6.876491671140816
