wash:
  rate_power: 35.82954956201416
  t_dur: 1.977537992389836
  t_in: 18.77487527302307
  t_ter: 7.476422302971288
