wash:
  rate_power: 34.472862560393345
  t_dur: 2.138791446750857
  t_in: 21.389334092837917
  t_ter: 7.18694043889794
