wash:
  rate_power: 32.12276628189904
  t_dur: 2.0239836646102103
  t_in: 19.29724567510182
  t_ter: 7.948603338180941
