wash:
  rate_power: 41.9939110220844
  t_dur: 2.038104690879982
  t_in: 19.315124895692065
  t_ter: 8.738943272602388
