wash:
  rate_power: 31.226296580047833
  t_dur: 1.9012183055352474
  t_in: 19.248999148939713
  t_ter: 7.719515972866467
