wash:
  rate_power: 34.36265075811223
  t_dur: 2.1317438136317057
  t_in: 19.47004168565047
  t_ter: 6.447026524612948
