wash:
  rate_power: 34.9617317136084
  t_dur: 1.7573536483307401
  t_in: 23.181700556724465
  t_ter: 8.101816474540811
