wash:
  rate_power: 35.324262812941924
  t_dur: 1.9911331618021013
  t_in: 20.794549926290554
  t_ter: 7.90623604606665
