wash:
  rate_power: 34.171015997189215
  t_dur: 2.1644317381584095
  t_in: 15.483559992383546
  t_ter: 9.52470148961708
