wash:
  rate_power: 31.24325220574113
  t_dur: 1.8725342668717508
  t_in: 20.394311001010824
  t_ter: 8.095229684508737
