wash:
  rate_power: 33.651963830555275
  t_dur: 2.1267183083754784
  t_in: 23.70271351390766
  t_ter: 8.600297359057777
