wash:
  rate_power: 35.170978294745304
  t_dur: 2.2874291353668896
  t_in: 20.29038347272389
  t_ter: 8.49313675522651
