wash:
  rate_power: 34.02182797927093
  t_dur: 1.6904751465058667
  t_in: 19.449164474109995
  t_ter: 8.047092957876279
