wash:
  rate_power: 26.388923534137007
  t_dur: 1.6352855642724553
  t_in: 17.55836271223622
  t_ter: 7.57148885095417
