wash:
  rate_power: 28.230320465675824
  t_dur: 1.904748139433234
  t_in: 22.29128495045854
  t_ter: 6.988162860095907
