wash:
  rate_power: 36.19126167193596
  t_dur: 2.157392139232524
  t_in: 21.577840680700653
  t_ter: 7.217437094560072
