wash:
  rate_power: 32.31237271578502
  t_dur: 2.1093604599866254
  t_in: 21.750261198971373
  t_ter: 7.59079883766635
