wash:
  rate_power: 32.587243844436486
  t_dur: 2.186357414169481
  t_in: 18.575258755481496
  t_ter: 6.978859846936968
