wash:
  rate_power: 33.38708909157536
  t_dur: 1.5314927773896532
  t_in: 20.17971961882472
  t_ter: 7.914842650847762
