wash:
  rate_power: 37.00512992297932
  t_dur: 1.7834414717964153
  t_in: 18.29919501584708
  t_ter: 8.005739061315992
