wash:
  rate_power: 33.22746571294178
  t_dur: 2.085604481550511
  t_in: 17.309186131732524
  t_ter: 8.559020768302686
