wash:
  rate_power: 34.1308607527043
  t_dur: 1.8682927921608967
  t_in: 19.257178624896557
  t_ter: 7.854178718591253
