wash:
  rate_power: 32.057921896685535
  t_dur: 2.1983858787533523
  t_in: 20.75844070487775
  t_ter: 7.724237102202389
