wash:
  rate_power: 35.8790171520449
  t_dur: 1.9577571385789256
  t_in: 22.283935735983704
  t_ter: 6.599771067373284
