wash:
  rate_power: 33.478990766450444
  t_dur: 2.491306151650304
  t_in: 18.40994619246957
  t_ter: 7.536213391585811
