wash:
  rate_power: 30.162170430254026
  t_dur: 1.9748378487575493
  t_in: 18.112802747493273
  t_ter: 7.251194436722012
