wash:
  rate_power: 24.960236599513287
  t_dur: 2.1864891213315008
  t_in: 18.482029031735006
  t_ter: 7.472553272242541
