wash:
  rate_power: 36.37286706341151
  t_dur: 2.3746405265309156
  t_in: 16.56585598971367
  t_ter: 7.08534650399423
