wash:
  rate_power: 35.05669888903249
  t_dur: 2.374464627047291
  t_in: 20.360202977348656
  t_ter: 6.622323958201354
