wash:
  rate_power: 35.15161961318131
  t_dur: 1.8017754641206143
  t_in: 16.848223838012146
  t_ter: 7.324370451490335
