wash:
  rate_power: 25.142875887398382
  t_dur: 2.2188015046146323
  t_in: 18.113478980402054
  t_ter: 7.200362740599464
