wash:
  rate_power: 39.4892470969768
  t_dur: 1.8333180771039799
  t_in: 17.95774786490043
  t_ter: 7.2403786592901165
