wash:
  rate_power: 30.136594174857414
  t_dur: 1.8308410946467677
  t_in: 16.82313211636586
  t_ter: 8.700189135802143
