wash:
  rate_power: 33.90942238738284
  t_dur: 2.1763311811336274
  t_in: 22.0860515678011
  t_ter: 9.085888476728671
