wash:
  rate_power: 34.64048735951512
  t_dur: 2.399522953904373
  t_in: 17.289015182340435
  t_ter: 6.1930074000757065
