wash:
  rate_power: 36.017061306061144
  t_dur: 1.7614083866141432
  t_in: 20.599629129783416
  t_ter: 7.654723332056906
