wash:
  rate_power: 34.37772381741189
  t_dur: 1.9372009352937574
  t_in: 16.230421650070575
  t_ter: 9.001945458403595
