wash:
  rate_power: 39.0185052997999
  t_dur: 2.0589960133499776
  t_in: 20.23493049410574
  t_ter: 7.25788882124027
