wash:
  rate_power: 37.47724592852971
  t_dur: 2.3980682749023736
  t_in: 21.114127264437638
  t_ter: 8.148637985017245
