wash:
  rate_power: 35.37498551478486
  t_dur: 2.1528556377878667
  t_in: 16.663605437165565
  t_ter: 7.932230473833081
