wash:
  rate_power: 31.78825333556133
  t_dur: 1.9482676410535082
  t_in: 17.722854549086176
  t_ter: 8.492155761695457
