wash:
  rate_power: 32.34193618671461
  t_dur: 2.011633865565772
  t_in: 16.56976459041762
  t_ter: 7.614416351846679
