wash:
  rate_power: 29.685302957549982
  t_dur: 2.49926365924888
  t_in: 20.835058799240997
  t_ter: 6.964204730591255
