wash:
  rate_power: 31.708759572645114
  t_dur: 1.7217881004845703
  t_in: 18.643166473249455
  t_ter: 7.887181238120019
