wash:
  rate_power: 36.95579140026127
  t_dur: 2.3577234284165636
  t_in: 22.955811763575877
  t_ter: 8.921789717292038
