wash:
  rate_power: 32.08764048371754
  t_dur: 2.1753178240697024
  t_in: 21.650443173550798
  t_ter: 6.4347938847388075
