wash:
  rate_power: 35.71967118859803
  t_dur: 1.6069810956807833
  t_in: 22.136094532517852
  t_ter: 7.482337514173948
