wash:
  rate_power: 30.059975202352213
  t_dur: 1.8646506125354807
  t_in: 19.916746292886547
  t_ter: 6.1893580660166085
