wash:
  rate_power: 32.586333389347814
  t_dur: 2.069920427131984
  t_in: 20.05141354838238
  t_ter: 6.386315484601203
