wash:
  rate_power: 32.826975358863216
  t_dur: 2.0842090511311437
  t_in: 18.387596267030887
  t_ter: 7.107122559956786
