wash:
  rate_power: 36.57493387712331
  t_dur: 2.0872965447874923
  t_in: 20.759614507999803
  t_ter: 7.222555106722348
