wash:
  rate_power: 32.87583529001426
  t_dur: 2.067556863799262
  t_in: 17.270426830121245
  t_ter: 7.535112642693141
