wash:
  rate_power: 28.421358700030357
  t_dur: 2.228881698885169
  t_in: 16.11228674212814
  t_ter: 8.342911490145513
