wash:
  rate_power: 31.676958777827668
  t_dur: 2.46243757652608
  t_in: 16.313296785912698
  t_ter: 7.235303752342396
