wash:
  rate_power: 35.656836757953215
  t_dur: 2.121728044123035
  t_in: 16.563221852864046
  t_ter: 8.2977099289901
