wash:
  rate_power: 33.819024288060604
  t_dur: 2.2826182006295452
  t_in: 20.763321545502304
  t_ter: 7.852825851535896
