wash:
  rate_power: 38.00457063706593
  t_dur: 2.028599471785481
  t_in: 14.689027762606822
  t_ter: 7.54030588371828
