wash:
  rate_power: 28.72682497766646
  t_dur: 1.9956183957084457
  t_in: 15.047458018580006
  t_ter: 7.1428481038061
