wash:
  rate_power: 33.40665062674421
  t_dur: 2.1963522878789528
  t_in: 18.32362835504452
  t_ter: 8.574082317051829
