wash:
  rate_power: 33.844911709294706
  t_dur: 1.951164835402873
  t_in: 20.534827755079302
  t_ter: 7.753576265973692
