wash:
  rate_power: 35.561301274510235
  t_dur: 2.2869371454549126
  t_in: 19.474988719698157
  t_ter: 8.232881464669854
