wash:
  rate_power: 34.917398735596116
  t_dur: 1.8344862441609728
  t_in: 17.827606084485826
  t_ter: 9.043033631339927
