wash:
  rate_power: 39.22901059694245
  t_dur: 2.348200983983804
  t_in: 18.275670092529484
  t_ter: 9.795720255041116
