wash:
  rate_power: 36.312654103724434
  t_dur: 2.0384749668507736
  t_in: 19.400315727624506
  t_ter: 8.169958062849853
