wash:
  rate_power: 33.637872320770896
  t_dur: 2.3000472047756033
  t_in: 20.080902183879317
  t_ter: 9.17099926361986
