wash:
  rate_power: 38.86189952176582
  t_dur: 1.8007278186404874
  t_in: 17.494677258990567
  t_ter: 6.455720566108028
