wash:
  rate_power: 41.96079517837938
  t_dur: 2.047421937576174
  t_in: 19.10605280036911
  t_ter: 8.246970458983904
