wash:
  rate_power: 37.92731511872406
  t_dur: 2.28195437932888
  t_in: 20.088583120333023
  t_ter: 7.7268230167868595
