wash:
  rate_power: 32.23702230911036
  t_dur: 1.8987211480255075
  t_in: 14.027070598091836
  t_ter: 9.005802351999638
