wash:
  rate_power: 30.343198198275765
  t_dur: 1.74106752766036
  t_in: 19.287827743292222
  t_ter: 7.287476636511769
