wash:
  rate_power: 31.998509070247202
  t_dur: 1.8618993064435776
  t_in: 16.89659407421181
  t_ter: 6.507479982208474
