wash:
  rate_power: 30.796319834015847
  t_dur: 1.9903441547293035
  t_in: 18.969867000193055
  t_ter: 8.05340182646166
