wash:
  rate_power: 41.17121548063591
  t_dur: 1.9921280047169405
  t_in: 16.374907577193976
  t_ter: 7.4886236150171746
