wash:
  rate_power: 35.74334004942843
  t_dur: 2.1485561492338077
  t_in: 20.897623830339608
  t_ter: 8.044343830623397
