wash:
  rate_power: 39.34349417581223
  t_dur: 2.0568454584164773
  t_in: 20.70451270673865
  t_ter: 7.877061158086541
