wash:
  rate_power: 36.30980460906636
  t_dur: 2.3663194681254214
  t_in: 17.45257796720584
  t_ter: 7.1447551232148845
