wash:
  rate_power: 42.11204078810209
  t_dur: 2.3311390639982044
  t_in: 19.047666143340358
  t_ter: 8.395843554391611
