wash:
  rate_power: 34.58731273093702
  t_dur: 2.1860405489382977
  t_in: 18.905468497973743
  t_ter: 6.811778877894594
