wash:
  rate_power: 36.55174049936475
  t_dur: 1.9154274565117877
  t_in: 20.160813887195022
  t_ter: 7.644175158057089
