wash:
  rate_power: 36.57128179372419
  t_dur: 1.9396505049890298
  t_in: 19.261441449339696
  t_ter: 8.397490020358719
