wash:
  rate_power: 32.23200772966826
  t_dur: 1.8065423927232538
  t_in: 19.106457585060532
  t_ter: 8.87945626812525
