wash:
  rate_power: 31.684477368322934
  t_dur: 1.8727515951590756
  t_in: 18.33609366760247
  t_ter: 7.6582801039823485
