wash:
  rate_power: 30.95655701159102
  t_dur: 1.8596607878281772
  t_in: 19.738497337753778
  t_ter: 7.1337999264388054
