wash:
  rate_power: 31.837101866640293
  t_dur: 2.011808174327728
  t_in: 16.41983106190754
  t_ter: 8.015560284783431
