wash:
  rate_power: 37.76024041747504
  t_dur: 2.310528161239557
  t_in: 19.621344323304395
  t_ter: 7.114601957777543
