wash:
  rate_power: 35.133042535506206
  t_dur: 1.9688312509148207
  t_in: 22.849301119916113
  t_ter: 8.04299681958943
