wash:
  rate_power: 37.207310934307344
  t_dur: 1.988302584886786
  t_in: 20.23639253394769
  t_ter: 7.266004837606209
