wash:
  rate_power: 34.78371000027378
  t_dur: 2.1489046970088506
  t_in: 21.757670087992825
  t_ter: 8.686323615602754
