wash:
  rate_power: 37.746257551638486
  t_dur: 1.9615339857676348
  t_in: 17.08810167415048
  t_ter: 9.052893330913484
