wash:
  rate_power: 43.13946095458859
  t_dur: 1.986869374578378
  t_in: 18.25071023206467
  t_ter: 7.62835479414093
