wash:
  rate_power: 32.92538128630621
  t_dur: 2.328183965043844
  t_in: 15.944149935196645
  t_ter: 7.581096685343127
