wash:
  rate_power: 37.03661894095073
  t_dur: 1.8288968900172402
  t_in: 20.758412895205822
  t_ter: 7.364428586093599
