wash:
  rate_power: 35.0120777203857
  t_dur: 1.9295590964064766
  t_in: 20.16931352804144
  t_ter: 7.730834909283774
