wash:
  rate_power: 25.180582390615097
  t_dur: 2.2471624765349967
  t_in: 21.145896408796833
  t_ter: 8.422926321157474
