wash:
  rate_power: 36.54663847740943
  t_dur: 1.7289627416109312
  t_in: 22.592656926551637
  t_ter: 9.034728283809386
