wash:
  rate_power: 36.729066967695346
  t_dur: 2.002863415766534
  t_in: 19.350576761038813
  t_ter: 6.758511985578889
