wash:
  rate_power: 33.57903223981991
  t_dur: 2.193448247877493
  t_in: 17.607221243345343
  t_ter: 8.55233355236118
