wash:
  rate_power: 41.8493506663993
  t_dur: 2.3543419964342656
  t_in: 21.63577016048886
  t_ter: 7.235542555552137
