wash:
  rate_power: 33.033501772353915
  t_dur: 1.8690644137159154
  t_in: 20.54954122310285
  t_ter: 6.372269106843841
