wash:
  rate_power: 33.749373820723854
  t_dur: 2.112524312635535
  t_in: 22.864161612239574
  t_ter: 8.122195151242066
