wash:
  rate_power: 32.30047639262899
  t_dur: 1.8903960416379146
  t_in: 20.04370036057551
  t_ter: 6.776535827026663
