wash:
  rate_power: 32.25558845353928
  t_dur: 2.291145774759465
  t_in: 16.16893854251502
  t_ter: 7.370336543404618
