wash:
  rate_power: 36.58718318504719
  t_dur: 2.116962370156635
  t_in: 20.177600133594353
  t_ter: 7.772703146035267
