wash:
  rate_power: 35.350439314435434
  t_dur: 2.3298617738343386
  t_in: 19.690081046275232
  t_ter: 8.868985899652934
