wash:
  rate_power: 31.267546068487086
  t_dur: 1.6165000075591713
  t_in: 16.02633855857348
  t_ter: 7.6060304496502225
