wash:
  rate_power: 35.059806148166835
  t_dur: 2.1731335678225876
  t_in: 18.113997611073966
  t_ter: 7.214061243878715
