wash:
  rate_power: 32.9642409096607
  t_dur: 1.8796316978691188
  t_in: 17.901704703267182
  t_ter: 6.561966933779012
