wash:
  rate_power: 30.41712696714264
  t_dur: 2.1036354957489833
  t_in: 21.442111219318843
  t_ter: 7.85288326227416
