wash:
  rate_power: 29.310860958458825
  t_dur: 2.200248729593652
  t_in: 18.21208365717924
  t_ter: 6.617848638764781
