wash:
  rate_power: 36.402978945945485
  t_dur: 2.104792932059941
  t_in: 20.582311181352118
  t_ter: 9.330837930863702
