wash:
  rate_power: 35.97944426750805
  t_dur: 1.9836122202670148
  t_in: 18.271494352539165
  t_ter: 7.332535737411419
