wash:
  rate_power: 33.61427656605469
  t_dur: 1.6708681791669127
  t_in: 19.062673056570507
  t_ter: 7.861832924925449
