wash:
  rate_power: 30.179555362416526
  t_dur: 2.1216109060123602
  t_in: 17.30994175401484
  t_ter: 7.8593132161508
