wash:
  rate_power: 32.4111395236399
  t_dur: 2.1729154763610348
  t_in: 21.013790129710777
  t_ter: 6.79119870068268
