wash:
  rate_power: 31.73944750321131
  t_dur: 1.8384222063920015
  t_in: 22.493942444563167
  t_ter: 7.216183636220154
