wash:
  rate_power: 35.247469554931925
  t_dur: 2.2827077289077904
  t_in: 16.41698226609671
  t_ter: 7.454504341245767
