wash:
  rate_power: 22.954662796896855
  t_dur: 2.063572759185952
  t_in: 18.098199622914592
  t_ter: 7.404416977114243
