wash:
  rate_power: 39.8528679027789
  t_dur: 1.9196291151722846
  t_in: 17.649255297176843
  t_ter: 7.180701164732561
