wash:
  rate_power: 39.204865670416616
  t_dur: 2.1926629382968272
  t_in: 16.876167981388715
  t_ter: 7.814421475931873
