wash:
  rate_power: 35.6948081998665
  t_dur: 2.011576560984205
  t_in: 21.268654762267037
  t_ter: 8.004181578688526
