wash:
  rate_power: 37.55267063606857
  t_dur: 1.7462817265272363
  t_in: 19.9456166615905
  t_ter: 8.042709843480562
