wash:
  rate_power: 29.410132588530395
  t_dur: 2.0534354373480994
  t_in: 22.231785947790005
  t_ter: 8.487166113345994
