wash:
  rate_power: 37.16783994994002
  t_dur: 2.1147932681474115
  t_in: 22.24603176804644
  t_ter: 7.7701392579889035
