wash:
  rate_power: 32.50603247223179
  t_dur: 1.8368871921036427
  t_in: 17.68342565612968
  t_ter: 7.291413174919818
