wash:
  rate_power: 33.056976505790516
  t_dur: 2.5110154193932552
  t_in: 20.286983541130596
  t_ter: 6.953245994494192
