wash:
  rate_power: 32.37198893018771
  t_dur: 2.1731407044659656
  t_in: 21.566448865425617
  t_ter: 7.393617329323843
