wash:
  rate_power: 38.04558191642139
  t_dur: 1.8636681552692442
  t_in: 20.064435378914204
  t_ter: 6.8111164250295335
