wash:
  rate_power: 35.28973689330178
  t_dur: 1.9976593064287143
  t_in: 20.63117778668602
  t_ter: 8.103914474770384
