wash:
  rate_power: 32.65044814092988
  t_dur: 1.6485984929214372
  t_in: 18.63012906783508
  t_ter: 6.714889533687948
