wash:
  rate_power: 37.72821769652114
  t_dur: 1.8081498520914758
  t_in: 18.948718817455404
  t_ter: 7.677103580461355
