wash:
  rate_power: 29.89915403324864
  t_dur: 2.1481234456661413
  t_in: 19.907001292348152
  t_ter: 8.503811595205477
