wash:
  rate_power: 28.59610893209254
  t_dur: 1.8750736722540433
  t_in: 20.767368063414395
  t_ter: 7.065677159679005
