wash:
  rate_power: 32.56109045450303
  t_dur: 2.275721484153703
  t_in: 20.583368694949044
  t_ter: 9.618050073530872
