wash:
  rate_power: 34.426763180524
  t_dur: 2.05821028757497
  t_in: 18.50163782357605
  t_ter: 7.505152110351195
