wash:
  rate_power: 32.377473715360786
  t_dur: 2.0507272862395207
  t_in: 21.152695241589345
  t_ter: 7.305445470904582
