wash:
  rate_power: 35.74794460205633
  t_dur: 1.8763405675911107
  t_in: 17.575175838379092
  t_ter: 7.327693055440931
