wash:
  rate_power: 38.77362751135468
  t_dur: 2.270895109993193
  t_in: 19.781788451672302
  t_ter: 7.055068266993072
