wash:
  rate_power: 31.789805933708593
  t_dur: 2.2064382424900386
  t_in: 18.149460313966845
  t_ter: 7.346681447843399
