wash:
  rate_power: 34.91636850159435
  t_dur: 2.034880361568125
  t_in: 22.90347871492945
  t_ter: 7.8346172765085385
