wash:
  rate_power: 38.19720743505031
  t_dur: 1.8701484472481973
  t_in: 19.30773898464521
  t_ter: 7.3043174772458235
