wash:
  rate_power: 31.51703420258274
  t_dur: 2.7527638938450973
  t_in: 19.78323845841342
  t_ter: 7.384827077143918
