wash:
  rate_power: 33.39113379450527
  t_dur: 1.9924115086122092
  t_in: 18.446763335845745
  t_ter: 7.25398226726602
