wash:
  rate_power: 40.03693572988975
  t_dur: 2.010728470959829
  t_in: 22.10853956823306
  t_ter: 7.984098269431967
