wash:
  rate_power: 35.34897135499937
  t_dur: 2.120411099859353
  t_in: 16.417878469170827
  t_ter: 7.487178968385709
