wash:
  rate_power: 30.99595129262355
  t_dur: 1.9336564924644644
  t_in: 17.872887531019646
  t_ter: 8.116370278451344
