wash:
  rate_power: 33.69977387076489
  t_dur: 2.121554910226476
  t_in: 18.778890726049145
  t_ter: 7.645172788048249
