wash:
  rate_power: 34.235571450815655
  t_dur: 1.5725700864707468
  t_in: 16.408428337943345
  t_ter: 8.053425734068487
