wash:
  rate_power: 34.22106549724656
  t_dur: 2.299590441255714
  t_in: 16.036044230017083
  t_ter: 8.717602096731495
