wash:
  rate_power: 29.3208354541861
  t_dur: 2.2092886709645403
  t_in: 20.36154805709554
  t_ter: 7.0022288886792605
