wash:
  rate_power: 33.95963919371772
  t_dur: 1.980028268986151
  t_in: 21.22933123501546
  t_ter: 7.604815482463305
