wash:
  rate_power: 37.565094514563505
  t_dur: 2.4604523947075982
  t_in: 21.054604551767316
  t_ter: 7.138807688359229
