wash:
  rate_power: 30.75082353853768
  t_dur: 1.989500628228426
  t_in: 17.4580417241407
  t_ter: 6.73551217725439
