wash:
  rate_power: 30.732414364253206
  t_dur: 1.5849031601600378
  t_in: 18.070833099815754
  t_ter: 7.876835792338101
