wash:
  rate_power: 33.93097249492787
  t_dur: 2.364428621191117
  t_in: 21.18897956442603
  t_ter: 6.3747000962519005
