wash:
  rate_power: 34.570268721501215
  t_dur: 1.9421244222719487
  t_in: 20.079191873498818
  t_ter: 7.737660800222515
