wash:
  rate_power: 37.98615402682858
  t_dur: 2.3782707282086943
  t_in: 17.328878457391262
  t_ter: 9.741855029694937
