wash:
  rate_power: 33.39945014711623
  t_dur: 2.0369499865085787
  t_in: 20.304009679924047
  t_ter: 7.529820808823113
