wash:
  rate_power: 30.837308083017064
  t_dur: 2.282372218715126
  t_in: 18.932028515208906
  t_ter: 7.692467913818388
