wash:
  rate_power: 32.28821320066382
  t_dur: 1.7080237906414468
  t_in: 20.29709004714153
  t_ter: 8.598603416261552
