wash:
  rate_power: 29.12959446798478
  t_dur: 2.044414678510527
  t_in: 19.296263175400586
  t_ter: 6.911303384463735
