wash:
  rate_power: 42.32292164827439
  t_dur: 1.9013398634006762
  t_in: 23.22471406550554
  t_ter: 7.740979111145015
