wash:
  rate_power: 36.00545719840285
  t_dur: 2.1603331879528715
  t_in: 20.47601004040868
  t_ter: 7.860895530254231
