wash:
  rate_power: 29.935843498675933
  t_dur: 1.8831126311474613
  t_in: 18.874792983606252
  t_ter: 6.2792084997732625
