wash:
  rate_power: 31.787662299152213
  t_dur: 2.181081093765657
  t_in: 19.47956769083878
  t_ter: 8.079134890298299
