wash:
  rate_power: 36.234235374063914
  t_dur: 1.6866422342703833
  t_in: 18.87836371639171
  t_ter: 8.057146016343532
