wash:
  rate_power: 31.476638764548067
  t_dur: 1.8596511990427682
  t_in: 17.060610458902516
  t_ter: 7.195074091087755
