wash:
  rate_power: 33.345577035889754
  t_dur: 2.183001595548553
  t_in: 19.549519166945096
  t_ter: 9.404352046966276
