wash:
  rate_power: 28.76398469866397
  t_dur: 2.1368998459902575
  t_in: 17.926060081696246
  t_ter: 6.973425892204453
