wash:
  rate_power: 35.96984105879384
  t_dur: 1.88732603088464
  t_in: 19.296538133175446
  t_ter: 8.835722491036622
