wash:
  rate_power: 29.809112111056145
  t_dur: 1.9862962339084937
  t_in: 21.469337519049443
  t_ter: 8.512632712691488
