wash:
  rate_power: 38.21214156547535
  t_dur: 2.4257252598770225
  t_in: 21.054073494821555
  t_ter: 8.807481588245968
