wash:
  rate_power: 34.52950865174921
  t_dur: 2.2142493725693377
  t_in: 17.043511855612238
  t_ter: 7.469275668901517
