wash:
  rate_power: 34.9968759060907
  t_dur: 1.7271399441663335
  t_in: 21.271591735684325
  t_ter: 7.813476605696232
