wash:
  rate_power: 37.46093203509032
  t_dur: 1.9459361968370905
  t_in: 21.382987433413337
  t_ter: 7.435737721112424
