wash:
  rate_power: 29.0269306912686
  t_dur: 1.9186995440944656
  t_in: 15.523338213500054
  t_ter: 6.596939305500014
