wash:
  rate_power: 30.871046010041155
  t_dur: 2.053651713180989
  t_in: 18.77879091007278
  t_ter: 7.752429042441467
