wash:
  rate_power: 37.18556913376353
  t_dur: 1.3521669945463346
  t_in: 18.36347011179567
  t_ter: 7.7351703994743675
