wash:
  rate_power: 37.983227179644146
  t_dur: 1.9886168123025492
  t_in: 17.685698181910002
  t_ter: 7.652466809029004
