wash:
  rate_power: 32.728694997352044
  t_dur: 1.954182932641453
  t_in: 16.573637466927696
  t_ter: 7.1234645446556
