wash:
  rate_power: 34.546590308705376
  t_dur: 2.1011479641678603
  t_in: 18.971824418525927
  t_ter: 7.269580308480815
