wash:
  rate_power: 25.201592614207403
  t_dur: 2.047495794949537
  t_in: 17.133906894148414
  t_ter: 7.443187483934753
