wash:
  rate_power: 35.836556393622885
  t_dur: 2.1774224454282636
  t_in: 19.406207908521154
  t_ter: 7.4350786143433245
