wash:
  rate_power: 29.740487883630433
  t_dur: 1.8397614038579857
  t_in: 21.388599627168087
  t_ter: 7.266931000458883
