wash:
  rate_power: 35.36909337550381
  t_dur: 2.021772427394278
  t_in: 20.718974319135963
  t_ter: 5.4315402070081165
