wash:
  rate_power: 29.398202699544665
  t_dur: 2.3097678483419326
  t_in: 18.70826318421838
  t_ter: 6.505568706385592
