wash:
  rate_power: 34.444721671409546
  t_dur: 2.161155399506013
  t_in: 22.15719363538959
  t_ter: 8.681084136423275
