wash:
  rate_power: 38.013757884077876
  t_dur: 2.348527403028879
  t_in: 18.79507532002086
  t_ter: 8.271942627865092
