wash:
  rate_power: 34.95780252459102
  t_dur: 1.4827315671912669
  t_in: 19.836589419923655
  t_ter: 7.926206903262835
