wash:
  rate_power: 36.22209745477191
  t_dur: 1.8087288060096804
  t_in: 23.780969994830265
  t_ter: 8.130018894530002
