wash:
  rate_power: 33.077150545722844
  t_dur: 2.419501093555282
  t_in: 20.914714563840022
  t_ter: 8.026438813547108
