wash:
  rate_power: 37.01057649374962
  t_dur: 1.965848187170861
  t_in: 17.558766835254616
  t_ter: 7.121712478742883
