wash:
  rate_power: 33.766547903283865
  t_dur: 1.7921228055079153
  t_in: 16.98980413085319
  t_ter: 5.431361800094203
