wash:
  rate_power: 37.412052766981994
  t_dur: 2.040014870339399
  t_in: 16.82144563195768
  t_ter: 6.680918489600777
