wash:
  rate_power: 38.83180901826183
  t_dur: 2.122929413587562
  t_in: 21.657110042514855
  t_ter: 6.3931683431987105
