wash:
  rate_power: 36.81284794003875
  t_dur: 2.686837143272731
  t_in: 22.25450815096442
  t_ter: 7.497812705779934
