wash:
  rate_power: 38.09690198255629
  t_dur: 2.1685097722204385
  t_in: 21.181382066573555
  t_ter: 6.182491470219493
