wash:
  rate_power: 40.167337730960114
  t_dur: 1.9660478875040883
  t_in: 19.76081274067628
  t_ter: 8.302834488418917
