wash:
  rate_power: 34.939503370451206
  t_dur: 2.2772729297938867
  t_in: 22.028001149883732
  t_ter: 6.62354326276555
