wash:
  rate_power: 31.555250080985854
  t_dur: 2.4575063953728975
  t_in: 18.234605219068378
  t_ter: 7.690225900061105
