wash:
  rate_power: 35.343924052021926
  t_dur: 2.209841643147154
  t_in: 17.870729390619285
  t_ter: 7.800038014294929
