wash:
  rate_power: 34.77581257584646
  t_dur: 1.9405003135214427
  t_in: 19.67497128814921
  t_ter: 8.035385154013825
