wash:
  rate_power: 32.48755539243528
  t_dur: 2.1615790596453817
  t_in: 18.341414090674046
  t_ter: 7.112567921677589
