wash:
  rate_power: 38.21517000539784
  t_dur: 1.7868961879720273
  t_in: 20.300414847721427
  t_ter: 8.184896464521058
