wash:
  rate_power: 35.880048109321976
  t_dur: 2.192957455779394
  t_in: 19.347976996978385
  t_ter: 7.959055815372266
