wash:
  rate_power: 36.67836960429222
  t_dur: 1.8648410804887348
  t_in: 21.71014542154813
  t_ter: 8.04241635787968
