wash:
  rate_power: 34.19410940700306
  t_dur: 2.2041646192807915
  t_in: 20.365538836368557
  t_ter: 7.994935525682613
