wash:
  rate_power: 26.44526417844735
  t_dur: 1.9035858415532787
  t_in: 19.392487925119507
  t_ter: 8.12641910695204
