wash:
  rate_power: 29.544011194785494
  t_dur: 2.2241426629018317
  t_in: 22.12517907540863
  t_ter: 7.882630311216278
