wash:
  rate_power: 32.14155987291681
  t_dur: 2.2983503535132135
  t_in: 22.76768449142506
  t_ter: 8.491886965849783
