wash:
  rate_power: 33.85860005366016
  t_dur: 2.171736174789751
  t_in: 20.11158188661875
  t_ter: 7.73128800805097
