wash:
  rate_power: 35.09888306204484
  t_dur: 2.2952775755257853
  t_in: 20.74352281523244
  t_ter: 8.858392520842573
