wash:
  rate_power: 32.96526982499052
  t_dur: 1.966141452463907
  t_in: 19.02740982645262
  t_ter: 7.9780000156060575
