wash:
  rate_power: 32.03958768711675
  t_dur: 2.166656783930456
  t_in: 19.793118239769708
  t_ter: 7.718401807625268
