wash:
  rate_power: 28.675121887733585
  t_dur: 1.9145368332497628
  t_in: 18.58068103295746
  t_ter: 7.267994617918652
