wash:
  rate_power: 31.65869572906119
  t_dur: 1.9267170771886066
  t_in: 18.978855968104057
  t_ter: 8.724128478336437
