wash:
  rate_power: 35.399827497237546
  t_dur: 2.2993223225719523
  t_in: 23.344694139997138
  t_ter: 7.920778078770101
