wash:
  rate_power: 40.825953838381615
  t_dur: 1.5571976218814594
  t_in: 16.495985781802567
  t_ter: 7.625806883006895
