wash:
  rate_power: 33.63404096521032
  t_dur: 1.98452564000014
  t_in: 23.37005283724858
  t_ter: 7.69608149371403
