wash:
  rate_power: 38.16147022522401
  t_dur: 1.907096379382815
  t_in: 17.306067406625356
  t_ter: 7.335495131219529
