wash:
  rate_power: 35.10591919429466
  t_dur: 1.8946468502121188
  t_in: 19.89440893769398
  t_ter: 7.95155324872072
