wash:
  rate_power: 38.472372810223206
  t_dur: 2.15078682760443
  t_in: 17.112673947504913
  t_ter: 6.940370174597269
