wash:
  rate_power: 35.04431923544702
  t_dur: 1.9218823592843088
  t_in: 19.008192356668175
  t_ter: 8.046937470728688
