wash:
  rate_power: 33.092802874652016
  t_dur: 2.22571439465991
  t_in: 22.639938951630107
  t_ter: 8.237421167499122
