wash:
  rate_power: 38.375062954536716
  t_dur: 1.741148084529199
  t_in: 16.584977522916645
  t_ter: 6.955288668416036
