wash:
  rate_power: 30.703358770475294
  t_dur: 2.0464496338691465
  t_in: 16.37381705287026
  t_ter: 8.993650526926046
