wash:
  rate_power: 29.12351755143009
  t_dur: 1.9134020934857292
  t_in: 19.070165501100625
  t_ter: 7.741892869550333
