wash:
  rate_power: 33.470957457454595
  t_dur: 2.1440592628374517
  t_in: 17.7496769557861
  t_ter: 8.298602345640653
