wash:
  rate_power: 34.78411247276378
  t_dur: 1.8642294112210178
  t_in: 16.961615904939098
  t_ter: 7.777229488422388
