wash:
  rate_power: 27.451457706052295
  t_dur: 1.707157155828874
  t_in: 19.649002005146
  t_ter: 7.709979988151768
