wash:
  rate_power: 33.54362137465357
  t_dur: 1.6598339175551677
  t_in: 13.386811858014244
  t_ter: 8.527656991652512
