wash:
  rate_power: 30.350519753020496
  t_dur: 2.0239143554978805
  t_in: 17.92075721359544
  t_ter: 8.321391474779174
