wash:
  rate_power: 29.365846567493257
  t_dur: 2.0306259815110725
  t_in: 19.70044784116303
  t_ter: 8.367550482543889
