wash:
  rate_power: 36.53529030330606
  t_dur: 1.923590110660837
  t_in: 15.336226546022806
  t_ter: 8.20796266482175
