wash:
  rate_power: 27.003089748086023
  t_dur: 2.1196712251363548
  t_in: 19.717078119227875
  t_ter: 8.813114350483627
