wash:
  rate_power: 30.422753230275195
  t_dur: 2.2292933347638892
  t_in: 22.044285305143664
  t_ter: 6.898330726503615
