wash:
  rate_power: 33.093298108564284
  t_dur: 2.081638438530272
  t_in: 18.960587418035757
  t_ter: 8.043719025492178
