wash:
  rate_power: 42.67047547929924
  t_dur: 2.187867762272591
  t_in: 17.987148344588885
  t_ter: 7.965804455513504
