wash:
  rate_power: 33.34257314628752
  t_dur: 2.0397503032662705
  t_in: 20.591678875591
  t_ter: 8.046195560122364
