wash:
  rate_power: 34.751736161997826
  t_dur: 1.9923172142324825
  t_in: 18.42608314528682
  t_ter: 6.932926653623976
