wash:
  rate_power: 36.05896449535893
  t_dur: 2.4723850783655674
  t_in: 19.928029872366977
  t_ter: 8.739281753046617
