wash:
  rate_power: 32.85361569521838
  t_dur: 2.292198846642795
  t_in: 17.221605630652817
  t_ter: 8.691729372174471
