wash:
  rate_power: 33.80416012565903
  t_dur: 2.247410186629931
  t_in: 20.830416800447285
  t_ter: 7.5185005065956885
