wash:
  rate_power: 32.965506308143276
  t_dur: 1.9138729408550916
  t_in: 19.95238654200366
  t_ter: 8.61146408609677
