wash:
  rate_power: 29.62992817654857
  t_dur: 1.9669425563011653
  t_in: 21.95487023544006
  t_ter: 8.166916495005033
