wash:
  rate_power: 39.75711665027388
  t_dur: 2.0262516913911752
  t_in: 18.675944928118216
  t_ter: 6.7866810533099065
