wash:
  rate_power: 38.4597296416587
  t_dur: 2.0343122138214937
  t_in: 21.859130188847384
  t_ter: 6.1400651459547175
