wash:
  rate_power: 33.640893564147866
  t_dur: 2.341656518319001
  t_in: 20.56578061109443
  t_ter: 7.300091650156345
