wash:
  rate_power: 36.89724860759389
  t_dur: 1.7876177379299094
  t_in: 17.09277761837518
  t_ter: 5.969819338758437
