wash:
  rate_power: 33.28772706863176
  t_dur: 1.7869087349729462
  t_in: 17.2693471206097
  t_ter: 6.849531442173133
