wash:
  rate_power: 31.32493444728415
  t_dur: 2.008540358409765
  t_in: 19.41981451861103
  t_ter: 7.017082822450179
