wash:
  rate_power: 33.7198235409863
  t_dur: 2.258214985563385
  t_in: 19.219031281905988
  t_ter: 8.36940015759368
