wash:
  rate_power: 36.872733434059874
  t_dur: 1.6754443250504805
  t_in: 19.52972875780718
  t_ter: 7.422931168359187
