wash:
  rate_power: 34.22932891491917
  t_dur: 1.7315184299347073
  t_in: 20.236794984369137
  t_ter: 7.424737275848848
