wash:
  rate_power: 33.99596668012731
  t_dur: 2.044218207910777
  t_in: 19.247704955922657
  t_ter: 7.72652062946274
