wash:
  rate_power: 37.42896590608182
  t_dur: 2.2599614520933438
  t_in: 16.26672413650202
  t_ter: 7.216080807570401
