wash:
  rate_power: 33.68566624074095
  t_dur: 1.9426532966540204
  t_in: 21.849440385098326
  t_ter: 8.35735958915464
