wash:
  rate_power: 39.47262066668408
  t_dur: 1.8361198051354266
  t_in: 19.614469367766507
  t_ter: 7.408441473251708
