wash:
  rate_power: 32.53086648696353
  t_dur: 2.2001265477088854
  t_in: 18.824113783501648
  t_ter: 9.044585396362908
