wash:
  rate_power: 36.73147892272132
  t_dur: 1.87758123373364
  t_in: 19.49080014163177
  t_ter: 8.136060342530879
