wash:
  rate_power: 24.72378562122912
  t_dur: 2.042176492184704
  t_in: 20.353582952716078
  t_ter: 7.1732899228109614
