wash:
  rate_power: 31.04454593953929
  t_dur: 2.1862855994400316
  t_in: 21.676651796568244
  t_ter: 8.730493561408403
