wash:
  rate_power: 29.035768504609635
  t_dur: 2.311339189547757
  t_in: 16.975774597647334
  t_ter: 7.233633421209412
