wash:
  rate_power: 36.08621403677025
  t_dur: 1.8822803694743995
  t_in: 17.302616262023072
  t_ter: 7.651480439478265
