wash:
  rate_power: 30.63241032268993
  t_dur: 1.971562614814307
  t_in: 17.878690607383348
  t_ter: 8.159615519713277
