wash:
  rate_power: 43.949121621926565
  t_dur: 2.2173442308872247
  t_in: 16.801135819231813
  t_ter: 8.820604632392165
