wash:
  rate_power: 33.00817732047268
  t_dur: 1.8609827240705439
  t_in: 22.332743586599154
  t_ter: 8.146144239963133
