wash:
  rate_power: 31.332339932181448
  t_dur: 1.7962357254968302
  t_in: 21.025257436788237
  t_ter: 7.860348589281548
