wash:
  rate_power: 30.244627989199603
  t_dur: 2.4426587226053122
  t_in: 22.34907671622445
  t_ter: 8.794820244971225
