wash:
  rate_power: 34.75791382422737
  t_dur: 2.117289889914256
  t_in: 18.211088972402617
  t_ter: 7.332524877932943
