wash:
  rate_power: 33.50626604324404
  t_dur: 1.7832738427574626
  t_in: 19.548543569902634
  t_ter: 7.794113937857746
