wash:
  rate_power: 31.064555881978727
  t_dur: 2.2260635040187617
  t_in: 17.056926242035917
  t_ter: 8.420315761953312
