wash:
  rate_power: 36.19995849835076
  t_dur: 1.9547123067479357
  t_in: 20.49392771165069
  t_ter: 6.940370763129449
