wash:
  rate_power: 30.45414019892801
  t_dur: 1.8886192336307162
  t_in: 17.23452711948541
  t_ter: 7.0197070811393605
