wash:
  rate_power: 38.79081483788106
  t_dur: 2.170024199326715
  t_in: 21.05910209290054
  t_ter: 8.044121626427991
