wash:
  rate_power: 30.43547757145702
  t_dur: 1.958046512018815
  t_in: 15.752845831558078
  t_ter: 5.681044200556051
