wash:
  rate_power: 33.01417039400509
  t_dur: 1.8258127985079577
  t_in: 17.71436367661811
  t_ter: 6.549063526302227
