wash:
  rate_power: 33.34622540595577
  t_dur: 1.9595625744111635
  t_in: 20.772613165305273
  t_ter: 8.262338997422562
