wash:
  rate_power: 39.95976363751413
  t_dur: 2.3638378283253867
  t_in: 19.205094469986772
  t_ter: 6.982658118033618
