wash:
  rate_power: 34.50210996034387
  t_dur: 1.7832819234774127
  t_in: 18.23499559668409
  t_ter: 8.267625985267246
