wash:
  rate_power: 41.272168164069065
  t_dur: 2.0234367996692204
  t_in: 24.777240888267702
  t_ter: 7.088059616541593
