wash:
  rate_power: 38.08166303979399
  t_dur: 2.071537201257429
  t_in: 19.383787033762943
  t_ter: 9.020693759291643
