wash:
  rate_power: 33.29827332182267
  t_dur: 2.1123551246589742
  t_in: 20.99214363526109
  t_ter: 6.6061417966843745
