wash:
  rate_power: 32.67831943434622
  t_dur: 2.2770694474575346
  t_in: 21.18577358620896
  t_ter: 7.738680597410949
