wash:
  rate_power: 34.83533324309281
  t_dur: 1.949433475735853
  t_in: 16.732104272911798
  t_ter: 7.34648647388066
