wash:
  rate_power: 30.7286051611231
  t_dur: 1.9601774012863864
  t_in: 18.81323150404004
  t_ter: 8.173518378803163
