wash:
  rate_power: 32.517516114382644
  t_dur: 2.2064103077796684
  t_in: 17.863265844620617
  t_ter: 7.145584112770436
