wash:
  rate_power: 33.589627848592755
  t_dur: 2.1545224697891174
  t_in: 22.64247103291227
  t_ter: 8.0137278239309
