wash:
  rate_power: 38.26346444457545
  t_dur: 1.7991928743747543
  t_in: 19.12136491072988
  t_ter: 8.104071854107643
