wash:
  rate_power: 37.26512750955591
  t_dur: 1.8715074461906207
  t_in: 17.685496718552585
  t_ter: 9.757232658488785
