wash:
  rate_power: 31.77509838633535
  t_dur: 1.8645950745504203
  t_in: 21.08324742436293
  t_ter: 6.485706524628847
