wash:
  rate_power: 34.297207025400866
  t_dur: 1.9598427252945023
  t_in: 17.917717237463574
  t_ter: 7.864861753894364
