wash:
  rate_power: 32.90614602393583
  t_dur: 1.92761329425274
  t_in: 19.968530028779124
  t_ter: 8.982766638036678
