wash:
  rate_power: 32.064339292207706
  t_dur: 2.00386067359211
  t_in: 22.676293161741526
  t_ter: 7.556463609608888
