wash:
  rate_power: 34.424720671503735
  t_dur: 2.0717984189903094
  t_in: 20.680375187993036
  t_ter: 7.748597640461874
