wash:
  rate_power: 40.93860494675749
  t_dur: 1.8102453424647449
  t_in: 17.54147630330891
  t_ter: 6.777960841508556
