wash:
  rate_power: 34.47348548515691
  t_dur: 1.9156761672830982
  t_in: 21.367751029672153
  t_ter: 5.589513697983837
