wash:
  rate_power: 33.32774817798792
  t_dur: 2.0432911714674753
  t_in: 18.49074865375137
  t_ter: 6.194737337130294
