wash:
  rate_power: 32.282669151945676
  t_dur: 2.1024300333354935
  t_in: 19.460179180624596
  t_ter: 7.2211143304333865
