wash:
  rate_power: 27.528576226302576
  t_dur: 1.79493038568696
  t_in: 19.435017785155814
  t_ter: 9.413164652801218
