wash:
  rate_power: 31.123949937889115
  t_dur: 2.007060829081325
  t_in: 22.793414607224143
  t_ter: 7.914916219151684
