wash:
  rate_power: 31.859160230205326
  t_dur: 2.398166292798983
  t_in: 20.555118753417002
  t_ter: 7.564701599498729
