wash:
  rate_power: 34.12579162981636
  t_dur: 1.9808935720503258
  t_in: 22.039411540142837
  t_ter: 8.595825993739972
