wash:
  rate_power: 31.364805419459632
  t_dur: 2.080106207727147
  t_in: 16.25866214651289
  t_ter: 8.067011229932653
