wash:
  rate_power: 40.953696906180134
  t_dur: 2.0204718471091696
  t_in: 19.34614682019494
  t_ter: 8.625993102835745
