wash:
  rate_power: 36.31985526174736
  t_dur: 2.1120878078154712
  t_in: 19.354354433841714
  t_ter: 8.029478118762649
