wash:
  rate_power: 32.12478149442046
  t_dur: 2.28524894764758
  t_in: 19.986749725760838
  t_ter: 6.566798628656455
