wash:
  rate_power: 31.352173034986016
  t_dur: 2.1598684860462383
  t_in: 19.369945564378053
  t_ter: 7.243818691250607
