wash:
  rate_power: 31.86303454487244
  t_dur: 2.233487107401008
  t_in: 16.518369538776934
  t_ter: 7.883794442934129
