wash:
  rate_power: 35.39071642277549
  t_dur: 1.9200645049959582
  t_in: 22.25142676536298
  t_ter: 6.3393707662969865
