wash:
  rate_power: 37.0073854313533
  t_dur: 1.9301743871734711
  t_in: 18.84369960613072
  t_ter: 8.33617093592594
