wash:
  rate_power: 29.66500491311336
  t_dur: 1.9620800987483866
  t_in: 21.24612593634725
  t_ter: 7.687967261555046
