wash:
  rate_power: 36.24632629268526
  t_dur: 2.231578817131678
  t_in: 22.294524678945603
  t_ter: 6.761891881050778
