wash:
  rate_power: 36.84228550178019
  t_dur: 1.8628260273691057
  t_in: 17.518832488133828
  t_ter: 8.209677825043121
