wash:
  rate_power: 31.667921222487028
  t_dur: 2.0564339891581214
  t_in: 20.11526072384564
  t_ter: 7.114243651950658
