wash:
  rate_power: 36.26071935959277
  t_dur: 2.302727779498055
  t_in: 17.05701038526143
  t_ter: 8.00017614341474
