wash:
  rate_power: 32.17018501758194
  t_dur: 2.0596133643164203
  t_in: 20.8307882244512
  t_ter: 6.783126751383294
