wash:
  rate_power: 36.46890119973973
  t_dur: 2.2958175108551653
  t_in: 22.635315769422572
  t_ter: 7.853912462681765
