wash:
  rate_power: 31.401294362072182
  t_dur: 1.7568730037095992
  t_in: 15.682683329228652
  t_ter: 8.613326712449805
