wash:
  rate_power: 36.56577630648935
  t_dur: 2.043492003240131
  t_in: 15.854150067654528
  t_ter: 7.171548229848631
