wash:
  rate_power: 36.00569464591052
  t_dur: 2.4004749049660297
  t_in: 19.832483267765518
  t_ter: 7.421772280788908
