wash:
  rate_power: 36.81549509395521
  t_dur: 1.726882531477074
  t_in: 20.707735629397796
  t_ter: 8.60644074660948
