wash:
  rate_power: 33.70651603790544
  t_dur: 1.931636094025546
  t_in: 15.24507374795691
  t_ter: 7.667721554282398
