wash:
  rate_power: 36.461060217445024
  t_dur: 2.1637227313074106
  t_in: 20.53655949005301
  t_ter: 7.310328891082412
