wash:
  rate_power: 35.34569039880642
  t_dur: 2.1800440692347025
  t_in: 21.38122451404385
  t_ter: 9.425715365856314
