wash:
  rate_power: 32.749571858322426
  t_dur: 2.289895116768713
  t_in: 17.19381087669713
  t_ter: 8.334253026868028
