wash:
  rate_power: 33.99445675720039
  t_dur: 2.613266522500965
  t_in: 19.05859425279623
  t_ter: 8.081248187739124
