wash:
  rate_power: 31.816303770170006
  t_dur: 2.348610313191696
  t_in: 20.10080628787675
  t_ter: 8.438149288931282
