wash:
  rate_power: 33.153876866366765
  t_dur: 2.1824836335540883
  t_in: 21.354848474639116
  t_ter: 8.135363998000209
