wash:
  rate_power: 33.274852031712165
  t_dur: 2.410735731260981
  t_in: 24.133362597820398
  t_ter: 8.381389542399072
