wash:
  rate_power: 38.67521881761671
  t_dur: 2.09593873589626
  t_in: 20.64150276247343
  t_ter: 7.768965229141957
