wash:
  rate_power: 36.185376593460106
  t_dur: 2.2674322758556715
  t_in: 18.484367614268017
  t_ter: 8.595213693539165
