wash:
  rate_power: 36.85153925360941
  t_dur: 2.3227799265206004
  t_in: 20.88646993363663
  t_ter: 8.884795179536699
