wash:
  rate_power: 28.181281435204713
  t_dur: 1.8635134034664358
  t_in: 19.842637241434744
  t_ter: 6.082279398247289
