wash:
  rate_power: 37.38169354691458
  t_dur: 2.0678891642447876
  t_in: 18.78976327482692
  t_ter: 7.140076645118288
