wash:
  rate_power: 30.407604981763885
  t_dur: 1.6514120021019822
  t_in: 20.200253038181692
  t_ter: 7.2785214461625465
