wash:
  rate_power: 34.46004464046761
  t_dur: 1.9023512736530213
  t_in: 24.4605938977238
  t_ter: 9.162533740627278
