wash:
  rate_power: 31.094199794326567
  t_dur: 1.888453623108916
  t_in: 20.633369280605653
  t_ter: 9.150774005762319
