wash:
  rate_power: 33.18334552635275
  t_dur: 1.9114893301819482
  t_in: 16.739931361956565
  t_ter: 5.857755384768569
