wash:
  rate_power: 40.917354535150054
  t_dur: 2.1407766081308406
  t_in: 17.949113533757373
  t_ter: 9.131903098641134
