wash:
  rate_power: 34.84660365730772
  t_dur: 2.290830926592796
  t_in: 17.149059925337433
  t_ter: 7.411754628266214
