wash:
  rate_power: 38.385175937085364
  t_dur: 1.7637391475949113
  t_in: 18.963077954688366
  t_ter: 8.717828612225677
