wash:
  rate_power: 34.58864434072386
  t_dur: 1.6675831375290322
  t_in: 17.57551634358443
  t_ter: 9.668393213753063
