wash:
  rate_power: 36.858853594334704
  t_dur: 2.1497380313347225
  t_in: 19.627692294684724
  t_ter: 7.375703589282325
