wash:
  rate_power: 30.862340922544224
  t_dur: 1.821829736136128
  t_in: 19.731744267667626
  t_ter: 8.763825022881264
