wash:
  rate_power: 31.54698953662671
  t_dur: 1.8989599234279004
  t_in: 17.758092024459902
  t_ter: 7.984509816047437
