wash:
  rate_power: 31.303019584402783
  t_dur: 2.114745932481934
  t_in: 22.31717146779033
  t_ter: 7.852269481397727
