wash:
  rate_power: 34.90483120953131
  t_dur: 1.9844148340816912
  t_in: 15.960808705436389
  t_ter: 7.518937698161712
