wash:
  rate_power: 32.99992219309077
  t_dur: 2.420590225084134
  t_in: 16.026503345245008
  t_ter: 7.434375454492717
