wash:
  rate_power: 35.65451012561897
  t_dur: 2.192710468924751
  t_in: 18.371634660114932
  t_ter: 6.812946411616412
