wash:
  rate_power: 38.01896015079443
  t_dur: 2.121329109358354
  t_in: 19.67012110688524
  t_ter: 6.94251669266142
