wash:
  rate_power: 37.34869757272576
  t_dur: 1.8584631785204928
  t_in: 17.704621543423954
  t_ter: 6.58633415396392
