wash:
  rate_power: 35.5735583666345
  t_dur: 1.8366385214278114
  t_in: 18.754760993109112
  t_ter: 7.4394557360013875
