wash:
  rate_power: 30.613972135921625
  t_dur: 2.0052534615178654
  t_in: 19.19143592653985
  t_ter: 7.4566749457306525
