wash:
  rate_power: 39.13060905359395
  t_dur: 1.812165538255865
  t_in: 18.775186473079415
  t_ter: 8.075493981567028
