wash:
  rate_power: 41.522263409590046
  t_dur: 2.1147553474312533
  t_in: 18.88176927043127
  t_ter: 9.136601775635196
