wash:
  rate_power: 32.1552526998259
  t_dur: 2.1580892708069723
  t_in: 17.966381941875905
  t_ter: 6.977081034918094
