wash:
  rate_power: 25.881033741238042
  t_dur: 2.221035254583359
  t_in: 15.700782869465217
  t_ter: 7.085075195411967
