wash:
  rate_power: 36.90835525999407
  t_dur: 1.9868438112477598
  t_in: 21.45518444283893
  t_ter: 7.857406918317288
