wash:
  rate_power: 32.71847503553375
  t_dur: 2.205134890470485
  t_in: 20.491606748507003
  t_ter: 7.792250414062493
