wash:
  rate_power: 30.363320196959197
  t_dur: 2.2413810309314353
  t_in: 16.35708321393335
  t_ter: 7.580081859165982
