wash:
  rate_power: 36.35997330293516
  t_dur: 1.7860720053766925
  t_in: 17.97774134721693
  t_ter: 7.830791981169859
