wash:
  rate_power: 35.628672056687286
  t_dur: 2.025687573413702
  t_in: 18.389196373649416
  t_ter: 8.81285332714356
