wash:
  rate_power: 35.693412660469924
  t_dur: 2.36117759689626
  t_in: 21.18676992059464
  t_ter: 8.427654153716086
