wash:
  rate_power: 29.798152806578578
  t_dur: 1.9675594807750052
  t_in: 20.451117343473264
  t_ter: 7.935038020793684
