wash:
  rate_power: 27.47178636034393
  t_dur: 1.81925631704107
  t_in: 17.604436178280945
  t_ter: 6.7437889897607635
