wash:
  rate_power: 35.03330807557168
  t_dur: 2.006777739318821
  t_in: 18.322329124960756
  t_ter: 8.043050765418604
