wash:
  rate_power: 36.38894717907122
  t_dur: 2.078070357371315
  t_in: 18.971712733643937
  t_ter: 7.207281688838763
