wash:
  rate_power: 33.335789732406255
  t_dur: 1.96483749839985
  t_in: 19.029466005519712
  t_ter: 6.821789643070422
