wash:
  rate_power: 34.80774838374906
  t_dur: 1.984361206268251
  t_in: 20.59878985903423
  t_ter: 6.582909813472852
