wash:
  rate_power: 33.83833372488294
  t_dur: 2.1075721550445774
  t_in: 18.974249136908714
  t_ter: 6.886569140974587
