wash:
  rate_power: 27.20542017079387
  t_dur: 1.6733725124802028
  t_in: 18.594306842830434
  t_ter: 7.706272607579001
