wash:
  rate_power: 29.21150776409252
  t_dur: 2.2349945402315865
  t_in: 19.108114808724565
  t_ter: 8.689779141622438
