wash:
  rate_power: 36.018579678968536
  t_dur: 1.9289828824052546
  t_in: 20.66222015420898
  t_ter: 7.140944806048002
