wash:
  rate_power: 32.88904917058629
  t_dur: 2.1653638719074246
  t_in: 19.78156321170042
  t_ter: 7.223389735635165
