wash:
  rate_power: 39.73119835572449
  t_dur: 1.9154791696302007
  t_in: 16.485965439753343
  t_ter: 7.7970845482652775
