wash:
  rate_power: 35.78280750635438
  t_dur: 2.160602631630526
  t_in: 20.32971859698222
  t_ter: 7.973012931576203
