wash:
  rate_power: 35.231834700440096
  t_dur: 1.7078371122931484
  t_in: 17.980583737607343
  t_ter: 7.662667850179478
