wash:
  rate_power: 33.30774065158733
  t_dur: 2.3353338740409813
  t_in: 17.713248657608915
  t_ter: 8.64865711202733
