wash:
  rate_power: 32.02388933245961
  t_dur: 1.837131856261342
  t_in: 18.91999692435972
  t_ter: 7.508455547163295
