wash:
  rate_power: 30.302172063139288
  t_dur: 1.7621245156338405
  t_in: 19.390570660720805
  t_ter: 8.701760332062294
