wash:
  rate_power: 32.23556687949292
  t_dur: 2.0778373216018804
  t_in: 20.50254596180511
  t_ter: 8.380467537677909
