wash:
  rate_power: 36.611367617539806
  t_dur: 1.722436301342687
  t_in: 19.92527424657116
  t_ter: 6.7203529103557464
