wash:
  rate_power: 32.28513017312208
  t_dur: 1.9630260653045837
  t_in: 16.87981272692105
  t_ter: 8.902283624267358
