wash:
  rate_power: 31.223523577908058
  t_dur: 1.6875710177647865
  t_in: 21.410100891693443
  t_ter: 8.547027859643926
