wash:
  rate_power: 31.26171644889446
  t_dur: 2.0823782959387604
  t_in: 20.178037308692854
  t_ter: 7.760251661313365
