wash:
  rate_power: 28.360379500614847
  t_dur: 2.1169667126156804
  t_in: 20.98638672200189
  t_ter: 7.169680744455775
