wash:
  rate_power: 38.926715001901925
  t_dur: 2.082525436540482
  t_in: 21.629800464684195
  t_ter: 6.966201152831305
