wash:
  rate_power: 37.0603364665332
  t_dur: 2.363078265169442
  t_in: 17.177376086391632
  t_ter: 8.889367833286666
