wash:
  rate_power: 35.6387892837752
  t_dur: 2.1158821886691386
  t_in: 16.624298672524798
  t_ter: 5.94377620998421
