wash:
  rate_power: 31.495566652233364
  t_dur: 1.9646824292790166
  t_in: 17.579008537464997
  t_ter: 9.461516521545226
