wash:
  rate_power: 33.69530699147422
  t_dur: 2.3030801813603614
  t_in: 22.012799114595374
  t_ter: 7.866218544659197
