wash:
  rate_power: 37.46782123131484
  t_dur: 2.3019059598046034
  t_in: 21.06258257975592
  t_ter: 8.734201563406266
