wash:
  rate_power: 31.90429766850883
  t_dur: 2.385241408271813
  t_in: 18.959010705798264
  t_ter: 8.142762892578672
