wash:
  rate_power: 29.22130329647563
  t_dur: 1.784096636979237
  t_in: 18.974604639661845
  t_ter: 7.998532631122886
