wash:
  rate_power: 35.62913416614734
  t_dur: 2.165061351437956
  t_in: 19.28125692682319
  t_ter: 8.432231480802411
