wash:
  rate_power: 36.966795866674694
  t_dur: 1.9507614352833447
  t_in: 21.270248433392727
  t_ter: 6.819909120817337
