wash:
  rate_power: 34.34694728020992
  t_dur: 2.0155747346741677
  t_in: 18.923053754766777
  t_ter: 8.945446954554313
