wash:
  rate_power: 32.98139712374212
  t_dur: 1.968434755589403
  t_in: 17.581909754195724
  t_ter: 9.612292026908712
