wash:
  rate_power: 39.86232704664768
  t_dur: 2.238111022992379
  t_in: 18.669576334829454
  t_ter: 8.723061925721415
