wash:
  rate_power: 36.39889642930774
  t_dur: 2.187622111696252
  t_in: 22.239377247416495
  t_ter: 9.011543236650594
