wash:
  rate_power: 33.971816969160514
  t_dur: 2.474911547409321
  t_in: 18.244411785723702
  t_ter: 7.274085226052602
