wash:
  rate_power: 30.639749321862585
  t_dur: 1.5035149390234996
  t_in: 19.53438975322715
  t_ter: 6.437008861984663
