wash:
  rate_power: 35.17966749248129
  t_dur: 2.018742035827861
  t_in: 16.507266030987818
  t_ter: 8.3671647918173
