wash:
  rate_power: 29.397042210389305
  t_dur: 1.9052171693409103
  t_in: 18.23165653924555
  t_ter: 8.343359679253588
