wash:
  rate_power: 36.32381149889723
  t_dur: 2.0927171210837883
  t_in: 19.66037889009073
  t_ter: 8.23594990576898
