wash:
  rate_power: 29.543034936029017
  t_dur: 2.3902635052880083
  t_in: 18.922290364539208
  t_ter: 8.953833939214903
