wash:
  rate_power: 28.697035952171987
  t_dur: 1.921424842441588
  t_in: 19.842353537536727
  t_ter: 7.487929150377541
