wash:
  rate_power: 30.774891057076353
  t_dur: 1.9224759604952375
  t_in: 21.230141630219176
  t_ter: 7.3633736386837825
