wash:
  rate_power: 33.48520915142259
  t_dur: 2.357928144437706
  t_in: 18.558045205153796
  t_ter: 8.009301565203362
