wash:
  rate_power: 42.84599785507379
  t_dur: 2.1465382470733
  t_in: 17.173335048119597
  t_ter: 7.316428128090776
