wash:
  rate_power: 31.619098603097473
  t_dur: 2.5295747574164635
  t_in: 19.71340770568957
  t_ter: 7.886197724582426
