wash:
  rate_power: 37.32118450847183
  t_dur: 1.844886469806504
  t_in: 20.3224093549909
  t_ter: 7.617917095830959
