wash:
  rate_power: 39.62855348591065
  t_dur: 2.1769559502806537
  t_in: 16.86491086907104
  t_ter: 7.054280817849253
