wash:
  rate_power: 27.349981046142123
  t_dur: 1.877050291122161
  t_in: 19.765810130136927
  t_ter: 7.994428293264989
