wash:
  rate_power: 29.798208794986895
  t_dur: 2.003707306748313
  t_in: 16.278454923533598
  t_ter: 8.370551338993565
