wash:
  rate_power: 33.00932282716986
  t_dur: 2.288646161624613
  t_in: 16.620229484604955
  t_ter: 9.438583747809403
