wash:
  rate_power: 31.911205154688947
  t_dur: 1.8972256611878575
  t_in: 17.720317531717416
  t_ter: 6.894987141220261
