wash:
  rate_power: 33.720189860846325
  t_dur: 1.930920019360233
  t_in: 20.779963343638787
  t_ter: 7.511040421161356
