wash:
  rate_power: 34.746965248700526
  t_dur: 2.19244511899511
  t_in: 16.669125701601487
  t_ter: 7.402962684053792
