wash:
  rate_power: 36.37241866621645
  t_dur: 1.8596520258505373
  t_in: 22.028903742945605
  t_ter: 10.18737720781233
