wash:
  rate_power: 35.20723445405023
  t_dur: 2.083882039153832
  t_in: 16.07327032351189
  t_ter: 7.169521191054658
