wash:
  rate_power: 36.41354743079763
  t_dur: 1.8997351564873077
  t_in: 19.175402978740493
  t_ter: 7.762708570431593
