wash:
  rate_power: 31.188045595524102
  t_dur: 1.7876858615883422
  t_in: 15.913650654373699
  t_ter: 8.322670115251814
