wash:
  rate_power: 35.834363066450386
  t_dur: 2.1716793858708088
  t_in: 17.23976651591699
  t_ter: 6.885398062286555
