wash:
  rate_power: 38.46528727138292
  t_dur: 1.6285846153769505
  t_in: 18.365963799587554
  t_ter: 8.393491288745775
