wash:
  rate_power: 39.77356414680489
  t_dur: 2.73442111517261
  t_in: 16.443121075671026
  t_ter: 8.94510593575221
