wash:
  rate_power: 34.559987954036366
  t_dur: 1.9782390924053992
  t_in: 22.195715015191993
  t_ter: 9.40498648069143
