wash:
  rate_power: 33.50064821917489
  t_dur: 1.9752732390281333
  t_in: 18.631379312386212
  t_ter: 6.366115039246617
