wash:
  rate_power: 36.68111754502017
  t_dur: 2.070639183078912
  t_in: 18.74470518355944
  t_ter: 8.577285000558048
