wash:
  rate_power: 34.78247152514164
  t_dur: 2.4328006760694785
  t_in: 21.81494379329936
  t_ter: 7.557490129472124
