wash:
  rate_power: 32.993769075545664
  t_dur: 1.9194259963234166
  t_in: 18.15735603609978
  t_ter: 8.236707085306188
