wash:
  rate_power: 31.58810055059387
  t_dur: 2.396900762030841
  t_in: 16.599809616643295
  t_ter: 8.821070447908326
