wash:
  rate_power: 35.259249129033584
  t_dur: 2.0415783435235255
  t_in: 19.794743481914296
  t_ter: 6.5547365234035855
