wash:
  rate_power: 28.134739810593043
  t_dur: 2.069297074392675
  t_in: 19.414399767321992
  t_ter: 7.2637667831910875
