wash:
  rate_power: 34.37914936021757
  t_dur: 1.978831522534435
  t_in: 22.59531447236907
  t_ter: 8.174091637208255
