wash:
  rate_power: 27.592277752598495
  t_dur: 2.134655493475187
  t_in: 18.0126728846945
  t_ter: 7.304536463263438
