wash:
  rate_power: 33.889470125954034
  t_dur: 1.9361511768474393
  t_in: 17.99607289428438
  t_ter: 6.9644286344251904
