wash:
  rate_power: 36.598107040079896
  t_dur: 1.9394995047154353
  t_in: 17.703023740546307
  t_ter: 7.027284221737777
