wash:
  rate_power: 29.148759690725328
  t_dur: 2.006047449093819
  t_in: 20.941985096157072
  t_ter: 6.380580851877257
