wash:
  rate_power: 37.807594044566315
  t_dur: 1.8679970443691833
  t_in: 22.346017755789536
  t_ter: 6.590052362611812
