wash:
  rate_power: 34.10801965773472
  t_dur: 2.211415391945126
  t_in: 16.2944399703586
  t_ter: 6.90983032373695
