wash:
  rate_power: 27.642807958962514
  t_dur: 1.9569947329009962
  t_in: 20.51251045225095
  t_ter: 8.01445340744899
