wash:
  rate_power: 36.9443149130292
  t_dur: 2.143520656626114
  t_in: 18.38421337179859
  t_ter: 7.638923044285854
