wash:
  rate_power: 29.932808568954826
  t_dur: 1.7071348503262547
  t_in: 21.101609460539684
  t_ter: 8.349628918958357
