wash:
  rate_power: 33.69139460329865
  t_dur: 1.8292262697901887
  t_in: 15.614214029379317
  t_ter: 7.64344428994772
