wash:
  rate_power: 38.593248362325205
  t_dur: 2.1881074750695677
  t_in: 18.800061606747416
  t_ter: 8.599808019739628
