wash:
  rate_power: 38.463712243712166
  t_dur: 2.160292513404268
  t_in: 19.823391305080648
  t_ter: 6.735889728416329
