wash:
  rate_power: 32.95961652263465
  t_dur: 2.332732828783303
  t_in: 19.181842621025
  t_ter: 6.787318246709253
