wash:
  rate_power: 38.899128369509434
  t_dur: 1.7298428425005568
  t_in: 23.509790602061905
  t_ter: 7.914888637085001
