wash:
  rate_power: 32.64785859797199
  t_dur: 2.0380955655001394
  t_in: 16.644629654522152
  t_ter: 7.660296395786771
