wash:
  rate_power: 32.654703750479136
  t_dur: 2.1117888541088976
  t_in: 21.566425790688402
  t_ter: 6.780374191049692
