wash:
  rate_power: 38.325123734097076
  t_dur: 1.9676667617883685
  t_in: 23.133775359284357
  t_ter: 7.405633344878783
