wash:
  rate_power: 40.071996675926485
  t_dur: 2.0397760974139487
  t_in: 21.274248377120475
  t_ter: 8.720774704340071
