wash:
  rate_power: 30.794321688895486
  t_dur: 2.3607335804863885
  t_in: 20.617544618750426
  t_ter: 7.866843577195013
