wash:
  rate_power: 38.87797511374556
  t_dur: 2.430801204284682
  t_in: 22.28464335306761
  t_ter: 7.695202708585954
