wash:
  rate_power: 36.30264806194958
  t_dur: 1.8499340089730565
  t_in: 17.990286826288955
  t_ter: 7.086334973789595
