wash:
  rate_power: 32.28221493282175
  t_dur: 1.942332913631557
  t_in: 18.364032983361678
  t_ter: 8.290127136266348
