wash:
  rate_power: 27.61399710781716
  t_dur: 2.074479566813285
  t_in: 21.796450376984758
  t_ter: 7.078592273474818
