wash:
  rate_power: 30.555290316137004
  t_dur: 1.9719209910125186
  t_in: 20.943825092655626
  t_ter: 6.510553593197874
