wash:
  rate_power: 38.48433033787106
  t_dur: 1.9785175923292775
  t_in: 18.157965454673384
  t_ter: 7.712710272782806
