wash:
  rate_power: 35.42147333871104
  t_dur: 2.040003180888934
  t_in: 17.495294239256864
  t_ter: 7.290541979295931
