wash:
  rate_power: 36.09247631665578
  t_dur: 1.9559212478401182
  t_in: 16.704358075426097
  t_ter: 8.204735338943815
