wash:
  rate_power: 30.964709147617363
  t_dur: 1.838475381176296
  t_in: 17.593172155757912
  t_ter: 7.476750389184399
