wash:
  rate_power: 34.72496340049388
  t_dur: 2.2701668123888203
  t_in: 18.64205614586531
  t_ter: 8.402896646875378
