wash:
  rate_power: 35.66402901515187
  t_dur: 1.8105516829775299
  t_in: 17.653122866693842
  t_ter: 7.14532607623217
