wash:
  rate_power: 39.303459190940735
  t_dur: 2.0638815128385843
  t_in: 18.975265437065378
  t_ter: 9.661904742785849
