wash:
  rate_power: 37.57841202948183
  t_dur: 2.044812136292435
  t_in: 16.668186154869844
  t_ter: 8.207693193837931
