wash:
  rate_power: 27.476644044222894
  t_dur: 2.1486916025764486
  t_in: 19.807414671786127
  t_ter: 8.98039546657425
