wash:
  rate_power: 37.2160850438576
  t_dur: 2.0686108773524463
  t_in: 20.23260480166651
  t_ter: 7.892878638237681
