wash:
  rate_power: 35.39253402641866
  t_dur: 1.8614964202645652
  t_in: 16.464280076215335
  t_ter: 7.527802489432107
