wash:
  rate_power: 35.06592167670153
  t_dur: 2.2892029595632977
  t_in: 19.84128522892714
  t_ter: 6.5476642201749735
