wash:
  rate_power: 38.7817790324567
  t_dur: 1.8813877654132445
  t_in: 17.04755923728061
  t_ter: 6.914123044871201
