wash:
  rate_power: 37.41716546923973
  t_dur: 2.515326098195065
  t_in: 15.696651718182261
  t_ter: 7.957554528547076
