wash:
  rate_power: 37.94732006705277
  t_dur: 1.812799862988033
  t_in: 22.19154468611444
  t_ter: 7.2020621894300625
