wash:
  rate_power: 34.39406397793683
  t_dur: 2.148815060892998
  t_in: 19.478408069324608
  t_ter: 8.345583441769193
