wash:
  rate_power: 39.31753245952083
  t_dur: 2.170035811300748
  t_in: 21.601393854991954
  t_ter: 9.180272753098189
