wash:
  rate_power: 33.815546316283424
  t_dur: 1.8614666122921946
  t_in: 17.879890106242676
  t_ter: 9.10247731374042
