wash:
  rate_power: 36.876480085593805
  t_dur: 2.289087043503282
  t_in: 23.02325848376233
  t_ter: 7.992860714615413
