wash:
  rate_power: 34.83172431097206
  t_dur: 2.1837134397831988
  t_in: 19.62490316386138
  t_ter: 7.1690866735293355
