wash:
  rate_power: 37.280064210365474
  t_dur: 2.190958814188129
  t_in: 17.110964579747296
  t_ter: 8.740827457458858
