wash:
  rate_power: 32.12453008371235
  t_dur: 2.411451984418587
  t_in: 17.922659794057356
  t_ter: 8.292285653662628
