wash:
  rate_power: 41.63075693376814
  t_dur: 2.1333124672819945
  t_in: 16.695108219618355
  t_ter: 7.974244493141359
