wash:
  rate_power: 29.211456317027796
  t_dur: 1.7312639745402385
  t_in: 17.13186569229066
  t_ter: 7.1648302091219245
