wash:
  rate_power: 31.453533029613467
  t_dur: 2.0471284350274184
  t_in: 17.98355399352208
  t_ter: 7.726576323682671
