wash:
  rate_power: 29.669087517018955
  t_dur: 2.122296781186702
  t_in: 20.854705864595534
  t_ter: 7.091447982231661
