wash:
  rate_power: 29.896809651391653
  t_dur: 2.176379419108228
  t_in: 19.1649697664187
  t_ter: 7.656385015502522
