wash:
  rate_power: 36.55675643170669
  t_dur: 2.0787427455712684
  t_in: 17.824517736316523
  t_ter: 6.449580831531364
