wash:
  rate_power: 34.18483278796281
  t_dur: 1.7736023921484612
  t_in: 20.164556878224168
  t_ter: 8.074458187670317
