wash:
  rate_power: 34.61264268306577
  t_dur: 1.8233929691093218
  t_in: 19.572752084137253
  t_ter: 7.866496086510059
