wash:
  rate_power: 33.49015799377064
  t_dur: 2.1561712522097087
  t_in: 20.246487029478978
  t_ter: 6.899097687529539
