wash:
  rate_power: 35.96789737430039
  t_dur: 2.1759456049116435
  t_in: 17.416792380548504
  t_ter: 7.3819721248047445
