wash:
  rate_power: 31.99338453002523
  t_dur: 2.20231905485985
  t_in: 19.945518062412397
  t_ter: 8.281351394121868
