wash:
  rate_power: 26.037653719773157
  t_dur: 2.220099242496155
  t_in: 19.426636296199685
  t_ter: 6.634083927117218
