wash:
  rate_power: 29.957838624962793
  t_dur: 2.120385841005508
  t_in: 18.341162935746624
  t_ter: 6.516262494112917
