wash:
  rate_power: 36.157023942789216
  t_dur: 2.1562290661389807
  t_in: 20.41338517946162
  t_ter: 7.600701458305692
