wash:
  rate_power: 32.96717389493219
  t_dur: 2.0679219704377596
  t_in: 19.90485325618652
  t_ter: 7.844127169980553
