wash:
  rate_power: 42.22764064981274
  t_dur: 2.1942596964907644
  t_in: 22.67105824253361
  t_ter: 8.694464788954374
