wash:
  rate_power: 29.438854863705476
  t_dur: 2.0614686700937184
  t_in: 20.14065935243411
  t_ter: 9.135773323035723
