wash:
  rate_power: 30.759046500982265
  t_dur: 1.9821471397795298
  t_in: 16.06933436616482
  t_ter: 7.853769337343668
