wash:
  rate_power: 32.41659569794541
  t_dur: 2.024155283893852
  t_in: 21.336186851131078
  t_ter: 7.541320223317984
