wash:
  rate_power: 29.271197531351053
  t_dur: 1.9701680347641393
  t_in: 19.446751465195028
  t_ter: 7.75945262320412
