wash:
  rate_power: 33.66544434045643
  t_dur: 1.9890268044247759
  t_in: 20.448518593423376
  t_ter: 9.270045497781343
