wash:
  rate_power: 37.003362802003366
  t_dur: 2.2038169653344446
  t_in: 16.243013733249978
  t_ter: 7.005461034994707
