wash:
  rate_power: 25.65433349756814
  t_dur: 2.381757172048561
  t_in: 19.431701366310893
  t_ter: 7.830644771474018
