wash:
  rate_power: 35.871602700163514
  t_dur: 2.0313330476200937
  t_in: 19.282720756750223
  t_ter: 8.35469920377993
