wash:
  rate_power: 33.554192966153124
  t_dur: 2.2498357602561154
  t_in: 20.51806911634315
  t_ter: 7.741866346396686
