wash:
  rate_power: 34.03150176283889
  t_dur: 2.077822478962519
  t_in: 20.043033918022974
  t_ter: 9.074655606103699
