wash:
  rate_power: 31.752454514507516
  t_dur: 2.1116636383101395
  t_in: 20.55775624796418
  t_ter: 8.141189674758625
