wash:
  rate_power: 34.85964650342132
  t_dur: 2.2347071744380527
  t_in: 19.059890659615476
  t_ter: 8.903136100771883
