wash:
  rate_power: 33.91673350651598
  t_dur: 1.8667236120028097
  t_in: 23.92771968678389
  t_ter: 9.29548884595762
