wash:
  rate_power: 33.88651804924193
  t_dur: 1.9902736928891178
  t_in: 17.69522270440502
  t_ter: 7.732001980274095
