wash:
  rate_power: 30.591089609667378
  t_dur: 2.1352144707702867
  t_in: 19.02471911138015
  t_ter: 7.813721646330759
