wash:
  rate_power: 35.8538301224781
  t_dur: 2.2368874416658704
  t_in: 20.86648440814463
  t_ter: 8.57970094901319
