wash:
  rate_power: 39.767812539489974
  t_dur: 2.2510291158042546
  t_in: 18.834504782392056
  t_ter: 8.191723189596766
