wash:
  rate_power: 36.59519448896084
  t_dur: 2.1400322358273653
  t_in: 21.054924986841318
  t_ter: 7.162725168511809
