wash:
  rate_power: 29.90078762113498
  t_dur: 2.3669349239742212
  t_in: 22.01709559422829
  t_ter: 7.086368425652603
