wash:
  rate_power: 36.379693157026665
  t_dur: 2.4491749295154093
  t_in: 20.370652388692008
  t_ter: 7.0778577434555165
