wash:
  rate_power: 35.04427360137909
  t_dur: 1.956208211789533
  t_in: 16.60848917340618
  t_ter: 9.08382634721928
