wash:
  rate_power: 35.92817899990982
  t_dur: 1.8804264051624275
  t_in: 21.62507481109239
  t_ter: 8.534695361552824
