wash:
  rate_power: 28.633238336184288
  t_dur: 2.194263355164575
  t_in: 19.75093501636358
  t_ter: 6.716456127881668
