wash:
  rate_power: 29.256948087150842
  t_dur: 1.937839684076751
  t_in: 18.502633906181238
  t_ter: 7.865131498839626
