wash:
  rate_power: 34.026953287943535
  t_dur: 1.946348306203343
  t_in: 16.205764959791253
  t_ter: 8.00094368568862
