wash:
  rate_power: 35.93999650172963
  t_dur: 2.3800880383653147
  t_in: 18.85673489709485
  t_ter: 7.190535186236034
