wash:
  rate_power: 32.20989217216703
  t_dur: 1.8807536022300653
  t_in: 16.84766049774938
  t_ter: 6.704808496762104
