wash:
  rate_power: 33.130738437422735
  t_dur: 1.7822139278972715
  t_in: 20.364948035924844
  t_ter: 7.972672016601686
