wash:
  rate_power: 33.67472955732994
  t_dur: 2.1769307108298217
  t_in: 21.96812973479374
  t_ter: 7.186080306599566
