wash:
  rate_power: 31.76792238349878
  t_dur: 2.0294986159751156
  t_in: 19.320752401876625
  t_ter: 7.571946535198835
