wash:
  rate_power: 37.27564724108449
  t_dur: 1.9024214318156534
  t_in: 19.8631925023491
  t_ter: 8.49742782968361
