wash:
  rate_power: 35.761007644315704
  t_dur: 1.8521740823123374
  t_in: 20.077861001488127
  t_ter: 7.036480041996679
