wash:
  rate_power: 26.89654837705819
  t_dur: 1.983101151732556
  t_in: 20.898567496519032
  t_ter: 7.286439289455134
