wash:
  rate_power: 28.554650046775986
  t_dur: 1.98035676780478
  t_in: 15.67367863234719
  t_ter: 7.86596763025267
