wash:
  rate_power: 35.245187634253035
  t_dur: 2.0630132581891654
  t_in: 20.03745197790444
  t_ter: 9.187993725252536
