wash:
  rate_power: 36.304920602439076
  t_dur: 2.1613386755856636
  t_in: 16.155312874524178
  t_ter: 8.113556129198704
