wash:
  rate_power: 39.44406798502546
  t_dur: 1.8795004393524155
  t_in: 18.150542864834687
  t_ter: 8.567317706932922
