wash:
  rate_power: 36.0092033501745
  t_dur: 1.9654247144149788
  t_in: 19.143644806280545
  t_ter: 7.247442353889544
