wash:
  rate_power: 33.569125030700484
  t_dur: 2.4129511021840107
  t_in: 20.141256142928782
  t_ter: 8.64058901435191
