wash:
  rate_power: 36.37514332691639
  t_dur: 2.1474698229144904
  t_in: 19.653774980511606
  t_ter: 7.907854192912816
