wash:
  rate_power: 30.336291533750313
  t_dur: 2.369408842312909
  t_in: 20.086685338446042
  t_ter: 7.663387470202754
