wash:
  rate_power: 36.76251636806292
  t_dur: 2.130262700231201
  t_in: 18.913569390779948
  t_ter: 6.737976709514803
