wash:
  rate_power: 32.31502636022401
  t_dur: 1.7120198230613788
  t_in: 19.86838561109684
  t_ter: 8.192659076660412
