wash:
  rate_power: 27.837322322556393
  t_dur: 1.8394402092690287
  t_in: 19.727717803282474
  t_ter: 8.15620847759601
