wash:
  rate_power: 33.155026540282634
  t_dur: 2.2266448014395723
  t_in: 17.686875427253007
  t_ter: 8.91294690697697
