wash:
  rate_power: 35.55479738827095
  t_dur: 2.1771803670495102
  t_in: 19.59128386680958
  t_ter: 7.263462748081421
