wash:
  rate_power: 36.69862995411513
  t_dur: 1.7691055520553225
  t_in: 17.5721534728686
  t_ter: 7.9025063648828855
