wash:
  rate_power: 36.00389916217026
  t_dur: 2.3567017778724426
  t_in: 18.61028862755455
  t_ter: 8.795030959516797
