wash:
  rate_power: 40.02417263188371
  t_dur: 2.0232838834944764
  t_in: 15.296750302810498
  t_ter: 5.824852639385128
