wash:
  rate_power: 34.125625891500924
  t_dur: 2.3318273727813406
  t_in: 18.39663336181828
  t_ter: 6.790760192641027
