wash:
  rate_power: 32.735955126948824
  t_dur: 2.0412860965309165
  t_in: 20.296602322062963
  t_ter: 8.028226380200758
