wash:
  rate_power: 34.10565999617305
  t_dur: 1.8727759471051426
  t_in: 21.015030174928466
  t_ter: 8.98222511398206
