wash:
  rate_power: 36.310715931466945
  t_dur: 1.9589700056418766
  t_in: 17.39968823182852
  t_ter: 7.322303583920277
