wash:
  rate_power: 33.72727293135699
  t_dur: 2.215731715005428
  t_in: 19.340512464374157
  t_ter: 7.796137389268268
