wash:
  rate_power: 33.536471261379916
  t_dur: 2.208367226968438
  t_in: 17.191651510584883
  t_ter: 8.0552751997296
