wash:
  rate_power: 30.701554006364766
  t_dur: 2.006355819135218
  t_in: 20.254332723492446
  t_ter: 5.663505135526782
