wash:
  rate_power: 32.483634830903604
  t_dur: 1.9037198981965204
  t_in: 19.304964796096964
  t_ter: 7.423954334016605
