wash:
  rate_power: 34.715629222429385
  t_dur: 2.2116870227303447
  t_in: 19.605553899647813
  t_ter: 8.987924583500494
