wash:
  rate_power: 31.35894503854455
  t_dur: 2.1570180009139284
  t_in: 21.254528976160273
  t_ter: 6.463303327132006
