wash:
  rate_power: 35.69502280503808
  t_dur: 2.2007171842877713
  t_in: 19.742729443996616
  t_ter: 7.49403571552701
