wash:
  rate_power: 37.01840859662297
  t_dur: 1.4957903656031903
  t_in: 20.99850774091441
  t_ter: 6.430286157806464
