wash:
  rate_power: 35.66538627320226
  t_dur: 2.280371497743032
  t_in: 23.046402378803922
  t_ter: 7.907695258079161
