wash:
  rate_power: 35.38677801898837
  t_dur: 1.9908917194789049
  t_in: 19.895464594809546
  t_ter: 7.443987033165056
