wash:
  rate_power: 34.515320704998516
  t_dur: 2.234974306142402
  t_in: 16.147475626401523
  t_ter: 6.7091082343106
