wash:
  rate_power: 29.94647938549982
  t_dur: 2.063435994077283
  t_in: 20.27602541359515
  t_ter: 7.537602531764632
