wash:
  rate_power: 31.376885882178783
  t_dur: 1.9934741003002563
  t_in: 20.58355128868656
  t_ter: 8.280283726860576
