wash:
  rate_power: 34.54215090661573
  t_dur: 1.8710352395643879
  t_in: 20.07088977568204
  t_ter: 7.268027909464356
