wash:
  rate_power: 28.277936289421675
  t_dur: 2.2355134558718968
  t_in: 19.136373341731172
  t_ter: 7.528243305004654
