wash:
  rate_power: 33.40338409039115
  t_dur: 2.141998377621527
  t_in: 19.81541574151718
  t_ter: 6.939509510331896
