wash:
  rate_power: 29.07603400663493
  t_dur: 2.0884041591608784
  t_in: 19.578748719075104
  t_ter: 8.356912926301064
