wash:
  rate_power: 36.01809193522311
  t_dur: 2.1366936805455845
  t_in: 20.985430823912733
  t_ter: 5.857530311175034
