wash:
  rate_power: 29.53302570495856
  t_dur: 1.9683855462999806
  t_in: 18.30412186144164
  t_ter: 8.398357834817139
