wash:
  rate_power: 33.51972650078325
  t_dur: 2.0814930783703542
  t_in: 17.39504466282695
  t_ter: 7.827038912946881
