wash:
  rate_power: 38.31884561984377
  t_dur: 1.854360158448755
  t_in: 17.296726026546796
  t_ter: 7.28827804688841
