wash:
  rate_power: 29.9038617197524
  t_dur: 2.1269771188874578
  t_in: 22.16249437564356
  t_ter: 6.793794320513258
