wash:
  rate_power: 34.09255144861215
  t_dur: 2.058743208003812
  t_in: 19.909696485819236
  t_ter: 6.918981223555966
