wash:
  rate_power: 33.817745963115925
  t_dur: 1.8425008686356215
  t_in: 15.808732506423691
  t_ter: 7.372485094280404
