wash:
  rate_power: 31.62855360004112
  t_dur: 2.0142347535098404
  t_in: 18.129547001595697
  t_ter: 7.328430274091183
