wash:
  rate_power: 28.223493875267096
  t_dur: 2.351463125329551
  t_in: 20.35875099989964
  t_ter: 8.139707895240814
