wash:
  rate_power: 35.11001120408191
  t_dur: 2.6079923581333713
  t_in: 20.0822646640982
  t_ter: 6.932963770619149
