wash:
  rate_power: 29.148640063623095
  t_dur: 2.0260985387891988
  t_in: 17.44051874946603
  t_ter: 6.959170756275177
