wash:
  rate_power: 31.366632096357517
  t_dur: 2.4687140765104667
  t_in: 17.066898093661965
  t_ter: 7.877063585205069
