wash:
  rate_power: 37.662462899919284
  t_dur: 1.9214844092899555
  t_in: 20.67296866695922
  t_ter: 7.276497066350806
