wash:
  rate_power: 35.024744402271814
  t_dur: 1.8582598801655688
  t_in: 22.091734940580942
  t_ter: 7.397060889397414
