wash:
  rate_power: 39.58815576671584
  t_dur: 2.179212600105978
  t_in: 23.575743540057353
  t_ter: 6.326798725655529
