wash:
  rate_power: 28.920428476861566
  t_dur: 2.3373145373759776
  t_in: 19.137494083970534
  t_ter: 7.669401102156737
