wash:
  rate_power: 33.02295471219601
  t_dur: 2.3512012017254835
  t_in: 16.78646969930038
  t_ter: 6.934854909532362
