wash:
  rate_power: 29.501521308214432
  t_dur: 1.8190952223530237
  t_in: 19.710651561058665
  t_ter: 6.720910425447715
