wash:
  rate_power: 36.55996120057449
  t_dur: 1.9874013065938014
  t_in: 23.35841799682458
  t_ter: 8.294063643060928
