wash:
  rate_power: 38.0909357832928
  t_dur: 2.234845301939412
  t_in: 21.78853650235133
  t_ter: 9.19605087521354
