wash:
  rate_power: 31.569269803863413
  t_dur: 2.077515147456809
  t_in: 16.103859892727
  t_ter: 7.706489482537141
