wash:
  rate_power: 34.46749459687409
  t_dur: 2.2863374592209342
  t_in: 21.475673028608895
  t_ter: 7.0787098706597895
