wash:
  rate_power: 24.719783507589685
  t_dur: 1.8268896150635634
  t_in: 21.760607380677722
  t_ter: 8.644746855076475
