wash:
  rate_power: 33.33339508063141
  t_dur: 2.0401970765870465
  t_in: 16.967134217412518
  t_ter: 8.024714021720845
