wash:
  rate_power: 26.54023454388649
  t_dur: 2.280113738987602
  t_in: 19.45839988455543
  t_ter: 8.379650570714555
