wash:
  rate_power: 40.55824909255068
  t_dur: 1.986022209034752
  t_in: 18.76219203952279
  t_ter: 6.620011195437089
