wash:
  rate_power: 36.26711968040217
  t_dur: 1.9212452584654007
  t_in: 18.413161040725488
  t_ter: 5.790780896292553
