wash:
  rate_power: 37.772243287861365
  t_dur: 1.7923128755889897
  t_in: 19.605816414555242
  t_ter: 6.0154355716508485
