wash:
  rate_power: 31.89114570021479
  t_dur: 2.36358864677142
  t_in: 18.038551070810925
  t_ter: 7.663017822189168
