wash:
  rate_power: 36.260680006658156
  t_dur: 1.698727499760937
  t_in: 20.40158753092573
  t_ter: 8.889543215825817
