wash:
  rate_power: 37.0863977332326
  t_dur: 1.8149049637797177
  t_in: 17.462752412667257
  t_ter: 7.7027802511363115
