wash:
  rate_power: 29.232611366204758
  t_dur: 2.4452863053891916
  t_in: 21.14723964166429
  t_ter: 7.608835490449178
