wash:
  rate_power: 26.168291499981652
  t_dur: 1.932716769318741
  t_in: 21.66375916928144
  t_ter: 7.996937511466034
