wash:
  rate_power: 37.36801298293252
  t_dur: 2.056681104408759
  t_in: 19.37249890636948
  t_ter: 7.914914144706141
