wash:
  rate_power: 33.39949530197093
  t_dur: 2.2503099585815325
  t_in: 14.817961534899775
  t_ter: 8.586615370841699
