wash:
  rate_power: 33.70782166312839
  t_dur: 2.4490097769756556
  t_in: 19.2718936197494
  t_ter: 8.654233475958716
