wash:
  rate_power: 34.55317956103873
  t_dur: 2.1703078315293363
  t_in: 17.527883213768526
  t_ter: 7.841435508143625
