wash:
  rate_power: 37.665582045907215
  t_dur: 2.421079967808188
  t_in: 18.64019381916548
  t_ter: 8.55799706313353
