wash:
  rate_power: 36.29544514187454
  t_dur: 2.2584311679755076
  t_in: 19.30319110450253
  t_ter: 7.174867519213054
