wash:
  rate_power: 32.81421316723142
  t_dur: 1.5792153343274267
  t_in: 15.307256547560401
  t_ter: 8.91522277340883
