wash:
  rate_power: 38.82375204239634
  t_dur: 2.069929772296328
  t_in: 19.518655397821412
  t_ter: 9.648195679788289
