wash:
  rate_power: 25.6259041414027
  t_dur: 2.1590504864139315
  t_in: 20.087007645827374
  t_ter: 7.13606923702758
