wash:
  rate_power: 40.62974415351859
  t_dur: 1.587699468049089
  t_in: 19.64711766266727
  t_ter: 8.130078580286375
