wash:
  rate_power: 37.660235229817836
  t_dur: 2.030272003253481
  t_in: 18.473389234795967
  t_ter: 8.932720025074435
