wash:
  rate_power: 39.133433366876524
  t_dur: 2.143402923049685
  t_in: 21.077728131946905
  t_ter: 7.45288484300852
