wash:
  rate_power: 32.12812654196262
  t_dur: 2.0228505359617692
  t_in: 17.38284480922911
  t_ter: 7.104892172979701
