wash:
  rate_power: 33.523046536178356
  t_dur: 2.0327239960702825
  t_in: 18.440099760076873
  t_ter: 6.931576715400825
