wash:
  rate_power: 31.484671493460663
  t_dur: 2.0866278792262274
  t_in: 20.879778022503057
  t_ter: 6.422366981399209
