wash:
  rate_power: 33.3981872727728
  t_dur: 1.8512040741750966
  t_in: 19.230572115622422
  t_ter: 7.953865084427413
