wash:
  rate_power: 42.342843177465305
  t_dur: 2.204646655046009
  t_in: 18.238121381235594
  t_ter: 7.201899693966211
