wash:
  rate_power: 36.67438429772558
  t_dur: 1.9063607266273792
  t_in: 19.239874502710133
  t_ter: 8.463250538247166
