wash:
  rate_power: 34.5825192365659
  t_dur: 2.155887712994344
  t_in: 18.783330837993397
  t_ter: 7.783674608671337
