wash:
  rate_power: 33.68227074535293
  t_dur: 2.3086272835132187
  t_in: 19.551372245418783
  t_ter: 6.6284256813237805
