wash:
  rate_power: 32.168281709280826
  t_dur: 2.28199888488742
  t_in: 16.030417356419264
  t_ter: 8.994068137246881
