wash:
  rate_power: 42.24396295899988
  t_dur: 2.1058569819741786
  t_in: 16.563659228583123
  t_ter: 7.972274512726099
