wash:
  rate_power: 31.29329224791738
  t_dur: 1.9341733782784682
  t_in: 19.249618713564878
  t_ter: 6.457626716987564
