wash:
  rate_power: 38.94628146679603
  t_dur: 2.281031706875124
  t_in: 18.311328583573236
  t_ter: 7.312933573637001
