wash:
  rate_power: 31.59588473343045
  t_dur: 1.932039841954211
  t_in: 17.367723033665964
  t_ter: 9.004972393061616
