wash:
  rate_power: 37.079779930569906
  t_dur: 1.7842024889281072
  t_in: 18.81847400549299
  t_ter: 6.95443472645654
