wash:
  rate_power: 37.757776046336794
  t_dur: 2.0308095158705775
  t_in: 16.751155387648577
  t_ter: 6.954298378732575
