wash:
  rate_power: 28.58837899648508
  t_dur: 1.7718338276264571
  t_in: 18.64222132099928
  t_ter: 6.985834140936749
