wash:
  rate_power: 37.21336813008651
  t_dur: 2.0785798155053867
  t_in: 20.48564109925501
  t_ter: 9.253346876046663
