wash:
  rate_power: 33.77265671369522
  t_dur: 1.911655405322031
  t_in: 16.18390557267166
  t_ter: 7.382293319229648
