wash:
  rate_power: 37.45077101943398
  t_dur: 1.798977315946527
  t_in: 21.429244436671162
  t_ter: 8.414852439065259
