wash:
  rate_power: 31.40549214252966
  t_dur: 2.2020162278199162
  t_in: 19.400446089756862
  t_ter: 9.482658431721925
