wash:
  rate_power: 34.028431587994326
  t_dur: 1.8902587487246973
  t_in: 21.79688134817152
  t_ter: 8.427089398571644
