wash:
  rate_power: 36.08407061747243
  t_dur: 2.2254041451168716
  t_in: 21.52450954340545
  t_ter: 8.478847963100163
