wash:
  rate_power: 31.01785911432228
  t_dur: 1.7966879822294148
  t_in: 17.83164162623971
  t_ter: 8.176197038444498
