wash:
  rate_power: 27.508835719265576
  t_dur: 2.4677421721979687
  t_in: 22.275354705865286
  t_ter: 8.943813975605506
