wash:
  rate_power: 28.565980275243362
  t_dur: 2.1121970763604927
  t_in: 17.336012415389167
  t_ter: 6.287242519366726
