wash:
  rate_power: 33.76157379744753
  t_dur: 2.140119470229631
  t_in: 20.706984683476414
  t_ter: 7.7843305359999055
