wash:
  rate_power: 33.73759137562193
  t_dur: 2.524709747642498
  t_in: 18.220827584506534
  t_ter: 8.046530787901965
