wash:
  rate_power: 31.84354928955803
  t_dur: 1.7151447841582437
  t_in: 17.834387030250515
  t_ter: 9.204012926813274
