wash:
  rate_power: 33.516809489857714
  t_dur: 2.048438547794615
  t_in: 17.041345834296557
  t_ter: 7.459347565199827
