wash:
  rate_power: 31.87556532279353
  t_dur: 1.8664775350884788
  t_in: 17.034847402906895
  t_ter: 7.072491191594358
