wash:
  rate_power: 36.32737298152564
  t_dur: 2.089954054126747
  t_in: 18.705039813320642
  t_ter: 7.381389053837489
