wash:
  rate_power: 39.617988013050045
  t_dur: 2.2663203150925364
  t_in: 19.489319916379745
  t_ter: 7.121971365069485
