wash:
  rate_power: 29.293927982998646
  t_dur: 1.7998340297884348
  t_in: 19.636429656160345
  t_ter: 8.004652298254367
