wash:
  rate_power: 36.17451588812875
  t_dur: 2.1268735019479803
  t_in: 20.221213984874485
  t_ter: 7.631623484200678
