wash:
  rate_power: 35.29576476906267
  t_dur: 2.195070889058965
  t_in: 15.47161584369778
  t_ter: 9.25247757881565
