wash:
  rate_power: 36.607315288654746
  t_dur: 1.6646945538510587
  t_in: 21.872290339633853
  t_ter: 8.293553544162025
