wash:
  rate_power: 30.13425976162572
  t_dur: 1.9847356486562278
  t_in: 20.339281034149714
  t_ter: 9.12514982235637
