wash:
  rate_power: 33.49826394295467
  t_dur: 1.9493470899841947
  t_in: 17.891247181947147
  t_ter: 8.479284152652282
