wash:
  rate_power: 29.182258730109385
  t_dur: 2.3880176956431103
  t_in: 19.975503811962326
  t_ter: 7.720309328289259
