wash:
  rate_power: 32.58509624539972
  t_dur: 1.8236054687142729
  t_in: 16.804265372881403
  t_ter: 6.868762323997069
