wash:
  rate_power: 38.843543645871904
  t_dur: 1.9247983313328823
  t_in: 19.075579108931585
  t_ter: 8.496053183074876
