wash:
  rate_power: 33.668808714379836
  t_dur: 2.0264252083656866
  t_in: 17.138657880081762
  t_ter: 6.847668631436799
