wash:
  rate_power: 42.09789874641772
  t_dur: 2.1734942267955155
  t_in: 20.227015063516383
  t_ter: 7.579284265349521
