wash:
  rate_power: 30.503184362725452
  t_dur: 1.8692954319965942
  t_in: 20.475914960580777
  t_ter: 8.105974732572907
