wash:
  rate_power: 36.214547092747296
  t_dur: 2.0168687702301837
  t_in: 20.26684921954192
  t_ter: 7.624400374368659
