wash:
  rate_power: 37.999320160024155
  t_dur: 2.222015470957173
  t_in: 19.306342986583882
  t_ter: 6.674149081113516
