wash:
  rate_power: 33.131414985994134
  t_dur: 2.243527716661023
  t_in: 21.87913062652854
  t_ter: 6.902396145791035
