wash:
  rate_power: 33.176976446163
  t_dur: 2.144484980634818
  t_in: 21.857642395151117
  t_ter: 7.286194976202551
