wash:
  rate_power: 27.035968328209563
  t_dur: 1.7126089725040428
  t_in: 17.28666353547832
  t_ter: 7.0562010192274816
