wash:
  rate_power: 33.32431033227278
  t_dur: 1.9728765653832536
  t_in: 20.34447986168897
  t_ter: 8.183060707873084
