wash:
  rate_power: 31.541102635836328
  t_dur: 1.956027821609807
  t_in: 21.60095882698653
  t_ter: 7.725521178423243
