wash:
  rate_power: 28.079149703829003
  t_dur: 1.8914486287277577
  t_in: 19.85324929699587
  t_ter: 7.429369325347439
