wash:
  rate_power: 34.250946002619486
  t_dur: 2.1098777486591405
  t_in: 18.69415554134329
  t_ter: 7.660240022008502
