wash:
  rate_power: 33.494821052151174
  t_dur: 1.7564305847337869
  t_in: 18.191143488129136
  t_ter: 7.505686790790038
