wash:
  rate_power: 37.61041193142749
  t_dur: 2.164077850500304
  t_in: 16.87653020053643
  t_ter: 7.348072037107952
