wash:
  rate_power: 32.065066579012594
  t_dur: 1.680666317354958
  t_in: 16.419080430056734
  t_ter: 8.2702814956464
