wash:
  rate_power: 34.654457341788444
  t_dur: 2.186827909140432
  t_in: 18.714655282604138
  t_ter: 7.517934662435315
