wash:
  rate_power: 39.389843013716096
  t_dur: 1.9388864842823614
  t_in: 19.996722063267164
  t_ter: 8.113637752096075
