wash:
  rate_power: 31.586210125124044
  t_dur: 2.3023238711811316
  t_in: 19.84249563078685
  t_ter: 7.419237836792853
