wash:
  rate_power: 36.70953077201321
  t_dur: 1.9804642380562743
  t_in: 17.13762490515593
  t_ter: 6.712653461525382
