wash:
  rate_power: 28.12450292097323
  t_dur: 1.8699143450487623
  t_in: 17.167737912774463
  t_ter: 7.100682417285946
