wash:
  rate_power: 40.4262670932363
  t_dur: 2.3439007547930006
  t_in: 23.137367858185417
  t_ter: 7.74983092881347
