wash:
  rate_power: 29.507948916229825
  t_dur: 2.0108129004843764
  t_in: 20.747407678361988
  t_ter: 9.181477423199564
