wash:
  rate_power: 31.23708095949435
  t_dur: 1.9065833521688542
  t_in: 20.698314209438525
  t_ter: 8.783387464953993
