wash:
  rate_power: 40.457846290411446
  t_dur: 2.281241662791725
  t_in: 16.755611317321517
  t_ter: 8.158622447323207
