wash:
  rate_power: 35.91092988482094
  t_dur: 2.138519802122139
  t_in: 17.08538963622425
  t_ter: 8.51626797508556
