wash:
  rate_power: 34.0265573621853
  t_dur: 2.135389292909031
  t_in: 16.92449738832403
  t_ter: 6.945017731575499
