wash:
  rate_power: 29.18087114154653
  t_dur: 2.1918468155248925
  t_in: 21.223846738622456
  t_ter: 9.656011734549548
