wash:
  rate_power: 39.315563673422936
  t_dur: 2.185941334534862
  t_in: 21.244179353453948
  t_ter: 8.370756783243218
