wash:
  rate_power: 32.61484330167005
  t_dur: 1.8765851206306012
  t_in: 21.28268196672746
  t_ter: 8.811595443228727
