wash:
  rate_power: 34.950355823556194
  t_dur: 2.3722284002621543
  t_in: 18.361376710623333
  t_ter: 8.898014658207254
