wash:
  rate_power: 28.524378045812945
  t_dur: 2.074991335311473
  t_in: 20.606010086667165
  t_ter: 8.323105573495273
