wash:
  rate_power: 36.39747653942799
  t_dur: 2.176875456492311
  t_in: 17.611430499041955
  t_ter: 6.516175365048206
