wash:
  rate_power: 36.00849252613757
  t_dur: 1.8110350192729268
  t_in: 17.396438216836838
  t_ter: 8.03245875128997
