wash:
  rate_power: 33.940574149824286
  t_dur: 2.0511128104135348
  t_in: 17.303860939061956
  t_ter: 7.642581740351469
