wash:
  rate_power: 29.058240265761473
  t_dur: 1.9616624587018878
  t_in: 16.953400076333903
  t_ter: 5.680939960309558
