wash:
  rate_power: 30.859778095911906
  t_dur: 1.9815828098618662
  t_in: 21.110784410814492
  t_ter: 7.35193006670337
