wash:
  rate_power: 41.799987242467374
  t_dur: 2.272526705989059
  t_in: 20.0556669886669
  t_ter: 7.590900306534434
