wash:
  rate_power: 39.10925500034576
  t_dur: 1.7079225359866312
  t_in: 18.692495106407232
  t_ter: 7.249083286635696
