wash:
  rate_power: 33.60677821448565
  t_dur: 2.093550046582313
  t_in: 22.588691761340943
  t_ter: 6.815178437953126
