wash:
  rate_power: 30.312143423794925
  t_dur: 1.9504772551641343
  t_in: 19.81873377996169
  t_ter: 7.910579035913136
