wash:
  rate_power: 34.0549662211728
  t_dur: 1.8559572012684205
  t_in: 13.922595107661458
  t_ter: 8.069291140734085
