wash:
  rate_power: 36.8946920170366
  t_dur: 2.2535749460252483
  t_in: 17.101816964582454
  t_ter: 7.835686344306073
