wash:
  rate_power: 31.923343666464543
  t_dur: 1.8751166889195816
  t_in: 17.672968203875143
  t_ter: 7.886780074533923
