wash:
  rate_power: 33.004115920446324
  t_dur: 1.9053729087078841
  t_in: 18.408475915114106
  t_ter: 7.772916089522744
