wash:
  rate_power: 31.349420170317835
  t_dur: 2.197196039598498
  t_in: 17.829095440656364
  t_ter: 7.009985056325271
