wash:
  rate_power: 35.090984491257124
  t_dur: 2.091623441195188
  t_in: 18.126443336853104
  t_ter: 9.366257353166
