wash:
  rate_power: 34.50743969823029
  t_dur: 1.9071766383835769
  t_in: 20.91521373528981
  t_ter: 8.078453433307299
