wash:
  rate_power: 36.73489091572906
  t_dur: 2.2709406101774725
  t_in: 17.27046877249412
  t_ter: 7.405479266062221
