wash:
  rate_power: 30.8071911494288
  t_dur: 2.10917361353727
  t_in: 18.654971465752848
  t_ter: 8.398304499783606
