wash:
  rate_power: 36.70672307551464
  t_dur: 2.1691175905717484
  t_in: 18.525498755073777
  t_ter: 7.191133282140486
