wash:
  rate_power: 25.151972144933925
  t_dur: 1.929498602744225
  t_in: 20.76854590050784
  t_ter: 6.755288395388852
