wash:
  rate_power: 29.647490277188368
  t_dur: 1.9056468364601467
  t_in: 21.789690284357896
  t_ter: 8.10330489806872
