wash:
  rate_power: 36.15449894786966
  t_dur: 1.8592689519859003
  t_in: 15.17730892396387
  t_ter: 6.179388356729667
