wash:
  rate_power: 37.025086711111605
  t_dur: 2.2743266755202556
  t_in: 17.38286792202937
  t_ter: 8.160742448481638
