wash:
  rate_power: 34.37565342951503
  t_dur: 2.273700438619829
  t_in: 18.738317077432058
  t_ter: 7.286913314120847
