wash:
  rate_power: 33.29666967310491
  t_dur: 2.078133550973411
  t_in: 19.06996616120288
  t_ter: 8.195672293871185
