wash:
  rate_power: 36.46175105649649
  t_dur: 2.107914208344108
  t_in: 19.064796687096617
  t_ter: 9.444537449638684
