wash:
  rate_power: 37.39780904077601
  t_dur: 1.9544340048465518
  t_in: 19.666411776698194
  t_ter: 8.248688298361271
