wash:
  rate_power: 27.88687125880929
  t_dur: 1.8160672356491772
  t_in: 16.8273290782152
  t_ter: 8.387287835410717
