wash:
  rate_power: 33.77241554229283
  t_dur: 2.3556233264039506
  t_in: 16.043908920789654
  t_ter: 7.817980217688851
