wash:
  rate_power: 34.42879235088739
  t_dur: 2.231632365408375
  t_in: 18.910435996464944
  t_ter: 8.04679771364938
