wash:
  rate_power: 33.41784992085733
  t_dur: 2.066217644157808
  t_in: 17.37600968744004
  t_ter: 7.959025741300555
