wash:
  rate_power: 27.432974430511084
  t_dur: 2.0665598055083665
  t_in: 19.396330576914522
  t_ter: 6.996102057637543
