wash:
  rate_power: 36.57336545790658
  t_dur: 2.0844598212076626
  t_in: 19.67328312626561
  t_ter: 7.9911686818854255
