wash:
  rate_power: 30.898315112347085
  t_dur: 2.137132836437612
  t_in: 22.357677923622933
  t_ter: 7.190336441220856
