wash:
  rate_power: 32.43357108035407
  t_dur: 1.8903382228445602
  t_in: 19.68373904782995
  t_ter: 10.372986779555266
