wash:
  rate_power: 28.203886808715513
  t_dur: 2.067436864201046
  t_in: 22.624279336820596
  t_ter: 8.193115590801149
