wash:
  rate_power: 35.927692324718095
  t_dur: 1.7087391734735455
  t_in: 16.3230352763081
  t_ter: 7.7217420205941805
