wash:
  rate_power: 34.290293360011596
  t_dur: 2.534615317517688
  t_in: 16.546630303034256
  t_ter: 8.716001011816775
