wash:
  rate_power: 25.240157692468642
  t_dur: 1.9983025150342617
  t_in: 16.799190395076348
  t_ter: 7.3487682093047555
