wash:
  rate_power: 32.486294250011724
  t_dur: 2.412270481124362
  t_in: 18.61569675868335
  t_ter: 7.526347758016328
