wash:
  rate_power: 37.87072234942013
  t_dur: 2.2582275089306827
  t_in: 19.61313472341642
  t_ter: 7.520843691339138
