wash:
  rate_power: 38.16985951393317
  t_dur: 1.7556494043980315
  t_in: 19.866527233878102
  t_ter: 8.375114140451773
