wash:
  rate_power: 39.02548989799781
  t_dur: 2.307826943694996
  t_in: 18.74713044520944
  t_ter: 8.645844399308528
