wash:
  rate_power: 40.297161367688226
  t_dur: 2.1396290999652727
  t_in: 21.49023172500854
  t_ter: 8.544754576815684
