wash:
  rate_power: 31.327725149003783
  t_dur: 2.147686437994508
  t_in: 18.54102932819527
  t_ter: 7.018642074755462
