wash:
  rate_power: 33.76730375864745
  t_dur: 2.1232459227581035
  t_in: 19.909649271052785
  t_ter: 7.12632231220266
