wash:
  rate_power: 34.555098787280905
  t_dur: 2.2773619825999343
  t_in: 22.270540215135338
  t_ter: 7.147307033939879
