wash:
  rate_power: 35.897659538833615
  t_dur: 1.9597158965061425
  t_in: 18.24188932771404
  t_ter: 6.87693034862627
