wash:
  rate_power: 29.86000428377372
  t_dur: 2.0060532888277542
  t_in: 21.128954590985426
  t_ter: 8.378013933256879
