wash:
  rate_power: 34.126762461518
  t_dur: 2.415759056674575
  t_in: 17.368871046302775
  t_ter: 7.227279934952461
