wash:
  rate_power: 36.72240263801144
  t_dur: 1.798629018375701
  t_in: 19.20368458816566
  t_ter: 8.171124532207605
