wash:
  rate_power: 40.454169697835475
  t_dur: 2.0466647711956005
  t_in: 17.57326844152149
  t_ter: 7.455566315667133
