wash:
  rate_power: 35.033950191531105
  t_dur: 1.811319873792693
  t_in: 17.342948340343888
  t_ter: 6.795568180594085
