wash:
  rate_power: 31.414346911577816
  t_dur: 2.3769909192906833
  t_in: 19.843248530192998
  t_ter: 6.947941966860789
