wash:
  rate_power: 32.05428157213871
  t_dur: 2.1367258788162222
  t_in: 18.429731887977308
  t_ter: 8.780015488138528
