wash:
  rate_power: 33.62737947283084
  t_dur: 1.9466563219880335
  t_in: 17.639485784915006
  t_ter: 8.248633181725015
