wash:
  rate_power: 34.90486879144945
  t_dur: 2.2349149024697414
  t_in: 16.616808602813414
  t_ter: 7.795611787721047
