wash:
  rate_power: 35.7608493173603
  t_dur: 1.9577996959500414
  t_in: 17.519462607206968
  t_ter: 7.0849231957920775
