wash:
  rate_power: 34.84953588660015
  t_dur: 1.860812873443798
  t_in: 16.867996411390678
  t_ter: 7.593642365883714
