wash:
  rate_power: 34.35308340675507
  t_dur: 2.0515972527726145
  t_in: 22.444281957458855
  t_ter: 6.920044963743855
