wash:
  rate_power: 45.42598551483434
  t_dur: 2.036793931147649
  t_in: 21.38749589333976
  t_ter: 6.891177152971784
