wash:
  rate_power: 38.214985306758834
  t_dur: 1.7061601536779536
  t_in: 16.348596464419614
  t_ter: 7.758793029548553
