wash:
  rate_power: 39.91798132941827
  t_dur: 2.330279328548349
  t_in: 16.60434909828612
  t_ter: 7.510934852060911
