wash:
  rate_power: 37.342650754729014
  t_dur: 2.1647813321899
  t_in: 17.816238698711796
  t_ter: 8.914634006640467
