wash:
  rate_power: 40.93994411507159
  t_dur: 1.9633547544920709
  t_in: 19.307220565777406
  t_ter: 7.041628380663117
