wash:
  rate_power: 36.38517529224325
  t_dur: 1.7785733872473608
  t_in: 16.627214846264224
  t_ter: 8.790726039254626
