wash:
  rate_power: 36.11274741754019
  t_dur: 1.8561490201855761
  t_in: 17.82522061111277
  t_ter: 7.728587922324216
