wash:
  rate_power: 31.004183624226524
  t_dur: 1.8653664056125174
  t_in: 19.402316893444564
  t_ter: 8.162990308555468
