wash:
  rate_power: 36.46262921414428
  t_dur: 2.093266043643619
  t_in: 17.77392508985744
  t_ter: 7.631071033568653
