wash:
  rate_power: 35.852883066671076
  t_dur: 2.158924268640808
  t_in: 18.260402449285692
  t_ter: 7.901934087431408
