wash:
  rate_power: 30.46841616553963
  t_dur: 1.9309655877395604
  t_in: 19.260290234094594
  t_ter: 6.786761458921268
