wash:
  rate_power: 37.09293415829452
  t_dur: 2.159295842491017
  t_in: 19.429889447706522
  t_ter: 8.462810152358296
