wash:
  rate_power: 37.8580637664298
  t_dur: 1.9832278583118634
  t_in: 17.88815965638114
  t_ter: 7.807929817983406
