wash:
  rate_power: 35.66194236599856
  t_dur: 2.2587919991372
  t_in: 16.5784006724379
  t_ter: 6.442291123090776
