wash:
  rate_power: 31.996268590540055
  t_dur: 2.170233001317101
  t_in: 21.63256420387108
  t_ter: 5.771944036007242
