wash:
  rate_power: 34.12224193067018
  t_dur: 2.255548694877839
  t_in: 19.019420181389417
  t_ter: 8.21356593249608
