wash:
  rate_power: 36.27241830272715
  t_dur: 2.3792612523446204
  t_in: 16.653999416536895
  t_ter: 6.833194440157553
