wash:
  rate_power: 36.2447255456441
  t_dur: 2.0421668718024217
  t_in: 19.358780858575198
  t_ter: 9.852729370912371
