wash:
  rate_power: 39.565542212014115
  t_dur: 2.3499662812121613
  t_in: 18.528097286321334
  t_ter: 8.837939363287326
