wash:
  rate_power: 26.137307019612948
  t_dur: 1.9655430664108755
  t_in: 18.263836898595855
  t_ter: 6.856326379895444
