wash:
  rate_power: 35.58230591037369
  t_dur: 2.199011766412352
  t_in: 18.332169937023952
  t_ter: 7.948038712973658
