wash:
  rate_power: 36.05672651887474
  t_dur: 1.572775060713062
  t_in: 18.745520391745547
  t_ter: 7.936448028643248
