wash:
  rate_power: 31.63866964945179
  t_dur: 2.2672424267974804
  t_in: 19.781814333445137
  t_ter: 9.592459474069175
