wash:
  rate_power: 35.6625072762411
  t_dur: 2.0423234372101007
  t_in: 20.024551528213
  t_ter: 7.342390112656085
