wash:
  rate_power: 39.833965032194556
  t_dur: 2.244795040707359
  t_in: 18.40101692322172
  t_ter: 7.417536453799007
