wash:
  rate_power: 34.977754770870725
  t_dur: 1.8379844046800546
  t_in: 21.318933455546148
  t_ter: 6.944217156067503
