wash:
  rate_power: 36.60011033603806
  t_dur: 1.8291732497184297
  t_in: 16.633612014381118
  t_ter: 8.210098499626843
