wash:
  rate_power: 31.226557726903103
  t_dur: 2.1444624211364958
  t_in: 18.33899241580987
  t_ter: 7.648777722477035
