wash:
  rate_power: 35.10555202872919
  t_dur: 1.9227441248095807
  t_in: 18.29513878494123
  t_ter: 8.92968228585711
