wash:
  rate_power: 37.62224376561966
  t_dur: 1.7894381753414896
  t_in: 16.526780796496816
  t_ter: 6.508365415148728
