wash:
  rate_power: 30.052307027486346
  t_dur: 1.7457849654391235
  t_in: 17.032223269581426
  t_ter: 6.662733129794789
