wash:
  rate_power: 33.281625450181416
  t_dur: 1.8941549691063395
  t_in: 18.291267242186976
  t_ter: 7.120995900244897
