wash:
  rate_power: 32.42352095549841
  t_dur: 2.254961786193579
  t_in: 17.81570068096465
  t_ter: 7.3611486121891465
