wash:
  rate_power: 29.039259170835866
  t_dur: 2.049448794586087
  t_in: 17.046424619013486
  t_ter: 8.5488448602777
