wash:
  rate_power: 29.05116692001542
  t_dur: 2.02613957973034
  t_in: 20.826589659298342
  t_ter: 7.116989219518369
