wash:
  rate_power: 36.91411785466161
  t_dur: 1.8048621611103064
  t_in: 20.37036292386916
  t_ter: 7.438886490405258
