wash:
  rate_power: 34.713185109412265
  t_dur: 1.9598451122997373
  t_in: 22.225767186757476
  t_ter: 7.450383302054644
