wash:
  rate_power: 39.86047401475052
  t_dur: 1.5695462816382102
  t_in: 20.186976302334294
  t_ter: 7.553359425450572
