wash:
  rate_power: 32.708314285480135
  t_dur: 2.0891816778119967
  t_in: 19.468827861076594
  t_ter: 7.815529887449252
