wash:
  rate_power: 35.74891621369025
  t_dur: 1.884180295699527
  t_in: 19.567002269093646
  t_ter: 7.4110324337572
