wash:
  rate_power: 30.57912725334196
  t_dur: 2.2525687389930673
  t_in: 17.190551644039786
  t_ter: 7.6222744464131305
