wash:
  rate_power: 38.863767930053626
  t_dur: 1.9246033724548588
  t_in: 19.10566207733789
  t_ter: 8.270422411546845
