wash:
  rate_power: 33.92100490330377
  t_dur: 2.401362863477305
  t_in: 18.89464709266097
  t_ter: 8.255286567508822
