wash:
  rate_power: 38.396593756971306
  t_dur: 1.986762159333559
  t_in: 17.420898704566977
  t_ter: 9.168774119881249
