wash:
  rate_power: 34.15108050101455
  t_dur: 2.0750781656578523
  t_in: 20.785630023401385
  t_ter: 7.268576981696954
