wash:
  rate_power: 36.162516966006216
  t_dur: 1.7008764999946657
  t_in: 19.165105139295807
  t_ter: 8.318451545306397
