wash:
  rate_power: 30.183605635769798
  t_dur: 1.8053588532509632
  t_in: 17.739428671482433
  t_ter: 7.792506186155353
