wash:
  rate_power: 35.315575612903054
  t_dur: 2.157390791012826
  t_in: 20.951720606155405
  t_ter: 8.131229869243603
