wash:
  rate_power: 33.17133025790926
  t_dur: 1.773273542876739
  t_in: 16.546504769197647
  t_ter: 8.012146115317675
