wash:
  rate_power: 34.17951076762093
  t_dur: 2.456962362758427
  t_in: 22.449831282523835
  t_ter: 6.168972487166973
