wash:
  rate_power: 32.942439120543966
  t_dur: 1.7811725723692697
  t_in: 15.101117989935336
  t_ter: 6.958629262016095
