wash:
  rate_power: 37.81064237348437
  t_dur: 2.115583014940934
  t_in: 19.78110802406055
  t_ter: 7.323914352239629
