wash:
  rate_power: 40.76452544382931
  t_dur: 2.164228371008561
  t_in: 20.217455941864788
  t_ter: 8.36806962028731
