wash:
  rate_power: 27.372129289714028
  t_dur: 2.0301483392448536
  t_in: 21.55703261840327
  t_ter: 7.609834986276037
