wash:
  rate_power: 29.251632550570108
  t_dur: 2.1375771752220776
  t_in: 19.559661629278434
  t_ter: 7.207894302174646
