wash:
  rate_power: 34.373510368214696
  t_dur: 1.631556619142237
  t_in: 20.856705916107977
  t_ter: 7.647638100940114
