wash:
  rate_power: 37.30628121408443
  t_dur: 2.1845965886235614
  t_in: 20.506820830093176
  t_ter: 7.717918192770757
