wash:
  rate_power: 30.94240891477224
  t_dur: 2.1897742120127153
  t_in: 18.62680053760223
  t_ter: 8.149782406317575
