wash:
  rate_power: 32.596256910179974
  t_dur: 1.98632034046555
  t_in: 21.12222974988619
  t_ter: 8.1322711196507
