wash:
  rate_power: 34.137331083691585
  t_dur: 2.02222923661415
  t_in: 21.55743125733122
  t_ter: 6.760148334145949
