wash:
  rate_power: 33.676224571413755
  t_dur: 1.831647574597169
  t_in: 17.147060258063906
  t_ter: 7.168764639178321
