wash:
  rate_power: 41.28076831990629
  t_dur: 2.491083908115641
  t_in: 15.481217149060953
  t_ter: 6.341462073751935
