wash:
  rate_power: 35.1077374715214
  t_dur: 1.929359968259441
  t_in: 20.668446751176404
  t_ter: 8.453399471121235
