wash:
  rate_power: 31.5928376055584
  t_dur: 2.1870544851607696
  t_in: 17.274239535702144
  t_ter: 8.537165934201221
