wash:
  rate_power: 37.77024253781742
  t_dur: 1.6712363242013941
  t_in: 23.249723869565997
  t_ter: 7.874001812111986
