wash:
  rate_power: 36.832222890540635
  t_dur: 2.014516781255499
  t_in: 18.000368870167783
  t_ter: 8.447200908450506
