wash:
  rate_power: 36.05411287749647
  t_dur: 2.3969493431137465
  t_in: 20.40349528259182
  t_ter: 8.167971948347901
