wash:
  rate_power: 34.54326891625133
  t_dur: 1.9130704496584083
  t_in: 20.851248463644225
  t_ter: 6.521516420014709
