wash:
  rate_power: 35.570915084430375
  t_dur: 1.9612049212770584
  t_in: 17.027286983071765
  t_ter: 8.09432415390957
