wash:
  rate_power: 37.12564325878305
  t_dur: 2.408804394455517
  t_in: 19.702593268904582
  t_ter: 8.149758415748046
