wash:
  rate_power: 40.33908324137873
  t_dur: 1.8530130087152803
  t_in: 20.79585529829227
  t_ter: 6.5058982936024305
