wash:
  rate_power: 28.514054355961044
  t_dur: 2.168762559190501
  t_in: 14.969365403793908
  t_ter: 7.925369199809529
