wash:
  rate_power: 35.999252406419146
  t_dur: 2.300428438063616
  t_in: 18.533789124031216
  t_ter: 7.144988276400723
