wash:
  rate_power: 29.147828754927616
  t_dur: 2.2709275501675683
  t_in: 20.791020390686466
  t_ter: 8.163284250880038
