wash:
  rate_power: 31.528817971242383
  t_dur: 2.040535188929562
  t_in: 19.981802359541728
  t_ter: 6.755225737433834
