wash:
  rate_power: 31.009144484517545
  t_dur: 2.404599479175713
  t_in: 19.221503857084464
  t_ter: 7.401571637506674
