wash:
  rate_power: 36.88303677268937
  t_dur: 1.9312184284498741
  t_in: 22.138338289141807
  t_ter: 7.613687201173556
