wash:
  rate_power: 32.417255996457165
  t_dur: 1.8795416150255437
  t_in: 18.578535688718233
  t_ter: 8.025236493606796
