wash:
  rate_power: 29.823362976474108
  t_dur: 1.9708751831875893
  t_in: 21.563229400730915
  t_ter: 5.454698715562707
