wash:
  rate_power: 34.22488310482691
  t_dur: 1.8327014309717025
  t_in: 16.566528386245977
  t_ter: 7.757191423728797
