wash:
  rate_power: 32.57298543648761
  t_dur: 1.425554371331979
  t_in: 20.414968218606113
  t_ter: 6.708510256267319
