wash:
  rate_power: 32.61553720096343
  t_dur: 2.0046614266326412
  t_in: 17.983854626580463
  t_ter: 7.738722198923615
