wash:
  rate_power: 34.80530159707401
  t_dur: 2.0369958257465437
  t_in: 14.435929279379627
  t_ter: 7.883590382181274
