wash:
  rate_power: 29.9755117285154
  t_dur: 2.1655983932174863
  t_in: 18.13381915341721
  t_ter: 7.203003647244893
