wash:
  rate_power: 31.00787480553182
  t_dur: 1.80273066022621
  t_in: 19.631889682853053
  t_ter: 6.503197744657871
