wash:
  rate_power: 34.799037506568006
  t_dur: 1.8630412643946326
  t_in: 18.422414605611923
  t_ter: 8.114395252182176
