wash:
  rate_power: 28.400285346298062
  t_dur: 2.0689968989534715
  t_in: 21.228583555275097
  t_ter: 7.1669958207801026
