wash:
  rate_power: 31.74810530723601
  t_dur: 2.0124282548289814
  t_in: 17.43721252880186
  t_ter: 7.232709460827665
