wash:
  rate_power: 34.03565425392363
  t_dur: 1.8476828928459899
  t_in: 20.50242292705481
  t_ter: 7.616551083688155
