wash:
  rate_power: 34.70591360484768
  t_dur: 2.074823603505854
  t_in: 19.252933927871233
  t_ter: 7.610869001434863
