wash:
  rate_power: 35.605921657967244
  t_dur: 2.181434613093949
  t_in: 22.647739873307422
  t_ter: 8.921798943106173
