wash:
  rate_power: 37.74321886709816
  t_dur: 2.0300120057397066
  t_in: 17.85928606055879
  t_ter: 7.614733453109674
