vehicle:
  capacity: 104.99845742412938
  capacity_demand: 85.09111596199676
  charge_effi: 1
  discharge_effi: 1
  max_power: 21.797753109687356
  t_arr: 18
  t_dep: 9
