vehicle:
  capacity: 111.93347960471515
  capacity_demand: 79.53420945486492
  charge_effi: 0.9581022412163602
  discharge_effi: 0.7795401919473426
  max_power: 35.8147117074375
  t_arr: 12.335461382314593
  t_dep: 8.999628594973194
