vehicle:
  capacity: 112.89975933953193
  capacity_demand: 84.57026737219572
  charge_effi: 0.7912966282893499
  discharge_effi: 0.6056350009558726
  max_power: 27.049384637948037
  t_arr: 15.942299290518095
  t_dep: 8.578290378194604
