vehicle:
  capacity: 135.84817710244047
  capacity_demand: 74.99146375940072
  charge_effi: 0.9625005356805073
  discharge_effi: 0.5573773149782755
  max_power: 26.78683812896803
  t_arr: 11.709520148032645
  t_dep: 7.494478159507618
