vehicle:
  capacity: 132.92791563197775
  capacity_demand: 70.00841983984152
  charge_effi: 1.1948950087075776
  discharge_effi: 0.5508064600430059
  max_power: 30.394803675568227
  t_arr: 10.677461336816977
  t_dep: 6.703920836275067
