vehicle:
  capacity: 145.61133005780457
  capacity_demand: 79.21322037011171
  charge_effi: 0.9824873580367793
  discharge_effi: 0.7785068733672348
  max_power: 30.046956988664192
  t_arr: 13.898574568759852
  t_dep: 8.17887430521057
