vehicle:
  capacity: 102.1992931181613
  capacity_demand: 73.01389711617672
  charge_effi: 1.2597490631496804
  discharge_effi: 0.8528405157475656
  max_power: 32.08252418900704
  t_arr: 12.296167853253639
  t_dep: 7.706869962719856
