vehicle:
  capacity: 112.45548749887769
  capacity_demand: 60.202195982063216
  charge_effi: 0.8708806674583012
  discharge_effi: 0.6571038708684742
  max_power: 31.693345260128343
  t_arr: 13.572146652323493
  t_dep: 6.334841230417687
