vehicle:
  capacity: 110.35347005281501
  capacity_demand: 80.42116021615072
  charge_effi: 1.049820484032149
  discharge_effi: 0.7723755338711418
  max_power: 30.092281525261487
  t_arr: 10.61333401722047
  t_dep: 6.768325091395202
