vehicle:
  capacity: 104.90693770958659
  capacity_demand: 69.92448423408153
  charge_effi: 0.9535891406062195
  discharge_effi: 0.779743143332034
  max_power: 34.42250416580848
  t_arr: 12.960777469179025
  t_dep: 8.42304167590525
