vehicle:
  capacity: 117.74557912128033
  capacity_demand: 78.72919144781056
  charge_effi: 1.0838973311351505
  discharge_effi: 0.6251294609045542
  max_power: 31.07911575751233
  t_arr: 13.171777913759703
  t_dep: 7.831357053515089
