vehicle:
  capacity: 111.38516370489647
  capacity_demand: 75.20253668279638
  charge_effi: 1.0861923422317945
  discharge_effi: 0.7202792232553236
  max_power: 28.123176455405112
  t_arr: 12.946905504777446
  t_dep: 7.137473602345762
