vehicle:
  capacity: 126.67619413226946
  capacity_demand: 83.13893387234853
  charge_effi: 0.8808762020773289
  discharge_effi: 0.7335410391298325
  max_power: 36.78138870799251
  t_arr: 9.37218777420206
  t_dep: 9.006811600712549
