vehicle:
  capacity: 105.4278168493666
  capacity_demand: 65.3181234158591
  charge_effi: 1.009537923349255
  discharge_effi: 0.8095635654646597
  max_power: 31.14483039376463
  t_arr: 14.53509165207573
  t_dep: 7.854310069589812
