vehicle:
  capacity: 105.80428177079803
  capacity_demand: 60.34277491324005
  charge_effi: 0.7907217446977974
  discharge_effi: 0.6060084829709411
  max_power: 26.68336145387533
  t_arr: 14.185928383486898
  t_dep: 6.620557977139337
