vehicle:
  capacity: 142.6402949274661
  capacity_demand: 63.78096068633037
  charge_effi: 0.9691839080307917
  discharge_effi: 0.6415086536853288
  max_power: 32.82582450327964
  t_arr: 14.12122232661796
  t_dep: 6.644567946856459
