vehicle:
  capacity: 107.8930843374134
  capacity_demand: 73.51838166272485
  charge_effi: 1.017086145824622
  discharge_effi: 0.7069330338700669
  max_power: 31.625714391133556
  t_arr: 13.298549485077077
  t_dep: 8.478011606455558
