vehicle:
  capacity: 113.07762941626613
  capacity_demand: 73.68822618517609
  charge_effi: 0.9970895505007172
  discharge_effi: 0.7475881235087349
  max_power: 25.366621258785184
  t_arr: 13.048953300015574
  t_dep: 9.232594563826375
