vehicle:
  capacity: 122.14733465199916
  capacity_demand: 66.61760547083588
  charge_effi: 0.939657042565083
  discharge_effi: 0.7584504245118507
  max_power: 35.61500194134795
  t_arr: 12.933621165749003
  t_dep: 9.296604557510777
