vehicle:
  capacity: 118.6807589764908
  capacity_demand: 64.0216055827367
  charge_effi: 0.9746541188309686
  discharge_effi: 0.7924849972618537
  max_power: 34.266188387863174
  t_arr: 13.297028146316716
  t_dep: 8.190769462245276
