vehicle:
  capacity: 137.16716452836303
  capacity_demand: 79.80001466685599
  charge_effi: 0.8600371060138218
  discharge_effi: 0.6597495039552831
  max_power: 30.22748670557903
  t_arr: 15.351453949302112
  t_dep: 6.53497761376006
