vehicle:
  capacity: 106.66865315896062
  capacity_demand: 76.39362477496694
  charge_effi: 0.9456337874927198
  discharge_effi: 0.8141389643123091
  max_power: 32.55289748682056
  t_arr: 11.456924983626473
  t_dep: 9.613333663169998
