vehicle:
  capacity: 123.070702446794
  capacity_demand: 69.34588971276207
  charge_effi: 0.8934502283345143
  discharge_effi: 0.8390648768754739
  max_power: 26.948916537196574
  t_arr: 10.950001038219817
  t_dep: 10.121366525972809
