vehicle:
  capacity: 113.27410978821207
  capacity_demand: 71.44913569324522
  charge_effi: 1.0562722981049864
  discharge_effi: 0.6621482524058002
  max_power: 28.742871364549497
  t_arr: 12.366744276178258
  t_dep: 8.28135506045629
