vehicle:
  capacity: 142.6002143391381
  capacity_demand: 66.6695976566463
  charge_effi: 1.1008008230975512
  discharge_effi: 0.7351537804811582
  max_power: 27.58791214674879
  t_arr: 13.792615316746438
  t_dep: 7.812295308440212
