vehicle:
  capacity: 105.25796457461256
  capacity_demand: 72.12370538677813
  charge_effi: 1.041145098515532
  discharge_effi: 0.8014290923489236
  max_power: 32.41191841991665
  t_arr: 12.862623643319102
  t_dep: 6.661212588062082
