vehicle:
  capacity: 122.08865871052309
  capacity_demand: 74.37319674191878
  charge_effi: 1.0767296182880046
  discharge_effi: 0.618098055024718
  max_power: 29.74154262967298
  t_arr: 13.201088421601535
  t_dep: 8.1040655772484
