vehicle:
  capacity: 120.28880763334325
  capacity_demand: 83.48475665761441
  charge_effi: 1.071500127142794
  discharge_effi: 0.7928619896795889
  max_power: 29.207362383021913
  t_arr: 13.683667800571284
  t_dep: 8.115945657506694
