vehicle:
  capacity: 109.3518370357286
  capacity_demand: 76.5535997600776
  charge_effi: 1.075837589094777
  discharge_effi: 0.73331544437178
  max_power: 33.07256758099722
  t_arr: 10.230300858477356
  t_dep: 8.469058345124703
