vehicle:
  capacity: 123.14898871158766
  capacity_demand: 83.36757553397017
  charge_effi: 1.0360962180713065
  discharge_effi: 0.7219846095839579
  max_power: 31.81858632849429
  t_arr: 13.86880017814043
  t_dep: 9.064014896768292
