vehicle:
  capacity: 119.39186744236365
  capacity_demand: 88.83297572722697
  charge_effi: 1.0553182967608914
  discharge_effi: 0.80127000775721
  max_power: 33.05235951801735
  t_arr: 13.780556031930146
  t_dep: 8.348199638905358
