vehicle:
  capacity: 108.93718487785293
  capacity_demand: 92.46902689766254
  charge_effi: 0.9072115281594336
  discharge_effi: 0.6983273560338668
  max_power: 37.95392996802503
  t_arr: 13.378245310619052
  t_dep: 8.328469410807276
