vehicle:
  capacity: 112.51600384747564
  capacity_demand: 76.28009464665845
  charge_effi: 1.0050062811377516
  discharge_effi: 0.6772168079912034
  max_power: 34.98581926224365
  t_arr: 12.047207774961965
  t_dep: 8.880179009281552
