vehicle:
  capacity: 117.47756810999594
  capacity_demand: 81.33191280917367
  charge_effi: 1.0058174472987504
  discharge_effi: 0.8048868492560554
  max_power: 37.27334301393583
  t_arr: 13.196788582340133
  t_dep: 7.499248223261352
