vehicle:
  capacity: 125.85888042991203
  capacity_demand: 66.63299300717735
  charge_effi: 0.874383244761245
  discharge_effi: 0.7381174555787576
  max_power: 27.305260875731626
  t_arr: 12.746282033469408
  t_dep: 8.010170637901892
