vehicle:
  capacity: 144.59550997220404
  capacity_demand: 79.94113238708997
  charge_effi: 0.9948130965720371
  discharge_effi: 0.5392320007385336
  max_power: 32.4243975948409
  t_arr: 10.047097474622767
  t_dep: 8.021184908728335
