vehicle:
  capacity: 101.44337155791679
  capacity_demand: 66.16187691734538
  charge_effi: 0.870934819359107
  discharge_effi: 0.7640865390741555
  max_power: 26.503771439398268
  t_arr: 14.467277169931316
  t_dep: 9.14150673658754
