vehicle:
  capacity: 110.16754907573875
  capacity_demand: 81.86441428497844
  charge_effi: 1.148254906444073
  discharge_effi: 0.6745230220701294
  max_power: 30.713217630013645
  t_arr: 12.052692295319039
  t_dep: 8.072826738371479
