vehicle:
  capacity: 98.48686699915139
  capacity_demand: 76.29050328397413
  charge_effi: 0.988972586235045
  discharge_effi: 0.8039723988203228
  max_power: 32.98735490612929
  t_arr: 13.907497760341005
  t_dep: 7.8583035838731545
