vehicle:
  capacity: 107.08940295760833
  capacity_demand: 71.08331057390846
  charge_effi: 1.011656335299631
  discharge_effi: 0.7191917587559875
  max_power: 27.055188347664075
  t_arr: 13.356860855343722
  t_dep: 8.003556189907796
