vehicle:
  capacity: 121.78907781733123
  capacity_demand: 64.88538888491323
  charge_effi: 1.0211699724160608
  discharge_effi: 0.6988330614439061
  max_power: 32.955519034840044
  t_arr: 14.241118789757644
  t_dep: 7.199789074855419
