vehicle:
  capacity: 106.8923906417202
  capacity_demand: 81.76418224303498
  charge_effi: 1.0642865527248317
  discharge_effi: 0.7638266739177421
  max_power: 25.721632713319924
  t_arr: 14.963477000846336
  t_dep: 8.220140851659828
