vehicle:
  capacity: 114.62318973570281
  capacity_demand: 82.8917031012895
  charge_effi: 1.1279887376864866
  discharge_effi: 0.7595248719011002
  max_power: 38.92782765248106
  t_arr: 14.610515917445479
  t_dep: 8.849270178210034
