vehicle:
  capacity: 108.5291184514151
  capacity_demand: 76.98465643545424
  charge_effi: 1.188508913676315
  discharge_effi: 0.6842721349052353
  max_power: 23.430458413302535
  t_arr: 15.650783496918006
  t_dep: 7.8992826178228235
