vehicle:
  capacity: 107.06242219605528
  capacity_demand: 78.94336648764909
  charge_effi: 0.9798630646137554
  discharge_effi: 0.6979740840046247
  max_power: 27.64096848210149
  t_arr: 13.611003886707534
  t_dep: 8.093819155597771
