vehicle:
  capacity: 127.29147286030852
  capacity_demand: 78.74562581992305
  charge_effi: 0.8583493277880444
  discharge_effi: 0.6363687204129017
  max_power: 37.00949099525847
  t_arr: 13.790188905725579
  t_dep: 6.736509036763066
