vehicle:
  capacity: 132.83545616392905
  capacity_demand: 72.55489656039495
  charge_effi: 0.9841111512204813
  discharge_effi: 0.5961897981585152
  max_power: 29.41980379599903
  t_arr: 13.427326109304024
  t_dep: 7.071912825181126
