vehicle:
  capacity: 157.63284241443029
  capacity_demand: 70.25223317752783
  charge_effi: 1.0409911125701508
  discharge_effi: 0.7326128055107602
  max_power: 29.950728980196573
  t_arr: 12.067908433414662
  t_dep: 6.984284667926766
