vehicle:
  capacity: 131.1051992827165
  capacity_demand: 71.86443635148645
  charge_effi: 1.0673626736807202
  discharge_effi: 0.6578026875711843
  max_power: 33.03784760506387
  t_arr: 16.1083487509814
  t_dep: 6.958208212693979
