vehicle:
  capacity: 131.55818824579504
  capacity_demand: 75.4199180425898
  charge_effi: 0.8882519902400159
  discharge_effi: 0.7449228004093421
  max_power: 33.1091778075707
  t_arr: 14.070886307606548
  t_dep: 8.544654198765565
