vehicle:
  capacity: 111.0689503506406
  capacity_demand: 78.65310261514877
  charge_effi: 0.8671613963710805
  discharge_effi: 0.7115248871589598
  max_power: 29.584153802677434
  t_arr: 16.448593329367792
  t_dep: 8.929069156408536
