vehicle:
  capacity: 116.0072124922511
  capacity_demand: 63.588368233684875
  charge_effi: 1.0223332474541542
  discharge_effi: 0.5899659366551913
  max_power: 29.1504249861864
  t_arr: 15.315649785936165
  t_dep: 7.193573123301909
