vehicle:
  capacity: 120.04465340599867
  capacity_demand: 79.04961966552692
  charge_effi: 0.9446372650081731
  discharge_effi: 0.9364787849951236
  max_power: 32.13060457715687
  t_arr: 12.952389979928343
  t_dep: 8.313439610410997
