vehicle:
  capacity: 115.73306824536792
  capacity_demand: 81.41946695464937
  charge_effi: 0.955863003980882
  discharge_effi: 0.6784506940475921
  max_power: 31.131574099046638
  t_arr: 14.519626046136688
  t_dep: 6.120368959626302
