vehicle:
  capacity: 101.71193888213266
  capacity_demand: 75.84778943462766
  charge_effi: 1.0687182666257218
  discharge_effi: 0.8898144069591448
  max_power: 27.764945489813037
  t_arr: 10.312411637500494
  t_dep: 7.974615363398407
