vehicle:
  capacity: 119.68591219326402
  capacity_demand: 91.96368901085455
  charge_effi: 1.0618547535205616
  discharge_effi: 0.6980895775917382
  max_power: 31.12179892689846
  t_arr: 13.038407734927285
  t_dep: 8.826584336135761
