vehicle:
  capacity: 121.68127446573477
  capacity_demand: 90.98727921079708
  charge_effi: 0.8253366509735042
  discharge_effi: 0.8461577742415225
  max_power: 32.15031747848015
  t_arr: 12.876531961354129
  t_dep: 8.92130969852227
