vehicle:
  capacity: 113.40068809646017
  capacity_demand: 75.00246770482205
  charge_effi: 1.116312212164133
  discharge_effi: 0.8125215807876022
  max_power: 32.08212756327273
  t_arr: 14.180079738615191
  t_dep: 8.272498529102752
