vehicle:
  capacity: 117.09667261166767
  capacity_demand: 77.58221052018582
  charge_effi: 0.7894305433124769
  discharge_effi: 0.5511280236121994
  max_power: 34.05023872236262
  t_arr: 14.860388768698364
  t_dep: 8.036867935447704
