vehicle:
  capacity: 146.1576371651614
  capacity_demand: 79.68927474880104
  charge_effi: 1.1105795659579951
  discharge_effi: 0.7542140387056205
  max_power: 25.98063066107183
  t_arr: 13.380222484802847
  t_dep: 7.405563423556908
