vehicle:
  capacity: 117.38487144673731
  capacity_demand: 92.28709137975551
  charge_effi: 0.8810778413868959
  discharge_effi: 0.7726635983361285
  max_power: 35.29341806395772
  t_arr: 13.944620504087009
  t_dep: 7.659086232628643
