vehicle:
  capacity: 135.78982452454838
  capacity_demand: 72.89561309396916
  charge_effi: 0.9234899447046938
  discharge_effi: 0.648451433664929
  max_power: 32.66934768821257
  t_arr: 12.942148083078639
  t_dep: 7.627697990389192
