vehicle:
  capacity: 129.30976541964273
  capacity_demand: 59.61918384927776
  charge_effi: 0.9815634933816844
  discharge_effi: 0.5732852459217991
  max_power: 29.457462947501682
  t_arr: 13.398817601836384
  t_dep: 6.5191229264962836
