vehicle:
  capacity: 122.37716471976691
  capacity_demand: 82.32430921777821
  charge_effi: 1.0365496923163968
  discharge_effi: 0.8399860283312782
  max_power: 29.076899901899594
  t_arr: 12.595304975418042
  t_dep: 9.49016397000894
