vehicle:
  capacity: 119.52501360570616
  capacity_demand: 82.32200722495163
  charge_effi: 1.0223024967551817
  discharge_effi: 0.7042578146471516
  max_power: 33.21881447169356
  t_arr: 12.061573965258395
  t_dep: 8.347629655339208
