vehicle:
  capacity: 124.94693489592117
  capacity_demand: 83.52878846441824
  charge_effi: 1.2126011412444089
  discharge_effi: 0.7268315529742089
  max_power: 30.23444389987216
  t_arr: 14.547457407336456
  t_dep: 8.788056392728652
