vehicle:
  capacity: 109.1110078362999
  capacity_demand: 75.7676209909393
  charge_effi: 0.8961325137895253
  discharge_effi: 0.6171483317965194
  max_power: 23.80329720703858
  t_arr: 14.485517218439854
  t_dep: 8.629497080325724
