vehicle:
  capacity: 132.5454391002634
  capacity_demand: 71.70442503155179
  charge_effi: 0.9020100520474684
  discharge_effi: 0.6286858192026735
  max_power: 31.65934081026697
  t_arr: 11.777609045640125
  t_dep: 7.660187193934376
