vehicle:
  capacity: 119.69474040705549
  capacity_demand: 65.50787384141559
  charge_effi: 0.8636860348575278
  discharge_effi: 0.7529748704985375
  max_power: 35.09698625250594
  t_arr: 13.703570358807426
  t_dep: 7.944898496172104
