vehicle:
  capacity: 110.62642292262441
  capacity_demand: 80.37194159915713
  charge_effi: 0.9771912062522995
  discharge_effi: 0.6422761471504265
  max_power: 33.62038743577062
  t_arr: 11.518446190979622
  t_dep: 9.748004989589909
