vehicle:
  capacity: 102.55178071313873
  capacity_demand: 79.7117086802482
  charge_effi: 0.9132681592812184
  discharge_effi: 0.5738500844329301
  max_power: 33.679374797978376
  t_arr: 13.107066787577107
  t_dep: 7.701339581405177
