vehicle:
  capacity: 101.58373568817217
  capacity_demand: 86.49220947496508
  charge_effi: 0.8939694913355153
  discharge_effi: 0.7685534005413991
  max_power: 31.54966998342261
  t_arr: 13.323181995467744
  t_dep: 8.41452919683803
