vehicle:
  capacity: 109.20903337313723
  capacity_demand: 73.07144975288338
  charge_effi: 1.022485094911499
  discharge_effi: 0.867140772323357
  max_power: 30.403733829057824
  t_arr: 12.363258048652602
  t_dep: 7.895708480961088
