vehicle:
  capacity: 107.81941508050639
  capacity_demand: 89.38250103398367
  charge_effi: 1.1270675400606356
  discharge_effi: 0.8124531964647604
  max_power: 32.277943490395224
  t_arr: 14.446617987016118
  t_dep: 7.761888428493245
