vehicle:
  capacity: 103.36902207822264
  capacity_demand: 74.59045243809946
  charge_effi: 0.9721363621026942
  discharge_effi: 0.6358883337521191
  max_power: 30.756388381866294
  t_arr: 15.700191976777376
  t_dep: 6.716967707582465
