vehicle:
  capacity: 126.75890635750383
  capacity_demand: 68.3462936833009
  charge_effi: 1.036909610178474
  discharge_effi: 0.7178151431169436
  max_power: 33.64656096560508
  t_arr: 14.264287526918807
  t_dep: 9.54785110519402
