vehicle:
  capacity: 104.42088721647897
  capacity_demand: 77.678954160484
  charge_effi: 0.9926501774693296
  discharge_effi: 0.7378771905350971
  max_power: 33.47639916852319
  t_arr: 11.718007081320607
  t_dep: 9.477548476347916
