vehicle:
  capacity: 125.46383941227025
  capacity_demand: 56.89090781025588
  charge_effi: 1.0927031313585314
  discharge_effi: 0.7267206946274616
  max_power: 30.580927145022972
  t_arr: 13.452952882070223
  t_dep: 7.262966570158145
