vehicle:
  capacity: 138.69060191579402
  capacity_demand: 59.01675686704355
  charge_effi: 0.8331288762799778
  discharge_effi: 0.7137456851748332
  max_power: 33.70662272141505
  t_arr: 15.310084536057078
  t_dep: 6.321886902001889
