vehicle:
  capacity: 134.49474374667597
  capacity_demand: 76.27047441333379
  charge_effi: 0.9061211296952294
  discharge_effi: 0.6025336135479378
  max_power: 30.171060978096456
  t_arr: 14.115281171216205
  t_dep: 6.824956046904292
