vehicle:
  capacity: 130.88285132350987
  capacity_demand: 75.17904157512017
  charge_effi: 1.0333064606495652
  discharge_effi: 0.6963129499107038
  max_power: 26.50098344592681
  t_arr: 11.60584633247713
  t_dep: 6.967564903471903
