vehicle:
  capacity: 114.31456429395159
  capacity_demand: 75.39269593047135
  charge_effi: 1.0395238590859064
  discharge_effi: 0.5968729973315
  max_power: 25.416120542798087
  t_arr: 11.979115491075783
  t_dep: 7.276390658714285
