vehicle:
  capacity: 97.93844389043421
  capacity_demand: 85.53387256388241
  charge_effi: 0.6959012324889285
  discharge_effi: 0.7842471264147294
  max_power: 31.01637856125655
  t_arr: 12.746977678182033
  t_dep: 9.084477826583479
