vehicle:
  capacity: 111.15591172974088
  capacity_demand: 68.82402659077485
  charge_effi: 0.8127062426525844
  discharge_effi: 0.7373633800736124
  max_power: 31.036007550770755
  t_arr: 14.608661177978128
  t_dep: 8.567384948711563
