vehicle:
  capacity: 133.92499512475123
  capacity_demand: 68.64776641853501
  charge_effi: 0.930132875244393
  discharge_effi: 0.5987925334107926
  max_power: 28.16182845086672
  t_arr: 13.159370030130185
  t_dep: 8.105680373629038
