vehicle:
  capacity: 120.28221470134886
  capacity_demand: 81.3703922789906
  charge_effi: 0.800766943478805
  discharge_effi: 0.5179839677709897
  max_power: 27.502263994816484
  t_arr: 15.750408592543925
  t_dep: 8.320808336776803
