vehicle:
  capacity: 129.43206380941885
  capacity_demand: 78.47893612623403
  charge_effi: 0.8928099585608672
  discharge_effi: 0.7517977966652499
  max_power: 23.570245029940406
  t_arr: 13.600535878154574
  t_dep: 8.108051083872807
