vehicle:
  capacity: 108.40572816555154
  capacity_demand: 76.53384954307232
  charge_effi: 1.1581445426582606
  discharge_effi: 0.6545363389067342
  max_power: 33.31559533959338
  t_arr: 13.111841975053522
  t_dep: 8.515680195996827
