vehicle:
  capacity: 115.95804096019586
  capacity_demand: 65.97497088605421
  charge_effi: 1.018836761955929
  discharge_effi: 0.7920218935892934
  max_power: 33.177478682634664
  t_arr: 14.502422272585417
  t_dep: 8.605824231472338
