vehicle:
  capacity: 123.69765069535877
  capacity_demand: 63.61070127578382
  charge_effi: 0.8548380821138707
  discharge_effi: 0.573716535559974
  max_power: 31.603523061623406
  t_arr: 16.04865477389018
  t_dep: 6.925413467321659
