vehicle:
  capacity: 114.95180409690293
  capacity_demand: 74.39149227622035
  charge_effi: 0.9787955489096408
  discharge_effi: 0.8104781387320401
  max_power: 34.74765291803397
  t_arr: 11.338333111114027
  t_dep: 9.898177648186019
