vehicle:
  capacity: 117.5590946280759
  capacity_demand: 83.10773569272747
  charge_effi: 0.980937516814834
  discharge_effi: 0.84908897206233
  max_power: 38.125341738829015
  t_arr: 14.499954640128093
  t_dep: 10.21531160517879
