vehicle:
  capacity: 126.89585045071894
  capacity_demand: 83.76629965728762
  charge_effi: 0.9835953277771964
  discharge_effi: 0.5854063373660597
  max_power: 29.837834061139088
  t_arr: 14.471495843324282
  t_dep: 7.029871196606246
