vehicle:
  capacity: 114.61921706042986
  capacity_demand: 87.3037616554259
  charge_effi: 0.9139074328829863
  discharge_effi: 0.8097932955004465
  max_power: 31.63263683704282
  t_arr: 14.035620662966746
  t_dep: 7.994253471444733
