vehicle:
  capacity: 91.98532727194663
  capacity_demand: 68.2523453233164
  charge_effi: 1.031634920840781
  discharge_effi: 0.8448926290582717
  max_power: 34.01507072000139
  t_arr: 12.27861620498909
  t_dep: 8.526280665924135
