vehicle:
  capacity: 129.46998671180987
  capacity_demand: 82.05545308376213
  charge_effi: 0.8815218904658122
  discharge_effi: 0.6276163984217243
  max_power: 26.43900284157887
  t_arr: 13.899069760349887
  t_dep: 8.489281994762887
