vehicle:
  capacity: 118.51867932874391
  capacity_demand: 87.65874843430795
  charge_effi: 0.7156030151347549
  discharge_effi: 0.8610970660479436
  max_power: 27.484887990034853
  t_arr: 13.429859507605244
  t_dep: 9.351356070979776
