vehicle:
  capacity: 110.13933131378685
  capacity_demand: 72.8233335850889
  charge_effi: 0.8967467152395762
  discharge_effi: 0.7716952435001049
  max_power: 33.01485955303595
  t_arr: 12.092852805296195
  t_dep: 9.053529950134536
