vehicle:
  capacity: 142.07844919154016
  capacity_demand: 81.36147944739507
  charge_effi: 1.0762781706088038
  discharge_effi: 0.7198415658084102
  max_power: 33.82512902283036
  t_arr: 15.969854053689467
  t_dep: 7.998556252809476
