vehicle:
  capacity: 99.63288303086999
  capacity_demand: 86.85237314442551
  charge_effi: 0.9955427252338439
  discharge_effi: 0.7436425872639983
  max_power: 32.110760957889624
  t_arr: 13.111463814884145
  t_dep: 7.387444964910501
