vehicle:
  capacity: 126.41444393020043
  capacity_demand: 80.29785992059391
  charge_effi: 1.2566132259356733
  discharge_effi: 0.8492704804717288
  max_power: 33.6081255008507
  t_arr: 10.971127404559178
  t_dep: 8.439599969215978
