vehicle:
  capacity: 96.5550285359916
  capacity_demand: 76.51472774254687
  charge_effi: 1.0332901343578433
  discharge_effi: 0.8436143692762345
  max_power: 33.57450375279641
  t_arr: 12.172714551610918
  t_dep: 6.653515724034229
