vehicle:
  capacity: 124.62784790837803
  capacity_demand: 84.74387141385517
  charge_effi: 1.1882750929005248
  discharge_effi: 0.7585972242724824
  max_power: 32.007852828508334
  t_arr: 13.858850542984378
  t_dep: 9.340614703922325
