vehicle:
  capacity: 141.3280134511795
  capacity_demand: 76.94525038319894
  charge_effi: 1.1338401247655177
  discharge_effi: 0.6302219898962067
  max_power: 27.81247754740658
  t_arr: 14.989719006440836
  t_dep: 9.509346569442618
