vehicle:
  capacity: 94.86345837970542
  capacity_demand: 87.20614181335809
  charge_effi: 1.0628035060595213
  discharge_effi: 0.7432049668195637
  max_power: 22.225107545113413
  t_arr: 11.12742174435527
  t_dep: 7.842083842228326
