vehicle:
  capacity: 112.67430227347893
  capacity_demand: 81.25313224246688
  charge_effi: 0.987960608901926
  discharge_effi: 0.6417508344608289
  max_power: 33.82256532499069
  t_arr: 13.715966556279659
  t_dep: 8.358068609569608
