vehicle:
  capacity: 97.7825599176426
  capacity_demand: 86.81951131896884
  charge_effi: 0.9193469481890744
  discharge_effi: 0.721366378235772
  max_power: 29.707650946973114
  t_arr: 10.135523154730508
  t_dep: 8.301098408239039
