vehicle:
  capacity: 131.18170136039706
  capacity_demand: 81.5107959093246
  charge_effi: 1.057616569683369
  discharge_effi: 0.6188515847229649
  max_power: 38.17766361144149
  t_arr: 13.048857854650215
  t_dep: 6.930878991867951
