vehicle:
  capacity: 106.04785263289726
  capacity_demand: 85.53262053055798
  charge_effi: 0.8109191472600694
  discharge_effi: 0.8030777719347416
  max_power: 32.77929471749261
  t_arr: 15.061022232505952
  t_dep: 7.800369957741559
