vehicle:
  capacity: 130.12651017494395
  capacity_demand: 60.90729841037726
  charge_effi: 0.862787529705616
  discharge_effi: 0.7516913886758669
  max_power: 29.49465618695462
  t_arr: 14.233221052930192
  t_dep: 7.192361111866833
