vehicle:
  capacity: 91.45689922702752
  capacity_demand: 76.0609910087384
  charge_effi: 1.0856541901226688
  discharge_effi: 0.6944079649192118
  max_power: 32.616786631124036
  t_arr: 12.123158975881383
  t_dep: 8.878565732137272
