vehicle:
  capacity: 88.87843925373556
  capacity_demand: 85.70108156684691
  charge_effi: 0.9737105793048865
  discharge_effi: 0.7580126562962599
  max_power: 32.94040988827336
  t_arr: 12.338136067100905
  t_dep: 8.421724788369216
