vehicle:
  capacity: 95.68458286802255
  capacity_demand: 78.94625980202132
  charge_effi: 1.108180057245113
  discharge_effi: 0.777080939199924
  max_power: 29.04864072894279
  t_arr: 12.736880925429757
  t_dep: 8.96870233556806
