vehicle:
  capacity: 120.73196055784311
  capacity_demand: 81.71931480181863
  charge_effi: 1.041466931186499
  discharge_effi: 0.7610450987433364
  max_power: 33.449785545823694
  t_arr: 14.997317492617428
  t_dep: 9.900923358689147
