vehicle:
  capacity: 143.81410064703118
  capacity_demand: 75.1369503681034
  charge_effi: 0.9885920474369395
  discharge_effi: 0.5710430000947248
  max_power: 31.928429752786275
  t_arr: 16.14929744186206
  t_dep: 7.3318402213916
