vehicle:
  capacity: 114.56282341274625
  capacity_demand: 93.16702166838934
  charge_effi: 1.028138901250013
  discharge_effi: 0.7764873018795709
  max_power: 25.88051414435414
  t_arr: 14.09566626987186
  t_dep: 7.699688742116078
