vehicle:
  capacity: 127.21571535782827
  capacity_demand: 68.60067376581071
  charge_effi: 1.0406324394485216
  discharge_effi: 0.7595553884939154
  max_power: 30.536783996798977
  t_arr: 11.968964244533003
  t_dep: 7.195556278929884
