vehicle:
  capacity: 112.1995429618765
  capacity_demand: 62.52341680124078
  charge_effi: 0.9342445078803493
  discharge_effi: 0.6816502065519299
  max_power: 31.77597095043472
  t_arr: 12.387345906090774
  t_dep: 7.78399371182564
