vehicle:
  capacity: 130.45492748773987
  capacity_demand: 78.55198160442727
  charge_effi: 1.039488509519015
  discharge_effi: 0.7221556539131243
  max_power: 34.11569787064505
  t_arr: 12.348698797189781
  t_dep: 6.5057066569205935
