vehicle:
  capacity: 136.72772172013492
  capacity_demand: 51.03345922692115
  charge_effi: 0.9090144451555998
  discharge_effi: 0.5781342846266994
  max_power: 24.848498986207538
  t_arr: 11.296559516321777
  t_dep: 7.754511219824253
