vehicle:
  capacity: 117.73006654228875
  capacity_demand: 69.64205058182407
  charge_effi: 0.9897733440798331
  discharge_effi: 0.6498028114337351
  max_power: 30.002062763538994
  t_arr: 11.26791777047379
  t_dep: 7.196305200905648
