vehicle:
  capacity: 136.74296811642614
  capacity_demand: 77.47545162712183
  charge_effi: 1.060302602039011
  discharge_effi: 0.704494344834611
  max_power: 27.45522378558101
  t_arr: 13.809994555973466
  t_dep: 6.035131728929595
