vehicle:
  capacity: 109.81139281568744
  capacity_demand: 89.70217960004808
  charge_effi: 1.0066467314099399
  discharge_effi: 0.8484507189507677
  max_power: 32.5362963327915
  t_arr: 12.439272953650956
  t_dep: 8.20905888440884
