vehicle:
  capacity: 143.24339295010213
  capacity_demand: 66.66407964646123
  charge_effi: 1.0467529179210417
  discharge_effi: 0.7278479722721728
  max_power: 26.841095723604717
  t_arr: 14.610035965092253
  t_dep: 7.145937167000386
