vehicle:
  capacity: 141.85878316381348
  capacity_demand: 68.5298311053902
  charge_effi: 0.8676538922057403
  discharge_effi: 0.6165719127349664
  max_power: 30.28910292808752
  t_arr: 14.033929868616616
  t_dep: 6.663647721056118
