vehicle:
  capacity: 110.04470804398198
  capacity_demand: 82.26425023379373
  charge_effi: 0.8613606900740811
  discharge_effi: 0.6732789569384637
  max_power: 28.603146331623226
  t_arr: 13.547689028527087
  t_dep: 7.896356886313854
