vehicle:
  capacity: 102.26199644833689
  capacity_demand: 86.20257943081728
  charge_effi: 1.1748592838980063
  discharge_effi: 0.8810529800150646
  max_power: 28.4838367709793
  t_arr: 10.174003816120196
  t_dep: 7.583574358262552
