vehicle:
  capacity: 136.96717676456305
  capacity_demand: 71.15113291884097
  charge_effi: 0.8408368320830172
  discharge_effi: 0.6928234538559629
  max_power: 30.009631526040636
  t_arr: 15.268094963579825
  t_dep: 7.211217103731532
