vehicle:
  capacity: 112.00795409762416
  capacity_demand: 78.24986410113476
  charge_effi: 1.0652298661606256
  discharge_effi: 0.7283700915778542
  max_power: 35.11722253276538
  t_arr: 13.405898236092135
  t_dep: 8.854774112106636
