vehicle:
  capacity: 100.39280537781252
  capacity_demand: 86.75139561873885
  charge_effi: 1.1171895639632632
  discharge_effi: 0.7367172831137105
  max_power: 29.152951221064576
  t_arr: 14.77322092171132
  t_dep: 7.903666239614129
