vehicle:
  capacity: 143.42342615717178
  capacity_demand: 78.13190493684633
  charge_effi: 0.9041202584874557
  discharge_effi: 0.5410085106150452
  max_power: 28.621108221689138
  t_arr: 14.274248951621672
  t_dep: 8.039472619693704
