vehicle:
  capacity: 129.3213698020693
  capacity_demand: 63.09942885549706
  charge_effi: 0.9657343115135217
  discharge_effi: 0.6034690426442969
  max_power: 27.081935949411708
  t_arr: 16.209242772821153
  t_dep: 7.5638267710241545
