vehicle:
  capacity: 129.0693285389003
  capacity_demand: 73.75411447682569
  charge_effi: 1.1228908838233223
  discharge_effi: 0.696938152723516
  max_power: 33.313829436497485
  t_arr: 12.833262829996288
  t_dep: 7.553363041257124
