vehicle:
  capacity: 123.01778024159489
  capacity_demand: 62.08742172120841
  charge_effi: 1.2039521728631883
  discharge_effi: 0.7259701495516591
  max_power: 36.34156284938861
  t_arr: 11.324335512729652
  t_dep: 7.393033268146065
