vehicle:
  capacity: 107.88578750425015
  capacity_demand: 68.24607349396993
  charge_effi: 1.0579009902383016
  discharge_effi: 0.7659156463933745
  max_power: 35.27765678566923
  t_arr: 12.020695039055331
  t_dep: 6.902231173629309
