vehicle:
  capacity: 120.96373645584161
  capacity_demand: 79.86114940963024
  charge_effi: 1.0811035036929293
  discharge_effi: 0.5714052878030238
  max_power: 25.74034605025314
  t_arr: 13.391268319160778
  t_dep: 7.1345784561445
