vehicle:
  capacity: 136.86604933328
  capacity_demand: 81.75447803337411
  charge_effi: 1.025545673764951
  discharge_effi: 0.5917859669993663
  max_power: 25.32273785897319
  t_arr: 12.251606437229798
  t_dep: 7.272364147031364
