vehicle:
  capacity: 149.9809676796727
  capacity_demand: 73.58008727774377
  charge_effi: 0.8491052721365735
  discharge_effi: 0.6052638590142456
  max_power: 30.016860360875615
  t_arr: 14.33387335513606
  t_dep: 6.806738701346199
