vehicle:
  capacity: 125.39413100699016
  capacity_demand: 73.56839985587987
  charge_effi: 0.8958382277697721
  discharge_effi: 0.6446188241407377
  max_power: 26.432691032268394
  t_arr: 14.753489617916987
  t_dep: 6.282679874192
