vehicle:
  capacity: 110.1817634372329
  capacity_demand: 75.45569402096176
  charge_effi: 1.0351089614758366
  discharge_effi: 0.7665290595092262
  max_power: 24.560897568236012
  t_arr: 11.630456825160161
  t_dep: 10.021456521820026
