vehicle:
  capacity: 104.69158628138679
  capacity_demand: 75.3662503399168
  charge_effi: 0.9627068453133172
  discharge_effi: 0.742038883261855
  max_power: 32.485004854668084
  t_arr: 11.3340897076402
  t_dep: 9.362214384508697
