vehicle:
  capacity: 105.90061113329322
  capacity_demand: 82.24075853099242
  charge_effi: 0.9605545564614377
  discharge_effi: 0.7577305221605762
  max_power: 29.594169870068875
  t_arr: 13.320948489400406
  t_dep: 8.191969834962235
