vehicle:
  capacity: 137.7310822027814
  capacity_demand: 67.33828509507816
  charge_effi: 1.1104126611337992
  discharge_effi: 0.5835206830576708
  max_power: 32.64890746770422
  t_arr: 13.506509946763739
  t_dep: 7.311292277275391
