vehicle:
  capacity: 127.96666907659475
  capacity_demand: 84.60086310424875
  charge_effi: 0.994255485860672
  discharge_effi: 0.8148618864640025
  max_power: 29.901785495491986
  t_arr: 12.64396064102884
  t_dep: 8.867452635925586
