vehicle:
  capacity: 106.02517040416276
  capacity_demand: 77.94919816273777
  charge_effi: 1.190892422567498
  discharge_effi: 0.8092809239559728
  max_power: 32.382383200263085
  t_arr: 11.644643069698903
  t_dep: 7.877805311342911
