vehicle:
  capacity: 133.8583451595941
  capacity_demand: 83.49713007255002
  charge_effi: 1.051044673916724
  discharge_effi: 0.7970437546368393
  max_power: 34.29594629470421
  t_arr: 14.827422956057692
  t_dep: 7.061251630365306
