vehicle:
  capacity: 118.77391369616858
  capacity_demand: 80.34427224264948
  charge_effi: 1.0072844647591805
  discharge_effi: 0.7915893331975847
  max_power: 29.39231779925071
  t_arr: 13.056719271506527
  t_dep: 9.463946153978068
