vehicle:
  capacity: 107.02224209755943
  capacity_demand: 88.22307659600241
  charge_effi: 1.0679980321508058
  discharge_effi: 0.727819308106774
  max_power: 30.960497926093623
  t_arr: 11.446096176664073
  t_dep: 8.46235141569088
