vehicle:
  capacity: 115.35396573163545
  capacity_demand: 69.05427137540784
  charge_effi: 1.200080175622975
  discharge_effi: 0.6932113408354371
  max_power: 28.02446156362139
  t_arr: 12.552926219026276
  t_dep: 8.58023314140205
