vehicle:
  capacity: 135.36945223212666
  capacity_demand: 81.54457418312178
  charge_effi: 1.0267702922784554
  discharge_effi: 0.6440032343792446
  max_power: 30.24329231561135
  t_arr: 14.91950601022862
  t_dep: 6.357202670996842
