vehicle:
  capacity: 109.1900838758596
  capacity_demand: 84.06336949135894
  charge_effi: 0.9839294089118268
  discharge_effi: 0.7231905207981658
  max_power: 31.78499596663811
  t_arr: 12.296966985338928
  t_dep: 8.672672016892664
