vehicle:
  capacity: 110.7050842394631
  capacity_demand: 84.26725056789786
  charge_effi: 1.0022595653370172
  discharge_effi: 0.6853353157284462
  max_power: 36.72565766113541
  t_arr: 15.017391041237666
  t_dep: 7.492206877335236
