vehicle:
  capacity: 132.79718508516322
  capacity_demand: 71.77808512226679
  charge_effi: 1.0233830881973083
  discharge_effi: 0.633943822432551
  max_power: 27.39300930555139
  t_arr: 12.974360056310054
  t_dep: 7.269189091405931
