vehicle:
  capacity: 138.83988513905285
  capacity_demand: 73.8017935071472
  charge_effi: 0.9302302774926098
  discharge_effi: 0.7883186719053715
  max_power: 31.37603505301986
  t_arr: 16.348630085012974
  t_dep: 7.163280278169024
