vehicle:
  capacity: 112.84351972118556
  capacity_demand: 84.91179562404061
  charge_effi: 1.123836807729256
  discharge_effi: 0.7728146969796528
  max_power: 26.209729358715087
  t_arr: 13.439595144973323
  t_dep: 9.101752818865982
