vehicle:
  capacity: 119.55852686191139
  capacity_demand: 71.67390881337562
  charge_effi: 1.1428693704595538
  discharge_effi: 0.6301766782741943
  max_power: 34.80576654444489
  t_arr: 13.449943658316606
  t_dep: 8.08595044780924
