vehicle:
  capacity: 106.14501322613584
  capacity_demand: 64.16994585606703
  charge_effi: 0.9953277871446528
  discharge_effi: 0.8001369649300851
  max_power: 30.978286697131075
  t_arr: 13.158090649299709
  t_dep: 8.216581895808439
