vehicle:
  capacity: 124.02917459183799
  capacity_demand: 73.8860965344233
  charge_effi: 0.926774913016757
  discharge_effi: 0.9554057554460682
  max_power: 34.056345557253366
  t_arr: 11.718663937194314
  t_dep: 9.416037147466508
