vehicle:
  capacity: 128.69722757682635
  capacity_demand: 72.79900797612744
  charge_effi: 0.7931464255936007
  discharge_effi: 0.6654179800054939
  max_power: 27.169022271278198
  t_arr: 11.96842712273431
  t_dep: 7.67104264669852
