vehicle:
  capacity: 118.56591154610366
  capacity_demand: 80.92872807838378
  charge_effi: 1.1019219546819616
  discharge_effi: 0.8092495106369969
  max_power: 26.67494954988197
  t_arr: 15.261569529057798
  t_dep: 7.038502870952695
