vehicle:
  capacity: 113.11027876452629
  capacity_demand: 65.35023024299885
  charge_effi: 0.8854902344161144
  discharge_effi: 0.732516381207499
  max_power: 32.385861854327146
  t_arr: 14.436604988417361
  t_dep: 7.045031008347316
