vehicle:
  capacity: 111.65873828683137
  capacity_demand: 88.47737790981985
  charge_effi: 0.9833864294736547
  discharge_effi: 0.7324673869887904
  max_power: 34.42504727519429
  t_arr: 14.035075579696862
  t_dep: 8.804797725087944
