vehicle:
  capacity: 119.20296921046442
  capacity_demand: 84.9964973339764
  charge_effi: 1.1824939696353656
  discharge_effi: 0.9031815405121137
  max_power: 24.873900474007872
  t_arr: 15.196931340970329
  t_dep: 9.331103992017846
