vehicle:
  capacity: 138.7150429320223
  capacity_demand: 69.44647693381187
  charge_effi: 1.0691370994169538
  discharge_effi: 0.7148722440773814
  max_power: 28.737641509670638
  t_arr: 14.321720358981448
  t_dep: 8.164179445500809
