vehicle:
  capacity: 126.66692061261382
  capacity_demand: 74.80713339127045
  charge_effi: 0.9701844097282188
  discharge_effi: 0.8336966957801862
  max_power: 31.60181596156083
  t_arr: 14.24336393125731
  t_dep: 7.480796093562105
