vehicle:
  capacity: 146.39736111998968
  capacity_demand: 73.85624822029482
  charge_effi: 1.0789245339704245
  discharge_effi: 0.5833061789236272
  max_power: 33.12180249134076
  t_arr: 13.48419186145733
  t_dep: 8.743492971924551
