vehicle:
  capacity: 124.23233613630397
  capacity_demand: 67.0710390917598
  charge_effi: 1.0456559472338256
  discharge_effi: 0.7594801484028247
  max_power: 24.105813394586935
  t_arr: 14.056011041714175
  t_dep: 7.236722770305669
