vehicle:
  capacity: 103.62471630760457
  capacity_demand: 74.01325534051915
  charge_effi: 1.1301287660144814
  discharge_effi: 0.6659659271301451
  max_power: 29.273703636649902
  t_arr: 11.397743859846717
  t_dep: 7.767117045654298
