vehicle:
  capacity: 154.0427918640564
  capacity_demand: 67.35799748839833
  charge_effi: 1.0837967815799072
  discharge_effi: 0.6783720336333594
  max_power: 28.75308603656986
  t_arr: 13.110569354980399
  t_dep: 7.12658730885656
