vehicle:
  capacity: 124.85682908704166
  capacity_demand: 74.54083987120346
  charge_effi: 1.0770636297928193
  discharge_effi: 0.6607247240436439
  max_power: 27.0395124392267
  t_arr: 16.556986351346765
  t_dep: 7.725319060503457
