vehicle:
  capacity: 135.0431683117032
  capacity_demand: 73.31062631836198
  charge_effi: 0.9198334212508937
  discharge_effi: 0.6083032777472355
  max_power: 26.382853903805838
  t_arr: 17.07956562323413
  t_dep: 7.110240879122769
