vehicle:
  capacity: 119.07752524940707
  capacity_demand: 68.91804178556923
  charge_effi: 0.8406743262883898
  discharge_effi: 0.7379621746294897
  max_power: 33.41243047455281
  t_arr: 13.282905640221255
  t_dep: 6.893612321097463
