vehicle:
  capacity: 131.65222682191742
  capacity_demand: 76.734383657729
  charge_effi: 0.9077943128076666
  discharge_effi: 0.696029190403493
  max_power: 28.884388728592658
  t_arr: 11.529232356773495
  t_dep: 8.07500818769441
