vehicle:
  capacity: 113.68797570469347
  capacity_demand: 76.13867555614699
  charge_effi: 0.9687823164300481
  discharge_effi: 0.7259748421836475
  max_power: 33.9093253673914
  t_arr: 11.350453620125018
  t_dep: 7.653243722606226
