vehicle:
  capacity: 138.41349258667677
  capacity_demand: 66.25933283699749
  charge_effi: 1.1596852034082283
  discharge_effi: 0.7098852597210226
  max_power: 30.418892565555304
  t_arr: 13.70668421908149
  t_dep: 8.393593152388117
