vehicle:
  capacity: 121.74342141938047
  capacity_demand: 77.7004309738178
  charge_effi: 1.0252331088575204
  discharge_effi: 0.6977549925063947
  max_power: 30.62285953893591
  t_arr: 14.153561609169499
  t_dep: 7.663385882763352
