vehicle:
  capacity: 117.94259956427258
  capacity_demand: 64.31559296792216
  charge_effi: 1.1759157743794137
  discharge_effi: 0.6823880514253575
  max_power: 30.597164670160076
  t_arr: 15.435020924256103
  t_dep: 8.6843786129434
