vehicle:
  capacity: 120.08950888622479
  capacity_demand: 87.77103130919383
  charge_effi: 0.8117273839729906
  discharge_effi: 0.6952811160893458
  max_power: 35.05650822305948
  t_arr: 11.784322172819437
  t_dep: 8.649644655666586
