vehicle:
  capacity: 110.58663289605467
  capacity_demand: 87.3704047756291
  charge_effi: 1.0684201756277711
  discharge_effi: 0.8420848317121512
  max_power: 33.707962361974275
  t_arr: 12.910565115690632
  t_dep: 7.0390188223054455
