vehicle:
  capacity: 92.12779920597524
  capacity_demand: 89.31496071581445
  charge_effi: 1.0852547195427849
  discharge_effi: 0.8413497404357541
  max_power: 31.095136134435734
  t_arr: 10.685611439867483
  t_dep: 10.378458117570116
