vehicle:
  capacity: 136.22167787206504
  capacity_demand: 62.791852272075566
  charge_effi: 0.8817731971749487
  discharge_effi: 0.5199852146715085
  max_power: 30.47458835572948
  t_arr: 14.645474151800222
  t_dep: 7.073266999968475
