vehicle:
  capacity: 113.14278978647317
  capacity_demand: 80.63355650299377
  charge_effi: 1.0317946937788038
  discharge_effi: 0.8213287922727489
  max_power: 33.05181396831539
  t_arr: 11.788267857625838
  t_dep: 7.876647689794592
