vehicle:
  capacity: 112.72234002825934
  capacity_demand: 69.44732506344708
  charge_effi: 0.8568355300161363
  discharge_effi: 0.6603911103293371
  max_power: 26.7281219891251
  t_arr: 14.703452828307855
  t_dep: 7.150661065556226
