vehicle:
  capacity: 114.15751941323687
  capacity_demand: 88.44925194424437
  charge_effi: 0.9543448794893494
  discharge_effi: 0.778523910036282
  max_power: 37.56445235507866
  t_arr: 11.867886457827995
  t_dep: 7.129543048038233
