vehicle:
  capacity: 127.27350555323069
  capacity_demand: 78.08098970232768
  charge_effi: 0.9889615683904995
  discharge_effi: 0.5593665199444969
  max_power: 30.37099520684914
  t_arr: 12.033136454550277
  t_dep: 8.102313295276176
