vehicle:
  capacity: 137.07983468509025
  capacity_demand: 65.83596704625356
  charge_effi: 0.9546935889694648
  discharge_effi: 0.7883115809802113
  max_power: 31.124060274554715
  t_arr: 15.100680698014603
  t_dep: 8.696645551014745
