vehicle:
  capacity: 139.4083682285246
  capacity_demand: 77.75742046406013
  charge_effi: 0.9617107412087109
  discharge_effi: 0.5878737852386875
  max_power: 32.03847155948344
  t_arr: 13.430176715996215
  t_dep: 8.232166785116137
