vehicle:
  capacity: 128.40805654364726
  capacity_demand: 83.80344693196133
  charge_effi: 0.9114744332833123
  discharge_effi: 0.5708184150703943
  max_power: 29.942498236400628
  t_arr: 12.571715798567176
  t_dep: 8.398263003368692
