vehicle:
  capacity: 115.39267699395116
  capacity_demand: 64.57483784788154
  charge_effi: 1.0792712002627747
  discharge_effi: 0.8444774453704857
  max_power: 27.83586544039898
  t_arr: 13.852661851635968
  t_dep: 6.977710115620832
