vehicle:
  capacity: 118.21714816113602
  capacity_demand: 65.2133842766106
  charge_effi: 1.056703286322572
  discharge_effi: 0.5855099699486214
  max_power: 26.373889197950398
  t_arr: 14.367495291513865
  t_dep: 8.683560803931305
