vehicle:
  capacity: 122.36505617305198
  capacity_demand: 90.3448392123627
  charge_effi: 0.9208270901013645
  discharge_effi: 0.7959233799327103
  max_power: 25.957993082589045
  t_arr: 13.430109299527713
  t_dep: 7.385418254208725
