vehicle:
  capacity: 118.81071458447896
  capacity_demand: 66.27334785664362
  charge_effi: 1.066709351357152
  discharge_effi: 0.6160790803575188
  max_power: 31.57560446107743
  t_arr: 13.638652353989928
  t_dep: 7.936158173620149
