vehicle:
  capacity: 121.816988256496
  capacity_demand: 72.43456624284062
  charge_effi: 0.9950956555966538
  discharge_effi: 0.8832918273232458
  max_power: 33.99338072071957
  t_arr: 13.040032245402978
  t_dep: 9.590103566791516
