vehicle:
  capacity: 120.7212555720515
  capacity_demand: 84.71834957676239
  charge_effi: 1.0686690222936106
  discharge_effi: 0.5853811842600863
  max_power: 28.455721228845917
  t_arr: 13.139786106708758
  t_dep: 7.176285869214962
