vehicle:
  capacity: 115.07431609990576
  capacity_demand: 84.19008902905287
  charge_effi: 1.0315502826487277
  discharge_effi: 0.7344432032930553
  max_power: 33.195375066556124
  t_arr: 12.991316592231092
  t_dep: 9.153094346924297
