vehicle:
  capacity: 108.42102562265805
  capacity_demand: 87.02634967558274
  charge_effi: 1.0370411133453241
  discharge_effi: 0.8416331467707242
  max_power: 30.559035853081955
  t_arr: 12.48322009352608
  t_dep: 9.16404821044887
