vehicle:
  capacity: 121.99785273818249
  capacity_demand: 65.30392728183611
  charge_effi: 0.953012241053866
  discharge_effi: 0.7243929620924001
  max_power: 33.031603049259886
  t_arr: 14.764902549186173
  t_dep: 7.151804475355744
