vehicle:
  capacity: 131.84531675104884
  capacity_demand: 80.32871444169795
  charge_effi: 1.1272801642254675
  discharge_effi: 0.6744168499608102
  max_power: 24.79217569318806
  t_arr: 13.117005872961661
  t_dep: 7.815246185052549
