vehicle:
  capacity: 105.22103236908491
  capacity_demand: 81.89921264865077
  charge_effi: 0.9993199723348146
  discharge_effi: 0.9113286183240168
  max_power: 34.09294336962388
  t_arr: 15.429148445144344
  t_dep: 8.579869599923791
