vehicle:
  capacity: 134.84616774653884
  capacity_demand: 81.9748571892606
  charge_effi: 0.9172710457093632
  discharge_effi: 0.8769967092503448
  max_power: 33.39408872723712
  t_arr: 13.039341979204968
  t_dep: 8.34453240134739
