vehicle:
  capacity: 120.46156360054482
  capacity_demand: 75.84543097884122
  charge_effi: 1.0625713992247254
  discharge_effi: 0.8594977373505321
  max_power: 32.66632820620439
  t_arr: 14.964268207909166
  t_dep: 8.29860624687568
