vehicle:
  capacity: 97.44407917893784
  capacity_demand: 74.93891459633177
  charge_effi: 0.9342303326095656
  discharge_effi: 0.728100414873758
  max_power: 28.514677714654173
  t_arr: 9.888696623929272
  t_dep: 10.357375869641317
