vehicle:
  capacity: 119.36719673375461
  capacity_demand: 74.32133815316098
  charge_effi: 1.2001963164861138
  discharge_effi: 0.6988420411026905
  max_power: 33.12179125397068
  t_arr: 11.378470449911616
  t_dep: 7.649291354069161
