vehicle:
  capacity: 102.49179455639315
  capacity_demand: 87.78393263063046
  charge_effi: 1.0079430713259754
  discharge_effi: 0.5707154249367935
  max_power: 30.52073550587952
  t_arr: 12.253971197828223
  t_dep: 8.61310419044668
