vehicle:
  capacity: 107.88317924084434
  capacity_demand: 64.04437828930048
  charge_effi: 0.9728951604082133
  discharge_effi: 0.6831240375320164
  max_power: 30.21407526759761
  t_arr: 15.145594653349685
  t_dep: 7.466936742765518
