vehicle:
  capacity: 95.94771581518397
  capacity_demand: 86.82905029374622
  charge_effi: 0.9413968599447206
  discharge_effi: 0.6321365965186629
  max_power: 39.52728628829151
  t_arr: 11.554680847857384
  t_dep: 8.588483485906323
