vehicle:
  capacity: 128.2285387113479
  capacity_demand: 83.22485033714052
  charge_effi: 1.0078166986955976
  discharge_effi: 0.7308648259635991
  max_power: 34.212811552134795
  t_arr: 14.705335601130741
  t_dep: 8.440534443720724
