vehicle:
  capacity: 103.92872611413591
  capacity_demand: 68.34331385771729
  charge_effi: 0.9439844404823787
  discharge_effi: 0.6855536234860927
  max_power: 30.35294079912453
  t_arr: 13.585465135289352
  t_dep: 6.812094243800638
