vehicle:
  capacity: 121.19683422225783
  capacity_demand: 77.39611916101833
  charge_effi: 0.9762190876846548
  discharge_effi: 0.7263409473012105
  max_power: 34.71248814867911
  t_arr: 15.855429870809333
  t_dep: 7.976369238843232
