vehicle:
  capacity: 111.38285498170944
  capacity_demand: 68.3317816523131
  charge_effi: 0.927404498164824
  discharge_effi: 0.7191882161741969
  max_power: 35.98927857134636
  t_arr: 11.924449607894703
  t_dep: 8.30173107291328
