vehicle:
  capacity: 118.42837377433244
  capacity_demand: 83.50482177514904
  charge_effi: 0.9360919524107659
  discharge_effi: 0.7515261984378923
  max_power: 30.988343333728817
  t_arr: 13.301744098344242
  t_dep: 8.540278052713369
