vehicle:
  capacity: 106.51901145959819
  capacity_demand: 73.75896679806672
  charge_effi: 1.0129078899251012
  discharge_effi: 0.6843982727138226
  max_power: 33.53275302848979
  t_arr: 12.056005801002357
  t_dep: 7.409746450190567
