vehicle:
  capacity: 132.09660504020766
  capacity_demand: 73.63880724129652
  charge_effi: 1.0432720734379695
  discharge_effi: 0.7227697442909363
  max_power: 29.46829246267096
  t_arr: 13.094310974185914
  t_dep: 7.027202366345671
