vehicle:
  capacity: 146.04580655079872
  capacity_demand: 63.007426428724045
  charge_effi: 0.9791161001716834
  discharge_effi: 0.6551224725074387
  max_power: 33.65993477770748
  t_arr: 13.353467356118372
  t_dep: 8.52737789528289
