vehicle:
  capacity: 106.12690269306815
  capacity_demand: 84.89655083098532
  charge_effi: 1.0261283841136675
  discharge_effi: 0.8484680226916144
  max_power: 30.622991763346498
  t_arr: 12.979120151512124
  t_dep: 9.906491321762479
