vehicle:
  capacity: 140.41598659585813
  capacity_demand: 79.79350406694961
  charge_effi: 0.9397754969256761
  discharge_effi: 0.6334175024350083
  max_power: 31.623478444734797
  t_arr: 11.124577212243517
  t_dep: 8.765319379871638
