vehicle:
  capacity: 91.71082266687714
  capacity_demand: 81.61158460324795
  charge_effi: 0.7537749516831513
  discharge_effi: 0.7729358048397996
  max_power: 28.762488249344724
  t_arr: 14.580246960565937
  t_dep: 8.674430577211677
