vehicle:
  capacity: 125.69211703010973
  capacity_demand: 68.30284651834721
  charge_effi: 0.878758117317371
  discharge_effi: 0.731022861986373
  max_power: 35.19263758213666
  t_arr: 14.714775732454596
  t_dep: 7.740784252897713
