vehicle:
  capacity: 123.34894004200706
  capacity_demand: 91.95843483258088
  charge_effi: 1.0520380168878989
  discharge_effi: 0.778067908762412
  max_power: 33.62454392997267
  t_arr: 13.9176111503731
  t_dep: 9.639710440599844
