vehicle:
  capacity: 101.88693103062201
  capacity_demand: 73.18663436181231
  charge_effi: 0.8268942586062132
  discharge_effi: 0.7316456016802264
  max_power: 37.71166813805187
  t_arr: 11.901406655506044
  t_dep: 8.498281873174598
