vehicle:
  capacity: 150.34473560859533
  capacity_demand: 74.5764802081631
  charge_effi: 1.0725858472546883
  discharge_effi: 0.6998606882119299
  max_power: 34.78390194378675
  t_arr: 11.601614267189005
  t_dep: 7.145312512106458
