vehicle:
  capacity: 119.13942787795793
  capacity_demand: 70.5304667848475
  charge_effi: 1.1123680186166678
  discharge_effi: 0.7029720439339058
  max_power: 33.762169789143215
  t_arr: 12.081905735416077
  t_dep: 6.468966546909161
