vehicle:
  capacity: 130.03827729587292
  capacity_demand: 70.09840029507257
  charge_effi: 0.9449158696102586
  discharge_effi: 0.7975057045909362
  max_power: 34.89367769034033
  t_arr: 14.48420375793111
  t_dep: 9.542433117296717
