vehicle:
  capacity: 142.41581983742805
  capacity_demand: 56.03499052268551
  charge_effi: 1.0193710574064796
  discharge_effi: 0.5919657695479588
  max_power: 24.750192101128192
  t_arr: 15.097024635416414
  t_dep: 8.515312504314693
