vehicle:
  capacity: 108.83287671068018
  capacity_demand: 80.29256752503284
  charge_effi: 1.0249411194396756
  discharge_effi: 0.790318881610131
  max_power: 32.375074766824824
  t_arr: 10.95556278964288
  t_dep: 8.317911836354423
