vehicle:
  capacity: 105.56757946428628
  capacity_demand: 73.48195546842551
  charge_effi: 0.7459311808568754
  discharge_effi: 0.7132837085726347
  max_power: 31.199418919212924
  t_arr: 15.631015171358388
  t_dep: 9.012641454081301
