vehicle:
  capacity: 126.73667325058659
  capacity_demand: 85.3508954365542
  charge_effi: 0.8518181387823232
  discharge_effi: 0.5413403372809493
  max_power: 33.839922304948324
  t_arr: 14.729701662222409
  t_dep: 6.996265107661132
