vehicle:
  capacity: 124.87477120945283
  capacity_demand: 63.1043721856797
  charge_effi: 0.9805139090744098
  discharge_effi: 0.6287969085553271
  max_power: 31.048355762973
  t_arr: 11.18680517593097
  t_dep: 8.097953443402085
