vehicle:
  capacity: 123.58703383622414
  capacity_demand: 72.0528506243507
  charge_effi: 1.0516876944650595
  discharge_effi: 0.7416246554390787
  max_power: 27.16868238121622
  t_arr: 14.872433530592165
  t_dep: 8.193911619633202
