vehicle:
  capacity: 116.52730564479965
  capacity_demand: 83.1457944068274
  charge_effi: 0.9361559043267444
  discharge_effi: 0.7293801334164114
  max_power: 29.630353610710216
  t_arr: 14.433736055523251
  t_dep: 7.315889309340189
