vehicle:
  capacity: 125.22206653778774
  capacity_demand: 65.76325905075312
  charge_effi: 0.9518347342106037
  discharge_effi: 0.7099845606093088
  max_power: 28.80562330922473
  t_arr: 13.575631765885893
  t_dep: 6.977293483201905
