vehicle:
  capacity: 128.9863002341908
  capacity_demand: 71.50341790330907
  charge_effi: 0.9893625259365102
  discharge_effi: 0.6784769969770785
  max_power: 30.362757233325187
  t_arr: 13.853903440951559
  t_dep: 7.603970658582117
