vehicle:
  capacity: 103.76596790790725
  capacity_demand: 89.89030280742934
  charge_effi: 0.9873218715312116
  discharge_effi: 0.9138633561387605
  max_power: 34.674351729819776
  t_arr: 13.52945290253994
  t_dep: 9.090450239423065
