vehicle:
  capacity: 100.84991920275625
  capacity_demand: 79.07102258886891
  charge_effi: 1.3593981256255594
  discharge_effi: 0.8673381352634196
  max_power: 30.18939002653891
  t_arr: 12.268614141475343
  t_dep: 8.494888332063631
