vehicle:
  capacity: 139.40414517498328
  capacity_demand: 74.5589590263072
  charge_effi: 1.0145396616085665
  discharge_effi: 0.6646821724514298
  max_power: 28.333999159389805
  t_arr: 15.060276819518702
  t_dep: 7.042278538068173
