vehicle:
  capacity: 118.28591116195172
  capacity_demand: 82.04621216930613
  charge_effi: 0.9573540142421556
  discharge_effi: 0.8440162760100431
  max_power: 26.091658179728825
  t_arr: 12.319947648102577
  t_dep: 8.746996734190175
