vehicle:
  capacity: 120.60766853767974
  capacity_demand: 84.04522227767671
  charge_effi: 0.7924253502635052
  discharge_effi: 0.760301010694242
  max_power: 33.2417233353687
  t_arr: 11.724641347610817
  t_dep: 9.911694435409897
