vehicle:
  capacity: 137.80195643206332
  capacity_demand: 66.26392857509157
  charge_effi: 1.0835582749894122
  discharge_effi: 0.7452582749599539
  max_power: 30.22306800595916
  t_arr: 11.177476116967785
  t_dep: 7.228040072792811
