vehicle:
  capacity: 100.53033747437617
  capacity_demand: 73.79450310457659
  charge_effi: 1.023103548128561
  discharge_effi: 0.7300954639299695
  max_power: 32.93058996018282
  t_arr: 13.955945413906283
  t_dep: 6.498700379146349
