vehicle:
  capacity: 121.58899180437427
  capacity_demand: 79.17927420841322
  charge_effi: 0.9939863835638572
  discharge_effi: 0.5230069976922637
  max_power: 24.311231379313654
  t_arr: 14.808156300302118
  t_dep: 5.254075149427409
