vehicle:
  capacity: 143.76725217729432
  capacity_demand: 66.7617036962972
  charge_effi: 0.874213006608201
  discharge_effi: 0.6816870292207854
  max_power: 26.166945279380176
  t_arr: 14.201838482699564
  t_dep: 8.628049305242058
