vehicle:
  capacity: 115.60942239240359
  capacity_demand: 69.02213170088922
  charge_effi: 1.0311095051987944
  discharge_effi: 0.6500224364221506
  max_power: 25.889617320387604
  t_arr: 12.931862768280244
  t_dep: 8.973300500569025
