vehicle:
  capacity: 134.42552929882729
  capacity_demand: 69.86037350236833
  charge_effi: 0.8049973309610183
  discharge_effi: 0.779442426207285
  max_power: 33.36877355506112
  t_arr: 16.08860176943371
  t_dep: 6.85960480482181
