vehicle:
  capacity: 114.20129278291681
  capacity_demand: 80.59160542974789
  charge_effi: 0.8956856259453142
  discharge_effi: 0.7196707142701327
  max_power: 31.50613684766273
  t_arr: 13.231455202479735
  t_dep: 9.47129849865696
