vehicle:
  capacity: 160.27042259408836
  capacity_demand: 69.73347032434513
  charge_effi: 0.9562691877572543
  discharge_effi: 0.5917659054026531
  max_power: 25.371340462617415
  t_arr: 13.055654981921892
  t_dep: 6.050427586185592
