vehicle:
  capacity: 102.84924458960712
  capacity_demand: 86.55090618828511
  charge_effi: 0.9881509684739658
  discharge_effi: 0.8907893779351169
  max_power: 34.72983843222028
  t_arr: 15.957744642445977
  t_dep: 7.802981513160491
