vehicle:
  capacity: 106.37737107606502
  capacity_demand: 79.58775645287416
  charge_effi: 0.9905948095722378
  discharge_effi: 0.6463483206143454
  max_power: 32.467962166800575
  t_arr: 13.520845203443027
  t_dep: 9.154788196481643
