vehicle:
  capacity: 106.61233931954943
  capacity_demand: 71.60201017547297
  charge_effi: 0.917064101266408
  discharge_effi: 0.6693987531583303
  max_power: 32.110871126228915
  t_arr: 14.572810027371439
  t_dep: 7.941453483085467
