vehicle:
  capacity: 114.20304313858173
  capacity_demand: 82.4409806668491
  charge_effi: 0.939474149308927
  discharge_effi: 0.7335985927978842
  max_power: 32.73650751050571
  t_arr: 12.787995103612717
  t_dep: 8.854579074678117
