vehicle:
  capacity: 142.01594311459382
  capacity_demand: 71.17139372692621
  charge_effi: 0.9080238267626906
  discharge_effi: 0.6647464397926166
  max_power: 35.058624235608825
  t_arr: 13.163281309538275
  t_dep: 7.948690399883277
