vehicle:
  capacity: 152.60024644126761
  capacity_demand: 72.99583508225821
  charge_effi: 0.905729952236155
  discharge_effi: 0.702628558554626
  max_power: 34.5336011174083
  t_arr: 12.060486283214209
  t_dep: 8.014309943760136
