vehicle:
  capacity: 130.1265128714001
  capacity_demand: 77.26823470033774
  charge_effi: 1.1140517876158564
  discharge_effi: 0.7454270953571446
  max_power: 26.593195567245225
  t_arr: 13.009977895263166
  t_dep: 8.14296845916983
