vehicle:
  capacity: 102.79371349504376
  capacity_demand: 87.12181114247075
  charge_effi: 1.1866977539937598
  discharge_effi: 0.709430166363373
  max_power: 34.050217668624356
  t_arr: 10.633159515238601
  t_dep: 8.370239945586372
