vehicle:
  capacity: 110.70949970202292
  capacity_demand: 82.52058685457368
  charge_effi: 1.045096198118812
  discharge_effi: 0.6917149563018922
  max_power: 27.21211576544279
  t_arr: 14.00865126062122
  t_dep: 9.360955010226933
