vehicle:
  capacity: 152.9392835292424
  capacity_demand: 77.30533843811789
  charge_effi: 0.8156030469529201
  discharge_effi: 0.6743322412897507
  max_power: 25.051708992133413
  t_arr: 14.77363561441649
  t_dep: 7.265763043500924
