vehicle:
  capacity: 116.07985267430259
  capacity_demand: 80.1613625050466
  charge_effi: 0.9648401289481495
  discharge_effi: 0.7178814542604458
  max_power: 31.234909660364906
  t_arr: 10.882167562723614
  t_dep: 6.684757423785459
