vehicle:
  capacity: 135.34830081009954
  capacity_demand: 64.86393267765911
  charge_effi: 0.9356122350416586
  discharge_effi: 0.6361265828274362
  max_power: 28.869919992932747
  t_arr: 12.769211938535028
  t_dep: 6.694816580238117
