vehicle:
  capacity: 119.06803535140241
  capacity_demand: 73.93887336586724
  charge_effi: 0.8290605616366918
  discharge_effi: 0.5963837804070485
  max_power: 30.91253898395112
  t_arr: 17.176707383129127
  t_dep: 7.01215181302966
