vehicle:
  capacity: 135.08041169485972
  capacity_demand: 85.01255100488801
  charge_effi: 0.8846420298055679
  discharge_effi: 0.64705693582702
  max_power: 31.92339800212158
  t_arr: 14.193922804842957
  t_dep: 8.69885653223486
