vehicle:
  capacity: 113.69563027259277
  capacity_demand: 81.04174401379345
  charge_effi: 0.8388756894449
  discharge_effi: 0.8039762412404343
  max_power: 31.525061680606797
  t_arr: 13.904343245746137
  t_dep: 8.930928509983515
