vehicle:
  capacity: 111.88432914464943
  capacity_demand: 69.65903321502026
  charge_effi: 0.8813627440314462
  discharge_effi: 0.7501083454739177
  max_power: 29.5861002311075
  t_arr: 13.110576447688636
  t_dep: 8.971118238643188
