vehicle:
  capacity: 109.64390664688361
  capacity_demand: 79.71400681906132
  charge_effi: 1.0188847669254448
  discharge_effi: 0.8476576502636458
  max_power: 36.74418269947778
  t_arr: 11.805044541416345
  t_dep: 9.53866777739857
