vehicle:
  capacity: 118.20016905303034
  capacity_demand: 71.45911961558927
  charge_effi: 0.8493663714059028
  discharge_effi: 0.7642580186265527
  max_power: 34.626618981353595
  t_arr: 13.126620289182036
  t_dep: 7.990422475589613
