vehicle:
  capacity: 94.70896020847586
  capacity_demand: 75.331429416302
  charge_effi: 1.0284755649456445
  discharge_effi: 0.763599429057412
  max_power: 35.177441685641206
  t_arr: 12.803261605284812
  t_dep: 8.254227291543929
