vehicle:
  capacity: 129.33527946911985
  capacity_demand: 64.76128560842757
  charge_effi: 1.176162242777369
  discharge_effi: 0.7943769935534231
  max_power: 30.553319906756794
  t_arr: 12.768530199630149
  t_dep: 7.7969318434225166
