vehicle:
  capacity: 149.55287734681085
  capacity_demand: 65.27069654996562
  charge_effi: 1.0438776328485082
  discharge_effi: 0.745734106290369
  max_power: 28.255582945072227
  t_arr: 12.676011872581007
  t_dep: 8.550860534117971
