vehicle:
  capacity: 117.17489616938427
  capacity_demand: 76.6828489763807
  charge_effi: 1.0939698649781013
  discharge_effi: 0.6423342539608967
  max_power: 27.626653245839275
  t_arr: 15.26749799621132
  t_dep: 8.69646795563692
