vehicle:
  capacity: 153.63783841821265
  capacity_demand: 84.17116224834315
  charge_effi: 0.9475674398848292
  discharge_effi: 0.7380968704880932
  max_power: 23.96715268635867
  t_arr: 12.645177054355825
  t_dep: 6.8301676699644664
