vehicle:
  capacity: 91.7028188271169
  capacity_demand: 87.85626501313911
  charge_effi: 1.0986166757610585
  discharge_effi: 0.7996639710818538
  max_power: 27.068934641676545
  t_arr: 12.145800974128152
  t_dep: 9.981140504380315
