vehicle:
  capacity: 122.56396697043749
  capacity_demand: 83.33681367654387
  charge_effi: 1.0159200839180746
  discharge_effi: 0.7316941205981811
  max_power: 33.26927250012938
  t_arr: 15.054835475140989
  t_dep: 7.74698134257087
