vehicle:
  capacity: 113.16430232496117
  capacity_demand: 71.47805247528991
  charge_effi: 0.9688226835810994
  discharge_effi: 0.664688478371409
  max_power: 29.221923416435573
  t_arr: 14.259045207777506
  t_dep: 8.828916570784479
