vehicle:
  capacity: 119.08971777293424
  capacity_demand: 94.80660881779662
  charge_effi: 1.0114332878430747
  discharge_effi: 0.724154808847097
  max_power: 32.86329496233125
  t_arr: 13.676978334038237
  t_dep: 8.270257462089774
