vehicle:
  capacity: 132.0171589207325
  capacity_demand: 75.82692034688145
  charge_effi: 0.9736089024018015
  discharge_effi: 0.8387829333570529
  max_power: 26.592549434256927
  t_arr: 11.539737660640732
  t_dep: 7.440505952931621
