vehicle:
  capacity: 122.71501190396046
  capacity_demand: 68.31447041079808
  charge_effi: 0.9150163272306024
  discharge_effi: 0.8160334980075137
  max_power: 32.04411880585214
  t_arr: 13.194224464742861
  t_dep: 7.298310304720752
