vehicle:
  capacity: 118.87804477257077
  capacity_demand: 89.86442443352905
  charge_effi: 1.2037440209506218
  discharge_effi: 0.7970945918930491
  max_power: 30.81323874280839
  t_arr: 13.971120918092335
  t_dep: 8.208505576743455
