vehicle:
  capacity: 156.71290932093024
  capacity_demand: 72.92222357955369
  charge_effi: 0.9917013181980664
  discharge_effi: 0.6509676040572353
  max_power: 31.60155330361953
  t_arr: 12.409083054315012
  t_dep: 8.141387329222983
