vehicle:
  capacity: 128.17704507742383
  capacity_demand: 70.72839518620253
  charge_effi: 1.1211322584751509
  discharge_effi: 0.5977159220119863
  max_power: 20.424639409126165
  t_arr: 14.118902610336574
  t_dep: 8.272287864564158
