vehicle:
  capacity: 117.64785962711093
  capacity_demand: 60.990139254698605
  charge_effi: 0.8280925447297913
  discharge_effi: 0.7063959231434924
  max_power: 32.50774639124684
  t_arr: 14.62435293327648
  t_dep: 7.814806230896944
