vehicle:
  capacity: 107.76427312577546
  capacity_demand: 88.64609718340466
  charge_effi: 0.9547176212022711
  discharge_effi: 0.7199669196248081
  max_power: 33.4661570197741
  t_arr: 12.730185013931255
  t_dep: 8.561226196621323
