vehicle:
  capacity: 136.62364196481684
  capacity_demand: 58.85595918359377
  charge_effi: 1.0397017346913133
  discharge_effi: 0.7134704959607994
  max_power: 27.88589292195071
  t_arr: 15.471017299587146
  t_dep: 7.847253450657972
