vehicle:
  capacity: 105.42586697248943
  capacity_demand: 65.32127275956736
  charge_effi: 0.9603043344004761
  discharge_effi: 0.5500991905036037
  max_power: 32.427002064575994
  t_arr: 13.733678623449851
  t_dep: 7.287131206418041
