vehicle:
  capacity: 121.6586616683855
  capacity_demand: 70.69818471862723
  charge_effi: 0.9182575628958707
  discharge_effi: 0.6712972533145071
  max_power: 23.08362343615418
  t_arr: 13.59526841322204
  t_dep: 6.941261916949556
