vehicle:
  capacity: 109.63188936590451
  capacity_demand: 68.67094857934241
  charge_effi: 1.0598079741389899
  discharge_effi: 0.7214032308074533
  max_power: 27.8993059268876
  t_arr: 12.965160696258488
  t_dep: 7.454536856118383
