vehicle:
  capacity: 115.80098127081511
  capacity_demand: 88.38212032368257
  charge_effi: 0.8063718652431016
  discharge_effi: 0.5992073179256261
  max_power: 33.241334425748484
  t_arr: 13.126174929613018
  t_dep: 6.825778006296957
