vehicle:
  capacity: 125.67539145280665
  capacity_demand: 63.19190319991395
  charge_effi: 0.9957941241155394
  discharge_effi: 0.7289649197841221
  max_power: 33.00689934238311
  t_arr: 14.518441263045801
  t_dep: 8.55471621996217
