vehicle:
  capacity: 127.22037658209882
  capacity_demand: 72.70640191022056
  charge_effi: 0.7754814859793384
  discharge_effi: 0.6614852015998485
  max_power: 36.508575908460124
  t_arr: 12.915537415605888
  t_dep: 7.930222262597095
