vehicle:
  capacity: 131.8179461068869
  capacity_demand: 60.74132933396516
  charge_effi: 1.096818195169432
  discharge_effi: 0.5940107999083561
  max_power: 30.486675654567886
  t_arr: 14.370055708720605
  t_dep: 7.1278697517465375
