vehicle:
  capacity: 138.75655480339714
  capacity_demand: 72.65677094257418
  charge_effi: 1.1148949742456755
  discharge_effi: 0.6734230648793088
  max_power: 25.3219181628916
  t_arr: 12.917115606132997
  t_dep: 6.7513257803115225
