vehicle:
  capacity: 112.58377067336215
  capacity_demand: 79.65169690383863
  charge_effi: 0.9372294296537549
  discharge_effi: 0.6687685812014941
  max_power: 27.562079127749815
  t_arr: 15.317050843555279
  t_dep: 8.447318107574125
