vehicle:
  capacity: 100.09323251474015
  capacity_demand: 79.25335191214266
  charge_effi: 0.9235794756087269
  discharge_effi: 0.897074338821147
  max_power: 35.33839085488745
  t_arr: 12.814705288349202
  t_dep: 7.2201224446882435
