vehicle:
  capacity: 121.69046957777971
  capacity_demand: 94.5126188345337
  charge_effi: 1.014165895597483
  discharge_effi: 0.6353493547211502
  max_power: 28.95057481346055
  t_arr: 12.455972174237841
  t_dep: 8.735490788386846
