vehicle:
  capacity: 117.29115747361806
  capacity_demand: 68.06873140425134
  charge_effi: 1.018959711237621
  discharge_effi: 0.6616665149609369
  max_power: 30.051338257836075
  t_arr: 12.725683633631022
  t_dep: 8.333070993763997
