vehicle:
  capacity: 107.25560666704638
  capacity_demand: 82.53667176579374
  charge_effi: 1.1378271564940594
  discharge_effi: 0.7692153636760729
  max_power: 32.293811971501604
  t_arr: 12.877111904512436
  t_dep: 8.535484124897884
