vehicle:
  capacity: 107.10206440092466
  capacity_demand: 81.50265263880003
  charge_effi: 1.00497194279506
  discharge_effi: 0.7369543280348435
  max_power: 32.669284366923996
  t_arr: 12.472688677553913
  t_dep: 7.596078273697
