vehicle:
  capacity: 92.80050971508054
  capacity_demand: 101.81663559869031
  charge_effi: 0.8171388165482315
  discharge_effi: 0.7750089575684588
  max_power: 29.205284374960833
  t_arr: 12.251424522633545
  t_dep: 9.277798194508813
