vehicle:
  capacity: 118.25319491060363
  capacity_demand: 88.77947605364
  charge_effi: 0.8909457664756674
  discharge_effi: 0.6384027680582215
  max_power: 30.75477785573693
  t_arr: 12.853916299771535
  t_dep: 7.527388912222101
