vehicle:
  capacity: 136.1536262053178
  capacity_demand: 77.38525038860308
  charge_effi: 0.9995981207192115
  discharge_effi: 0.6554720623331269
  max_power: 29.950669218463773
  t_arr: 11.172220399539484
  t_dep: 6.9089219712823775
