vehicle:
  capacity: 120.12771880884044
  capacity_demand: 82.61312739541309
  charge_effi: 0.9164999677259837
  discharge_effi: 0.7378157568612836
  max_power: 41.56332265147605
  t_arr: 14.4386098813621
  t_dep: 8.634521875919937
