vehicle:
  capacity: 125.73309681986133
  capacity_demand: 59.84122287674295
  charge_effi: 0.8573267643417642
  discharge_effi: 0.6730971155223974
  max_power: 30.161801139875717
  t_arr: 14.523745305576751
  t_dep: 7.273299791646595
