vehicle:
  capacity: 126.69819530761959
  capacity_demand: 60.34351956543684
  charge_effi: 0.8625463952790066
  discharge_effi: 0.6469090806992654
  max_power: 32.680962117557776
  t_arr: 15.673131109471887
  t_dep: 7.906964375933416
