vehicle:
  capacity: 106.69106724976314
  capacity_demand: 84.681750903866
  charge_effi: 1.106283831435947
  discharge_effi: 0.6991274225946007
  max_power: 37.844380488533055
  t_arr: 12.987481835909568
  t_dep: 8.353999902596849
