vehicle:
  capacity: 97.14574585783316
  capacity_demand: 79.27074950696945
  charge_effi: 1.0364727141306926
  discharge_effi: 0.7249773767008678
  max_power: 33.278094144310394
  t_arr: 13.360491603087912
  t_dep: 6.955245075160909
