vehicle:
  capacity: 124.37755689683107
  capacity_demand: 81.85605806872894
  charge_effi: 0.9701106287696717
  discharge_effi: 0.7254490788010571
  max_power: 34.69308497061464
  t_arr: 13.365966601898535
  t_dep: 7.853467150283106
