vehicle:
  capacity: 141.5085644460576
  capacity_demand: 72.00869773842896
  charge_effi: 0.9952666837627979
  discharge_effi: 0.7002709443760788
  max_power: 30.22086020321245
  t_arr: 13.909481011721446
  t_dep: 7.444141545917754
