vehicle:
  capacity: 143.18492066157634
  capacity_demand: 74.45446475926225
  charge_effi: 1.1809107693722982
  discharge_effi: 0.7166619585140904
  max_power: 31.27636335789435
  t_arr: 13.670842239155562
  t_dep: 6.967003974649504
