vehicle:
  capacity: 121.83487231102539
  capacity_demand: 91.02375693694661
  charge_effi: 1.0049543225605515
  discharge_effi: 0.7833573216472967
  max_power: 34.82700402731353
  t_arr: 13.124317296320388
  t_dep: 8.961634430623048
