vehicle:
  capacity: 142.56488478600258
  capacity_demand: 56.63574886981659
  charge_effi: 0.9875263141546682
  discharge_effi: 0.5214334663604646
  max_power: 24.443863951362385
  t_arr: 13.650799548193195
  t_dep: 6.746763462864804
