vehicle:
  capacity: 118.53866303167882
  capacity_demand: 58.83005257943053
  charge_effi: 1.0058241258661875
  discharge_effi: 0.6726639596841784
  max_power: 30.955830171800056
  t_arr: 16.95178053187566
  t_dep: 9.096664247706308
