vehicle:
  capacity: 124.09979761140522
  capacity_demand: 63.851835833062424
  charge_effi: 1.0263952992450964
  discharge_effi: 0.7215791629137397
  max_power: 31.874987922439555
  t_arr: 14.113947064477545
  t_dep: 7.274949111805897
