vehicle:
  capacity: 132.07465387711724
  capacity_demand: 76.44850797176085
  charge_effi: 1.0656846736262313
  discharge_effi: 0.7144187582209143
  max_power: 29.84518697291236
  t_arr: 12.168007207965243
  t_dep: 7.196286601867395
