vehicle:
  capacity: 118.50165984093726
  capacity_demand: 83.52739081687855
  charge_effi: 1.0284909101793351
  discharge_effi: 0.756263702778708
  max_power: 37.46556003409711
  t_arr: 12.905974575980215
  t_dep: 9.017980324674095
