vehicle:
  capacity: 102.9970800691297
  capacity_demand: 73.27736639120712
  charge_effi: 1.2222859424549797
  discharge_effi: 0.8610993090935307
  max_power: 36.39870135057139
  t_arr: 14.725925778778741
  t_dep: 9.017432810696253
