vehicle:
  capacity: 144.21891137931374
  capacity_demand: 65.21964664549502
  charge_effi: 0.7608221290240007
  discharge_effi: 0.6865044129288682
  max_power: 30.760400389366836
  t_arr: 13.063710756696873
  t_dep: 8.508033225942302
