vehicle:
  capacity: 131.2184304807459
  capacity_demand: 89.35504681013768
  charge_effi: 1.0319392069347835
  discharge_effi: 0.7136060573681675
  max_power: 30.746081823402385
  t_arr: 12.331593578557133
  t_dep: 8.62537946211593
