vehicle:
  capacity: 121.61393694570015
  capacity_demand: 87.67014810706182
  charge_effi: 1.0255853620834057
  discharge_effi: 0.8155632583360907
  max_power: 32.59504220727281
  t_arr: 10.799977018686226
  t_dep: 8.608710518926845
