vehicle:
  capacity: 108.01238374588627
  capacity_demand: 76.567675524636
  charge_effi: 1.04915009396912
  discharge_effi: 0.7043810408879964
  max_power: 28.030647282792188
  t_arr: 13.090663149685481
  t_dep: 9.11351601536489
