vehicle:
  capacity: 109.10211394189217
  capacity_demand: 77.22252376623143
  charge_effi: 0.9943965865575486
  discharge_effi: 0.8465180218441599
  max_power: 29.373178896944907
  t_arr: 13.247663525912678
  t_dep: 9.81868235387714
