vehicle:
  capacity: 136.64349695354815
  capacity_demand: 72.43165322415388
  charge_effi: 1.1337911126087665
  discharge_effi: 0.6789009238419746
  max_power: 34.68389807823793
  t_arr: 13.132168278161199
  t_dep: 7.100974822467199
