vehicle:
  capacity: 128.5409993136835
  capacity_demand: 65.42132628390816
  charge_effi: 0.99080272455253
  discharge_effi: 0.648525171990683
  max_power: 25.992731390317935
  t_arr: 12.973660265905677
  t_dep: 8.162053156111902
