vehicle:
  capacity: 123.98064863293634
  capacity_demand: 65.25236830234812
  charge_effi: 1.0574046294623813
  discharge_effi: 0.6945904788633178
  max_power: 32.20029558967675
  t_arr: 13.282282586008298
  t_dep: 6.484567125059466
