vehicle:
  capacity: 105.03819416873412
  capacity_demand: 88.40198130761873
  charge_effi: 0.9042186431512567
  discharge_effi: 0.7747587315020502
  max_power: 29.301810957078306
  t_arr: 14.869921596434786
  t_dep: 8.806432799426949
