vehicle:
  capacity: 138.3946431925153
  capacity_demand: 75.09757901541033
  charge_effi: 1.032206379339721
  discharge_effi: 0.7188669574164461
  max_power: 25.73465555882934
  t_arr: 14.301308112279324
  t_dep: 7.038110294483289
