vehicle:
  capacity: 141.45395386373193
  capacity_demand: 72.51129827336942
  charge_effi: 0.7007288935653208
  discharge_effi: 0.6761479780452738
  max_power: 27.27270581511726
  t_arr: 13.2351789065559
  t_dep: 6.147304835659382
