vehicle:
  capacity: 114.72720084263281
  capacity_demand: 73.26545036926794
  charge_effi: 1.0801942835894183
  discharge_effi: 0.6757215594876979
  max_power: 34.42088441211393
  t_arr: 12.07623456018282
  t_dep: 7.876211038555942
