vehicle:
  capacity: 109.58750797996078
  capacity_demand: 82.06214054675283
  charge_effi: 0.9509527375813346
  discharge_effi: 0.7793212741325117
  max_power: 30.503601457249147
  t_arr: 10.589476451591317
  t_dep: 7.0291220741580664
