vehicle:
  capacity: 96.88056103120596
  capacity_demand: 89.43808356558573
  charge_effi: 0.9559144491269277
  discharge_effi: 0.6739784828578032
  max_power: 34.581952548270635
  t_arr: 13.720510841259465
  t_dep: 6.716844823078133
