vehicle:
  capacity: 143.11014653456758
  capacity_demand: 77.91491943898615
  charge_effi: 0.8727392423601235
  discharge_effi: 0.5793381133480155
  max_power: 30.49973049540519
  t_arr: 14.57748488311509
  t_dep: 6.537539520354404
