vehicle:
  capacity: 127.67733233587117
  capacity_demand: 49.00698724749365
  charge_effi: 1.03760700368005
  discharge_effi: 0.6732193397035461
  max_power: 26.717658635788563
  t_arr: 13.613329141517031
  t_dep: 8.00983968001575
