vehicle:
  capacity: 96.37964160775967
  capacity_demand: 83.80667260350441
  charge_effi: 0.8959678711378065
  discharge_effi: 0.7108511174860493
  max_power: 34.300897683457414
  t_arr: 11.9681337774011
  t_dep: 8.051679517100359
