vehicle:
  capacity: 106.16920732641826
  capacity_demand: 65.29503217119537
  charge_effi: 1.005020995472188
  discharge_effi: 0.6384860770358916
  max_power: 29.84146874473195
  t_arr: 13.95052332970889
  t_dep: 8.630626611523477
