vehicle:
  capacity: 112.45905834733327
  capacity_demand: 71.48968687338346
  charge_effi: 0.8861424433704236
  discharge_effi: 0.7155792863593586
  max_power: 27.396213392460098
  t_arr: 11.770494314737727
  t_dep: 7.186146612208601
