vehicle:
  capacity: 107.85088741231056
  capacity_demand: 87.33010874527672
  charge_effi: 1.04704893375976
  discharge_effi: 0.7486868361556821
  max_power: 32.769986848581475
  t_arr: 12.940994216595124
  t_dep: 8.544789708419264
