vehicle:
  capacity: 103.89538813862855
  capacity_demand: 86.58854004685548
  charge_effi: 0.9090687878815074
  discharge_effi: 0.85053108104834
  max_power: 30.698564258728453
  t_arr: 15.209981994505487
  t_dep: 7.958264643117205
