vehicle:
  capacity: 115.08610255799178
  capacity_demand: 78.82206567962551
  charge_effi: 0.8272619325302097
  discharge_effi: 0.7420507681672543
  max_power: 26.411455644302734
  t_arr: 12.471204765732995
  t_dep: 7.509200923187563
