vehicle:
  capacity: 122.35083002073219
  capacity_demand: 61.12854324388088
  charge_effi: 1.08242495309454
  discharge_effi: 0.5877186699477569
  max_power: 29.03630172171089
  t_arr: 14.663670933981944
  t_dep: 8.137423500350069
