vehicle:
  capacity: 125.05723010369584
  capacity_demand: 69.6407816825427
  charge_effi: 1.0450456393395489
  discharge_effi: 0.5732394455874111
  max_power: 31.75851150744284
  t_arr: 14.643522651691043
  t_dep: 6.947237415926295
