vehicle:
  capacity: 111.08114934794462
  capacity_demand: 68.53332208008729
  charge_effi: 1.0955203645110512
  discharge_effi: 0.7047782049408243
  max_power: 38.273306913221695
  t_arr: 14.658794190085896
  t_dep: 7.099901371301197
