vehicle:
  capacity: 106.43391512279887
  capacity_demand: 82.18057864297988
  charge_effi: 0.8843873232739977
  discharge_effi: 0.7692865819695789
  max_power: 37.059109204324265
  t_arr: 11.74527513652571
  t_dep: 8.598429440616883
