vehicle:
  capacity: 115.89256004437004
  capacity_demand: 91.05917872689106
  charge_effi: 1.0067704986883181
  discharge_effi: 0.7864400286857098
  max_power: 33.23414635774774
  t_arr: 11.092999062080768
  t_dep: 8.626347968032453
