vehicle:
  capacity: 126.67845542928667
  capacity_demand: 75.31285884956458
  charge_effi: 1.0100344219628332
  discharge_effi: 0.6963854729245292
  max_power: 26.550071387619628
  t_arr: 13.940122090906218
  t_dep: 7.871370082315523
