vehicle:
  capacity: 115.86905165790472
  capacity_demand: 67.84449795766861
  charge_effi: 1.1340507816291436
  discharge_effi: 0.5245192699633796
  max_power: 30.616969359145852
  t_arr: 12.788370882275004
  t_dep: 6.897759542984311
