vehicle:
  capacity: 132.97124203046246
  capacity_demand: 86.61897039843055
  charge_effi: 0.7008449910636012
  discharge_effi: 0.6716279293577502
  max_power: 33.118012437878015
  t_arr: 10.97897995482118
  t_dep: 8.772566250264843
