vehicle:
  capacity: 122.42286767423792
  capacity_demand: 95.82134451522465
  charge_effi: 0.9979743330414561
  discharge_effi: 0.672089055715057
  max_power: 27.968631792360213
  t_arr: 12.966126835508026
  t_dep: 8.20746841865776
