vehicle:
  capacity: 94.41358520768775
  capacity_demand: 92.95187139058987
  charge_effi: 1.1264889512632108
  discharge_effi: 0.8302771057040726
  max_power: 32.348788387041076
  t_arr: 14.57067337737132
  t_dep: 9.070566715140135
