vehicle:
  capacity: 104.2090786446793
  capacity_demand: 80.85664946358304
  charge_effi: 0.9077831431034038
  discharge_effi: 0.8263531669782364
  max_power: 27.909397884663157
  t_arr: 14.715268456214867
  t_dep: 9.144467940096671
