vehicle:
  capacity: 98.87020771898258
  capacity_demand: 75.71716714258635
  charge_effi: 0.9413480681546351
  discharge_effi: 0.7238951561117118
  max_power: 30.20491343888804
  t_arr: 12.911364062888655
  t_dep: 7.39065986482399
