vehicle:
  capacity: 124.02332999038411
  capacity_demand: 77.01840256878461
  charge_effi: 0.971679922399947
  discharge_effi: 0.8036722109298481
  max_power: 29.595202360931268
  t_arr: 12.133910929213302
  t_dep: 9.029377047123573
