vehicle:
  capacity: 100.00049374273053
  capacity_demand: 81.1364872016203
  charge_effi: 0.9384416313560555
  discharge_effi: 0.770364408780844
  max_power: 33.45248306479461
  t_arr: 10.672020315048409
  t_dep: 8.936484977466078
