vehicle:
  capacity: 141.81316425314742
  capacity_demand: 66.7705516832448
  charge_effi: 0.8796875701445075
  discharge_effi: 0.6342888985807255
  max_power: 26.864180654636964
  t_arr: 12.268446714134967
  t_dep: 7.4498999247519295
