vehicle:
  capacity: 120.29965669552287
  capacity_demand: 77.32605400843913
  charge_effi: 1.020030149783186
  discharge_effi: 0.6517623491974057
  max_power: 34.288189322248286
  t_arr: 14.341263121979548
  t_dep: 8.583734667082012
