vehicle:
  capacity: 140.57079515874668
  capacity_demand: 59.84841789124709
  charge_effi: 0.8608734188289611
  discharge_effi: 0.7707645498095567
  max_power: 29.487031530130135
  t_arr: 13.33337116313215
  t_dep: 9.522232498288565
