vehicle:
  capacity: 131.11449037685531
  capacity_demand: 77.03390598967346
  charge_effi: 0.9288704043050221
  discharge_effi: 0.6884204376705823
  max_power: 27.839731226797458
  t_arr: 13.021457041441273
  t_dep: 9.393438507662777
