vehicle:
  capacity: 124.04575376687545
  capacity_demand: 80.16205565091856
  charge_effi: 0.8991005701493106
  discharge_effi: 0.6832679625110862
  max_power: 30.881342405875394
  t_arr: 10.129641194313947
  t_dep: 8.211635165576746
