vehicle:
  capacity: 125.52434662955714
  capacity_demand: 77.76830311959094
  charge_effi: 0.8935202856088126
  discharge_effi: 0.5647433219710007
  max_power: 28.475686587108708
  t_arr: 15.645619751998018
  t_dep: 6.618904967946784
