vehicle:
  capacity: 132.42545414193268
  capacity_demand: 69.84248704878662
  charge_effi: 1.1401441578503944
  discharge_effi: 0.633194459511072
  max_power: 31.909452636186742
  t_arr: 12.760438589546707
  t_dep: 8.207753455618729
