vehicle:
  capacity: 133.63902271751303
  capacity_demand: 66.42378503015772
  charge_effi: 0.8953255079525337
  discharge_effi: 0.6425097295229614
  max_power: 30.144048110638263
  t_arr: 13.164602386762953
  t_dep: 6.839464260417816
