vehicle:
  capacity: 121.34931459155372
  capacity_demand: 73.39714033851101
  charge_effi: 0.9066846673061737
  discharge_effi: 0.7569383296068426
  max_power: 30.320693407244235
  t_arr: 13.518529370678971
  t_dep: 7.639697965140678
