vehicle:
  capacity: 126.67761576693331
  capacity_demand: 71.21746244808266
  charge_effi: 1.0694305189430129
  discharge_effi: 0.7787954426147576
  max_power: 27.400728131187577
  t_arr: 12.49338378108976
  t_dep: 7.917783989963069
