vehicle:
  capacity: 136.4129247169727
  capacity_demand: 71.03863078538126
  charge_effi: 0.9956693794415756
  discharge_effi: 0.6818382923887875
  max_power: 26.18430005770211
  t_arr: 14.671649352089716
  t_dep: 7.374306866238471
