vehicle:
  capacity: 113.5798616521457
  capacity_demand: 78.12967607373469
  charge_effi: 0.9157612770113679
  discharge_effi: 0.6751347354221094
  max_power: 35.58101897647161
  t_arr: 13.685936861587809
  t_dep: 7.462998058174733
