vehicle:
  capacity: 141.11879585714283
  capacity_demand: 90.29130858221552
  charge_effi: 0.8759282555443572
  discharge_effi: 0.711423822598152
  max_power: 35.9298264103232
  t_arr: 12.783757428640053
  t_dep: 7.909826030127671
