vehicle:
  capacity: 118.32590074776404
  capacity_demand: 70.66401397600828
  charge_effi: 1.1874880936413401
  discharge_effi: 0.7116303963100831
  max_power: 31.893815928894202
  t_arr: 13.633898962350596
  t_dep: 8.91099500026118
