vehicle:
  capacity: 104.45523724449839
  capacity_demand: 90.26610051328274
  charge_effi: 1.0320607383732303
  discharge_effi: 0.8559906612182404
  max_power: 37.67912502995293
  t_arr: 14.538179919325026
  t_dep: 9.461340574207522
