vehicle:
  capacity: 102.25944050521332
  capacity_demand: 68.9106806508805
  charge_effi: 1.0304763120446112
  discharge_effi: 0.6831931841410357
  max_power: 33.293672243369045
  t_arr: 12.737040321615245
  t_dep: 7.573918868880943
