vehicle:
  capacity: 116.43351174710179
  capacity_demand: 81.99611449505404
  charge_effi: 0.9884644399409547
  discharge_effi: 0.7479205748174427
  max_power: 29.259609927891763
  t_arr: 14.276097544246626
  t_dep: 7.517530924955895
