vehicle:
  capacity: 156.3290875301276
  capacity_demand: 69.67654866715448
  charge_effi: 0.9806982912378848
  discharge_effi: 0.6936127237237895
  max_power: 29.206537327899458
  t_arr: 10.848417313400196
  t_dep: 8.051258869580389
