vehicle:
  capacity: 111.05596171522589
  capacity_demand: 89.37385946079755
  charge_effi: 1.1739812562939633
  discharge_effi: 0.7579219559023382
  max_power: 39.5500497732588
  t_arr: 13.202010825904088
  t_dep: 8.380807877952455
