vehicle:
  capacity: 140.76837500147124
  capacity_demand: 64.18086711975748
  charge_effi: 0.9393697158239234
  discharge_effi: 0.7156117577319556
  max_power: 32.401592768521624
  t_arr: 13.01505833682561
  t_dep: 8.433528909009684
