vehicle:
  capacity: 114.35429489738878
  capacity_demand: 90.78467666020798
  charge_effi: 1.045619313246811
  discharge_effi: 0.8002782982754552
  max_power: 35.53237804615316
  t_arr: 13.210801866893323
  t_dep: 8.336349354361273
