vehicle:
  capacity: 127.19181726570416
  capacity_demand: 59.67423845646302
  charge_effi: 0.9736379227417788
  discharge_effi: 0.5864404401727654
  max_power: 32.23756361954282
  t_arr: 15.154563814001106
  t_dep: 8.275983359385666
