vehicle:
  capacity: 127.01137822613047
  capacity_demand: 75.48288320075117
  charge_effi: 0.811774411348256
  discharge_effi: 0.7420772673455299
  max_power: 31.441729265833114
  t_arr: 13.493516980246302
  t_dep: 8.891544040810242
