vehicle:
  capacity: 107.33982625899212
  capacity_demand: 80.73619675964974
  charge_effi: 0.8051564193303006
  discharge_effi: 0.6988650119018683
  max_power: 34.05120235016744
  t_arr: 11.728881438916689
  t_dep: 8.724100086367981
