vehicle:
  capacity: 126.44009074674211
  capacity_demand: 79.98848104736275
  charge_effi: 0.9900230181272412
  discharge_effi: 0.7198850930530836
  max_power: 22.75375024421571
  t_arr: 12.717953902432944
  t_dep: 9.692123418505052
