vehicle:
  capacity: 133.36498327812544
  capacity_demand: 81.5825852456668
  charge_effi: 0.902899192778085
  discharge_effi: 0.6635999019499648
  max_power: 32.40647381520915
  t_arr: 15.457130011778437
  t_dep: 7.6569570668816755
