vehicle:
  capacity: 127.58421432254838
  capacity_demand: 78.08074418135638
  charge_effi: 1.0595037037779045
  discharge_effi: 0.7217667113222943
  max_power: 26.545445678500442
  t_arr: 15.433314503910816
  t_dep: 7.407586422143702
