vehicle:
  capacity: 110.0083419853886
  capacity_demand: 74.8453086325888
  charge_effi: 1.0665628784391386
  discharge_effi: 0.7764573530225877
  max_power: 34.43097533829998
  t_arr: 13.387402335965147
  t_dep: 6.992049491338997
