vehicle:
  capacity: 125.88055205600992
  capacity_demand: 78.7317162416872
  charge_effi: 1.0068553174141308
  discharge_effi: 0.7150297373264136
  max_power: 32.22109336518651
  t_arr: 14.524706699645511
  t_dep: 7.478284503436397
