vehicle:
  capacity: 134.88760141529397
  capacity_demand: 76.2058065542194
  charge_effi: 0.8834244418860215
  discharge_effi: 0.8325078208334508
  max_power: 34.00360851397832
  t_arr: 12.675810052948906
  t_dep: 8.160997163654443
