vehicle:
  capacity: 143.4821180166279
  capacity_demand: 84.67524174380331
  charge_effi: 0.9140800879098687
  discharge_effi: 0.71778765194503
  max_power: 33.029338907999886
  t_arr: 13.78228550839947
  t_dep: 8.555244956303056
