vehicle:
  capacity: 118.29573163979954
  capacity_demand: 78.20169363496437
  charge_effi: 0.9755147100665421
  discharge_effi: 0.7791838462092967
  max_power: 34.229254755039314
  t_arr: 14.033619926411017
  t_dep: 7.185583471871053
