vehicle:
  capacity: 101.11397276950328
  capacity_demand: 78.83837154641604
  charge_effi: 1.0617128068429744
  discharge_effi: 0.8328320436873792
  max_power: 25.459188332137643
  t_arr: 15.67847902364158
  t_dep: 7.233439259074321
