vehicle:
  capacity: 128.16228851441664
  capacity_demand: 71.84977987569378
  charge_effi: 1.007895729729366
  discharge_effi: 0.6139785606061813
  max_power: 36.3349201504132
  t_arr: 14.932628058548092
  t_dep: 7.670780823815493
