vehicle:
  capacity: 126.13171231435835
  capacity_demand: 68.57045274100282
  charge_effi: 0.8279037678952887
  discharge_effi: 0.5648176903497306
  max_power: 28.97666463673423
  t_arr: 12.8647422524303
  t_dep: 7.394325728483039
