vehicle:
  capacity: 131.59795545191622
  capacity_demand: 82.11827809636006
  charge_effi: 1.1870052719408748
  discharge_effi: 0.7123364291021381
  max_power: 36.834706968542825
  t_arr: 10.10183781007046
  t_dep: 7.875284918276177
