vehicle:
  capacity: 99.54815032246483
  capacity_demand: 89.99140661303181
  charge_effi: 1.2490030562314896
  discharge_effi: 0.8030920543088784
  max_power: 31.708958009970953
  t_arr: 11.654180454243544
  t_dep: 10.386917634128439
