vehicle:
  capacity: 111.07509757331468
  capacity_demand: 77.19157432683905
  charge_effi: 0.952044341594215
  discharge_effi: 0.6941345233230306
  max_power: 30.847831431611564
  t_arr: 15.656126061477684
  t_dep: 7.642747721118832
