vehicle:
  capacity: 146.61935830074063
  capacity_demand: 72.39145545898468
  charge_effi: 1.0116758260219194
  discharge_effi: 0.7277846171918525
  max_power: 30.757822803349402
  t_arr: 14.94719867147196
  t_dep: 7.567776241134756
