vehicle:
  capacity: 139.70232425843218
  capacity_demand: 67.50684149339439
  charge_effi: 0.8562739232040397
  discharge_effi: 0.7134538659685496
  max_power: 30.34507563390285
  t_arr: 13.686299216940027
  t_dep: 7.132448492438301
