vehicle:
  capacity: 123.22813561101015
  capacity_demand: 73.91985960914703
  charge_effi: 0.8361492258056243
  discharge_effi: 0.7746021890479375
  max_power: 27.31017311370611
  t_arr: 16.19851529345192
  t_dep: 7.123946792784626
