vehicle:
  capacity: 103.44137327075808
  capacity_demand: 81.30500544160755
  charge_effi: 0.9110739373119022
  discharge_effi: 0.5824371370674233
  max_power: 29.47665440201913
  t_arr: 11.869120813780043
  t_dep: 8.535248254279251
