vehicle:
  capacity: 123.13144701276471
  capacity_demand: 67.10776339460034
  charge_effi: 1.0086987823042817
  discharge_effi: 0.6276172668105563
  max_power: 29.244964361904184
  t_arr: 15.143269568054277
  t_dep: 9.148199620718458
