vehicle:
  capacity: 129.2414602723641
  capacity_demand: 70.84938453408688
  charge_effi: 1.0732560337935464
  discharge_effi: 0.6548283714714194
  max_power: 31.513016613758925
  t_arr: 13.119584453455484
  t_dep: 8.253354919908404
