vehicle:
  capacity: 150.76243013903266
  capacity_demand: 64.43963861988173
  charge_effi: 0.9160197757153101
  discharge_effi: 0.6962792584307387
  max_power: 34.16303180573901
  t_arr: 10.691915095620017
  t_dep: 7.73406937148918
