vehicle:
  capacity: 120.82865402199154
  capacity_demand: 93.32285470198256
  charge_effi: 0.8989418187642887
  discharge_effi: 0.6613070843882338
  max_power: 31.26573450813359
  t_arr: 12.747917272376794
  t_dep: 9.211774558443395
