vehicle:
  capacity: 112.5889216570458
  capacity_demand: 90.24296835510873
  charge_effi: 0.9447452765466966
  discharge_effi: 0.7373078329061026
  max_power: 28.243380958122177
  t_arr: 14.80788413686054
  t_dep: 9.129077070999807
