vehicle:
  capacity: 115.2460091543959
  capacity_demand: 79.41243270330493
  charge_effi: 1.1087481024898276
  discharge_effi: 0.7055796556809005
  max_power: 33.49039244148887
  t_arr: 11.803466603781603
  t_dep: 9.154221243691852
