vehicle:
  capacity: 111.13355670455853
  capacity_demand: 81.3296178798597
  charge_effi: 0.8608376438019647
  discharge_effi: 0.7625196802693688
  max_power: 31.190080196784404
  t_arr: 16.209840270409934
  t_dep: 5.938353604393026
