vehicle:
  capacity: 142.59398288508007
  capacity_demand: 80.77942054726297
  charge_effi: 0.9303655423973723
  discharge_effi: 0.8165296932998288
  max_power: 34.35708429472209
  t_arr: 14.756669289717275
  t_dep: 8.529219090549097
