vehicle:
  capacity: 120.30668248930502
  capacity_demand: 86.63635336164091
  charge_effi: 0.8065828603890685
  discharge_effi: 0.6918988789142924
  max_power: 26.24218185186231
  t_arr: 12.897492867660207
  t_dep: 9.317652377910441
