vehicle:
  capacity: 132.04250938431082
  capacity_demand: 65.81590621133542
  charge_effi: 0.9072270446616764
  discharge_effi: 0.7811249098033178
  max_power: 37.6545070123457
  t_arr: 15.454985875019982
  t_dep: 7.593993549981385
