vehicle:
  capacity: 118.38991603674867
  capacity_demand: 90.31638097459926
  charge_effi: 0.9995031865904065
  discharge_effi: 0.7067416546532238
  max_power: 29.67551319746179
  t_arr: 13.667774341755791
  t_dep: 9.131242153613128
