vehicle:
  capacity: 117.9836600365776
  capacity_demand: 84.31038319301766
  charge_effi: 0.9755381378728483
  discharge_effi: 0.7746753107261747
  max_power: 31.63043080833532
  t_arr: 11.73173194915406
  t_dep: 7.227492418611325
