vehicle:
  capacity: 131.3363772410575
  capacity_demand: 81.78080964623962
  charge_effi: 0.9610895756570618
  discharge_effi: 0.6693102975303029
  max_power: 30.81651229331532
  t_arr: 15.008002341542145
  t_dep: 8.854500314842893
