vehicle:
  capacity: 128.2665621844566
  capacity_demand: 77.94023738422028
  charge_effi: 1.090865462030606
  discharge_effi: 0.8312323372321011
  max_power: 30.674284945872405
  t_arr: 14.322186310347048
  t_dep: 8.584574905401611
