vehicle:
  capacity: 118.64020886881498
  capacity_demand: 66.80361166296609
  charge_effi: 0.8965633870350732
  discharge_effi: 0.7312537535600268
  max_power: 26.35845972826487
  t_arr: 14.140581189350646
  t_dep: 7.940110654500685
