vehicle:
  capacity: 109.14089604843501
  capacity_demand: 79.03570645026106
  charge_effi: 1.000973293964315
  discharge_effi: 0.7643414911930976
  max_power: 34.39386439639817
  t_arr: 12.40258916084049
  t_dep: 9.184348131064052
