vehicle:
  capacity: 128.64948720380767
  capacity_demand: 70.3923165823214
  charge_effi: 0.9264475123197724
  discharge_effi: 0.6889783097199251
  max_power: 30.762306539395492
  t_arr: 15.85374931731067
  t_dep: 6.935935226948677
