vehicle:
  capacity: 102.91141679522983
  capacity_demand: 80.64861822676959
  charge_effi: 0.9173013222516061
  discharge_effi: 0.7500883740235009
  max_power: 33.982483225307774
  t_arr: 13.979588184505081
  t_dep: 7.759970944412815
