vehicle:
  capacity: 104.61186085282856
  capacity_demand: 92.87129071193736
  charge_effi: 1.073942333727266
  discharge_effi: 0.8028314839023768
  max_power: 37.39755861346286
  t_arr: 14.578739507720066
  t_dep: 9.043027745649713
