vehicle:
  capacity: 118.61369544392689
  capacity_demand: 79.35726287602238
  charge_effi: 0.9869503586021662
  discharge_effi: 0.7651441688161711
  max_power: 22.415522860790738
  t_arr: 12.531554465452105
  t_dep: 7.981760446873511
