vehicle:
  capacity: 105.10076676385833
  capacity_demand: 74.79173969741728
  charge_effi: 0.9410797253883273
  discharge_effi: 0.7572360540174259
  max_power: 32.78061416687054
  t_arr: 11.117815396013873
  t_dep: 7.921467808798958
