vehicle:
  capacity: 126.00678153328715
  capacity_demand: 75.6356994176163
  charge_effi: 0.9855459892475548
  discharge_effi: 0.5663239836571005
  max_power: 34.744868107257425
  t_arr: 13.830267329801693
  t_dep: 8.571760865611013
