vehicle:
  capacity: 114.23885982510451
  capacity_demand: 70.45482939446715
  charge_effi: 0.9191271823892748
  discharge_effi: 0.6844151036028816
  max_power: 33.42218926324361
  t_arr: 14.070527626411156
  t_dep: 8.955028176695532
