vehicle:
  capacity: 100.04424881610386
  capacity_demand: 65.16221519758774
  charge_effi: 1.0171858784914918
  discharge_effi: 0.5858306238368196
  max_power: 31.498291048783766
  t_arr: 16.016282719584517
  t_dep: 6.61090210468168
