vehicle:
  capacity: 138.41568292233052
  capacity_demand: 58.56043005200712
  charge_effi: 0.9097341257702171
  discharge_effi: 0.6570692954889317
  max_power: 27.837208920974096
  t_arr: 14.759795658621355
  t_dep: 6.0037665259750375
