vehicle:
  capacity: 143.05902722891028
  capacity_demand: 70.21121413174416
  charge_effi: 0.9768097278804462
  discharge_effi: 0.777279009617107
  max_power: 25.00157633831711
  t_arr: 14.802094915913722
  t_dep: 6.963972742988187
