vehicle:
  capacity: 140.1977506892121
  capacity_demand: 71.36877487176763
  charge_effi: 0.8340707251711783
  discharge_effi: 0.7519629353807078
  max_power: 23.438770423313823
  t_arr: 12.691566250096985
  t_dep: 6.460982065976855
