vehicle:
  capacity: 106.43093943740082
  capacity_demand: 77.11293600601846
  charge_effi: 0.9350578447128018
  discharge_effi: 0.7161137184063717
  max_power: 35.99384378664552
  t_arr: 12.183963496723075
  t_dep: 8.548754391074327
