vehicle:
  capacity: 108.52098185787169
  capacity_demand: 66.54347662989146
  charge_effi: 1.0004727005163816
  discharge_effi: 0.6229270625652898
  max_power: 33.448325266407394
  t_arr: 12.458447998085475
  t_dep: 8.037553506465988
