vehicle:
  capacity: 124.0464700095119
  capacity_demand: 80.24995193800034
  charge_effi: 1.1228611806973776
  discharge_effi: 0.5971901584182749
  max_power: 32.20024282340733
  t_arr: 11.839312313448698
  t_dep: 7.934032043573436
