vehicle:
  capacity: 124.67042514723698
  capacity_demand: 76.7155667508668
  charge_effi: 0.99173191982005
  discharge_effi: 0.7525527502392187
  max_power: 26.70641878338833
  t_arr: 12.723757211741624
  t_dep: 9.276103110957521
