vehicle:
  capacity: 100.48520292348358
  capacity_demand: 83.16518643907457
  charge_effi: 1.2077073211509437
  discharge_effi: 0.8534281644742835
  max_power: 34.051937199118136
  t_arr: 13.221882883298877
  t_dep: 9.640020139286632
