vehicle:
  capacity: 119.41036804030473
  capacity_demand: 74.25490642182054
  charge_effi: 0.9922685187872826
  discharge_effi: 0.5843671319909421
  max_power: 26.867440819032307
  t_arr: 13.85300401855009
  t_dep: 8.595525466420435
