vehicle:
  capacity: 142.77816504673993
  capacity_demand: 75.88063055828891
  charge_effi: 1.0143478784988764
  discharge_effi: 0.7394425720172912
  max_power: 34.53739050287845
  t_arr: 17.143184505656627
  t_dep: 6.990695093853855
