vehicle:
  capacity: 76.74774116815627
  capacity_demand: 78.7954728050516
  charge_effi: 1.090747773787818
  discharge_effi: 0.7674799983875442
  max_power: 33.08217803588485
  t_arr: 10.792529973264465
  t_dep: 7.469993949099351
