vehicle:
  capacity: 96.42066406998396
  capacity_demand: 78.42328551571391
  charge_effi: 1.0420838785637612
  discharge_effi: 0.6753045750191803
  max_power: 30.310924442366915
  t_arr: 12.608661284621785
  t_dep: 7.555995850537728
