vehicle:
  capacity: 122.309089983373
  capacity_demand: 78.25555790767348
  charge_effi: 1.1029195016842235
  discharge_effi: 0.806706829975835
  max_power: 31.930114103393883
  t_arr: 13.11258263764638
  t_dep: 9.035162432522807
