vehicle:
  capacity: 99.45404991763982
  capacity_demand: 77.41178824905448
  charge_effi: 1.0798226097969992
  discharge_effi: 0.6726829722294937
  max_power: 29.728921909077137
  t_arr: 12.881450453840095
  t_dep: 8.035140290866144
