vehicle:
  capacity: 120.52341901883678
  capacity_demand: 82.9444984999089
  charge_effi: 1.120360966787843
  discharge_effi: 0.7730352107944463
  max_power: 33.744863876959535
  t_arr: 12.31425946226675
  t_dep: 8.223567747612368
