vehicle:
  capacity: 113.97629385266382
  capacity_demand: 78.45274504076593
  charge_effi: 1.0050499941103488
  discharge_effi: 0.6828983411052044
  max_power: 33.34075784860432
  t_arr: 14.867368904390728
  t_dep: 8.050823336341436
