vehicle:
  capacity: 142.36970571699428
  capacity_demand: 71.50323017196625
  charge_effi: 1.0506012209748967
  discharge_effi: 0.724220725413466
  max_power: 29.417739137079774
  t_arr: 11.75478694259054
  t_dep: 7.985118855001478
