vehicle:
  capacity: 141.23187712810005
  capacity_demand: 71.35861377724177
  charge_effi: 1.0029814232929815
  discharge_effi: 0.8056764555596141
  max_power: 30.174608181962633
  t_arr: 12.373650085764355
  t_dep: 8.701330186410672
