vehicle:
  capacity: 122.21939946460282
  capacity_demand: 92.33571031389923
  charge_effi: 1.0348118587037334
  discharge_effi: 0.6431054628113839
  max_power: 29.96838501721201
  t_arr: 12.515818562819549
  t_dep: 9.15521680447146
