vehicle:
  capacity: 121.14108214247732
  capacity_demand: 82.62964821575187
  charge_effi: 0.8958188083822347
  discharge_effi: 0.782187552347365
  max_power: 31.364271448753488
  t_arr: 14.153658047557235
  t_dep: 8.348444226188322
