vehicle:
  capacity: 122.11566419783182
  capacity_demand: 67.30398462172789
  charge_effi: 0.9451253659425368
  discharge_effi: 0.690955654666632
  max_power: 33.11096274202956
  t_arr: 15.236660383253637
  t_dep: 8.523412489343869
