vehicle:
  capacity: 132.36555137705136
  capacity_demand: 70.98751491843245
  charge_effi: 1.107708552871947
  discharge_effi: 0.8404930101410596
  max_power: 32.28794582328031
  t_arr: 10.67103832524407
  t_dep: 9.471670254075285
