vehicle:
  capacity: 137.066026762593
  capacity_demand: 89.92184585328697
  charge_effi: 1.0859580481177757
  discharge_effi: 0.77178047688283
  max_power: 31.33502436129594
  t_arr: 13.493539371143012
  t_dep: 8.07147329987867
