vehicle:
  capacity: 127.81302066280237
  capacity_demand: 63.843407310668
  charge_effi: 1.097029772006761
  discharge_effi: 0.6577345258167493
  max_power: 32.133367524605355
  t_arr: 14.048359743717608
  t_dep: 7.063000483376192
