vehicle:
  capacity: 156.56074128236213
  capacity_demand: 71.3719383350229
  charge_effi: 0.9302520300979377
  discharge_effi: 0.7144125717808992
  max_power: 28.289587035494005
  t_arr: 14.471874860478167
  t_dep: 7.792642472620957
