vehicle:
  capacity: 127.95374990761651
  capacity_demand: 65.84622685410798
  charge_effi: 0.9981790133303702
  discharge_effi: 0.6376987090849474
  max_power: 35.220792131202515
  t_arr: 15.191548215465053
  t_dep: 7.225569379537718
