vehicle:
  capacity: 124.27215534594463
  capacity_demand: 66.1128091382011
  charge_effi: 0.8743242726410695
  discharge_effi: 0.7096825468507938
  max_power: 31.188632713791964
  t_arr: 12.015136660084021
  t_dep: 8.896860270870336
