vehicle:
  capacity: 129.10245106753803
  capacity_demand: 80.44078997858894
  charge_effi: 0.8870831148670952
  discharge_effi: 0.7405566850364004
  max_power: 33.648957906486906
  t_arr: 13.634488178812521
  t_dep: 7.9143826870935206
