vehicle:
  capacity: 92.68704093404057
  capacity_demand: 78.70273856404113
  charge_effi: 1.0031705598121632
  discharge_effi: 0.7943006498269402
  max_power: 31.320264038016127
  t_arr: 12.779774907361581
  t_dep: 7.085440568920329
