vehicle:
  capacity: 136.22030331743034
  capacity_demand: 75.3525630374213
  charge_effi: 0.9814578382548302
  discharge_effi: 0.719005504117994
  max_power: 33.893051333596176
  t_arr: 13.337843037872096
  t_dep: 7.058111903755127
