vehicle:
  capacity: 121.35973904287421
  capacity_demand: 68.79199875772225
  charge_effi: 1.049543217106988
  discharge_effi: 0.7758897118456805
  max_power: 34.028152299983674
  t_arr: 14.824529135579391
  t_dep: 7.883757685292262
