vehicle:
  capacity: 125.92118692020527
  capacity_demand: 89.79232881449391
  charge_effi: 0.9248945156328592
  discharge_effi: 0.701161378702923
  max_power: 33.936979945251714
  t_arr: 12.861454106765972
  t_dep: 9.042872634710818
