vehicle:
  capacity: 113.27172301875889
  capacity_demand: 83.82067356339982
  charge_effi: 1.1851085957222203
  discharge_effi: 0.7152573362764263
  max_power: 34.4172447724619
  t_arr: 13.981439492974872
  t_dep: 9.631053599128002
