vehicle:
  capacity: 121.88075632504068
  capacity_demand: 70.79184683283462
  charge_effi: 1.3301337379321818
  discharge_effi: 0.7180432362827264
  max_power: 23.510696325796335
  t_arr: 11.330477993712467
  t_dep: 7.959138920771503
