vehicle:
  capacity: 143.0288216844481
  capacity_demand: 80.09097901101387
  charge_effi: 0.8578857265970822
  discharge_effi: 0.7335866675704424
  max_power: 31.79152005087061
  t_arr: 12.446410736344367
  t_dep: 7.492165778734781
