vehicle:
  capacity: 121.94019205342438
  capacity_demand: 85.36389990793054
  charge_effi: 0.9320060557090469
  discharge_effi: 0.4750603324946706
  max_power: 28.261169950499273
  t_arr: 13.016359350320602
  t_dep: 7.800592561770296
