vehicle:
  capacity: 114.7341763599758
  capacity_demand: 76.01194461618532
  charge_effi: 1.0893753531316697
  discharge_effi: 0.8528999563041911
  max_power: 37.05718757377248
  t_arr: 12.042976867964533
  t_dep: 8.472337992057806
