vehicle:
  capacity: 119.25756328565451
  capacity_demand: 75.33503700901392
  charge_effi: 0.9792177170921018
  discharge_effi: 0.6805977733527463
  max_power: 26.717804689317003
  t_arr: 13.0893849338259
  t_dep: 7.391258871803538
