vehicle:
  capacity: 105.71415402221474
  capacity_demand: 85.32181721617034
  charge_effi: 1.1371323330657601
  discharge_effi: 0.7606626053737409
  max_power: 36.4108816367383
  t_arr: 15.486317175318058
  t_dep: 6.962075243581422
