vehicle:
  capacity: 121.10701594442472
  capacity_demand: 96.60289709466609
  charge_effi: 0.9707714412706643
  discharge_effi: 0.824674533718724
  max_power: 33.59625648497551
  t_arr: 14.861597224996627
  t_dep: 9.624051957540962
