vehicle:
  capacity: 131.87715364585245
  capacity_demand: 67.95041905987361
  charge_effi: 0.8742575938036083
  discharge_effi: 0.6642656421826091
  max_power: 31.950759855568258
  t_arr: 12.369786736027137
  t_dep: 7.304405854249855
