vehicle:
  capacity: 121.45169142617301
  capacity_demand: 60.01404899416978
  charge_effi: 0.938757146469875
  discharge_effi: 0.7627178423581876
  max_power: 29.44204380162122
  t_arr: 13.20964505530463
  t_dep: 6.642561537028037
