vehicle:
  capacity: 121.8003744516141
  capacity_demand: 63.31072433137349
  charge_effi: 0.8778211681730405
  discharge_effi: 0.5958041438395597
  max_power: 30.749753083012422
  t_arr: 16.532883989799615
  t_dep: 6.6754302098687655
