vehicle:
  capacity: 86.78793315063413
  capacity_demand: 87.07344615192022
  charge_effi: 1.2044194198942197
  discharge_effi: 0.7057797099498416
  max_power: 26.549208357144572
  t_arr: 12.848342847229603
  t_dep: 9.854477280186869
