vehicle:
  capacity: 135.22153963734485
  capacity_demand: 61.75917577763073
  charge_effi: 0.9519151329925802
  discharge_effi: 0.642191483396345
  max_power: 33.409415776641126
  t_arr: 10.776880090707838
  t_dep: 7.259517679131614
