vehicle:
  capacity: 137.01086225478923
  capacity_demand: 78.1959099283418
  charge_effi: 1.036983209713041
  discharge_effi: 0.6687875596537342
  max_power: 30.73232029228769
  t_arr: 14.128479431899406
  t_dep: 7.98869570554192
