vehicle:
  capacity: 118.43919134681683
  capacity_demand: 60.556286660616784
  charge_effi: 1.1974671379709843
  discharge_effi: 0.7257008649399561
  max_power: 30.516879977923367
  t_arr: 12.82009600877892
  t_dep: 7.581030870411213
