vehicle:
  capacity: 122.16088519988072
  capacity_demand: 73.11899629727871
  charge_effi: 0.8376111049085052
  discharge_effi: 0.7468633909349643
  max_power: 35.158548833700095
  t_arr: 16.793292817195184
  t_dep: 7.389679041006558
