vehicle:
  capacity: 103.77291884075353
  capacity_demand: 60.30933662849652
  charge_effi: 0.9439824656509429
  discharge_effi: 0.6661475633969757
  max_power: 29.03993637239168
  t_arr: 12.583539431049571
  t_dep: 7.506414835937958
