vehicle:
  capacity: 120.79364353457021
  capacity_demand: 80.53125974270861
  charge_effi: 1.1753889588187059
  discharge_effi: 0.8754705499193156
  max_power: 33.71737552651412
  t_arr: 13.428286543794796
  t_dep: 6.994750903516686
