vehicle:
  capacity: 129.97177809021423
  capacity_demand: 78.61079368808473
  charge_effi: 0.972143852045993
  discharge_effi: 0.6395046690240875
  max_power: 28.179535229556233
  t_arr: 13.622310948330885
  t_dep: 7.249831649649335
