vehicle:
  capacity: 135.094188870693
  capacity_demand: 79.37289123812755
  charge_effi: 0.955198781191316
  discharge_effi: 0.7336366311705266
  max_power: 28.761422637191686
  t_arr: 13.96273283568067
  t_dep: 7.162033751426532
