vehicle:
  capacity: 135.66582182892023
  capacity_demand: 71.719136665222
  charge_effi: 1.0758073339385976
  discharge_effi: 0.6401364109022342
  max_power: 32.108979841601155
  t_arr: 14.958474066333029
  t_dep: 8.32333586853723
