vehicle:
  capacity: 126.96921612467102
  capacity_demand: 88.90956007128499
  charge_effi: 0.9325702278068323
  discharge_effi: 0.6561046375127427
  max_power: 33.68339104473159
  t_arr: 12.841025315958774
  t_dep: 8.577047058482192
