vehicle:
  capacity: 132.6383204554195
  capacity_demand: 53.39063451619117
  charge_effi: 0.8235050946309015
  discharge_effi: 0.7076615100469147
  max_power: 29.346504838379257
  t_arr: 15.21122337614368
  t_dep: 7.421489959918359
