vehicle:
  capacity: 116.3891212399046
  capacity_demand: 75.98897542403724
  charge_effi: 1.090453269866492
  discharge_effi: 0.5507491048495698
  max_power: 31.767299225653307
  t_arr: 15.335498227287681
  t_dep: 8.071619186763405
