vehicle:
  capacity: 118.09942532497327
  capacity_demand: 69.33473010868025
  charge_effi: 1.0367671159294531
  discharge_effi: 0.7291742691913572
  max_power: 29.54392860462026
  t_arr: 14.254264866733916
  t_dep: 8.895599588356017
