vehicle:
  capacity: 106.12471186123238
  capacity_demand: 81.29946518866211
  charge_effi: 1.1324412100127457
  discharge_effi: 0.7222045960299326
  max_power: 30.48510035874884
  t_arr: 13.734188501841249
  t_dep: 7.094027164421864
