vehicle:
  capacity: 113.05732420411356
  capacity_demand: 75.70938404466446
  charge_effi: 1.0233235731622927
  discharge_effi: 0.7896798611390407
  max_power: 34.256241091119826
  t_arr: 14.322036731455928
  t_dep: 7.7260603327387365
