vehicle:
  capacity: 121.03578541677986
  capacity_demand: 93.41974119472557
  charge_effi: 0.9934016968054619
  discharge_effi: 0.6324280727413454
  max_power: 26.643182969904803
  t_arr: 13.282071987681372
  t_dep: 9.126936132567174
