vehicle:
  capacity: 105.67473109633889
  capacity_demand: 71.3729687626098
  charge_effi: 0.9065162298753047
  discharge_effi: 0.6870060643545345
  max_power: 35.44279751503183
  t_arr: 11.897614686297693
  t_dep: 8.060657995435387
