vehicle:
  capacity: 114.27395378571016
  capacity_demand: 74.54565640756965
  charge_effi: 0.8881504929855337
  discharge_effi: 0.6939231787202773
  max_power: 27.680953504993088
  t_arr: 13.917864639746531
  t_dep: 7.993865425598558
