vehicle:
  capacity: 93.81923253650908
  capacity_demand: 78.07069197933576
  charge_effi: 1.0497986562118788
  discharge_effi: 0.7947352416935294
  max_power: 31.25220546023852
  t_arr: 12.693720824450267
  t_dep: 7.80303212090485
