vehicle:
  capacity: 151.5633985531876
  capacity_demand: 69.6743729790231
  charge_effi: 1.084984804715851
  discharge_effi: 0.6458532800321881
  max_power: 30.286843379988923
  t_arr: 13.388434307969801
  t_dep: 6.262913560144638
