vehicle:
  capacity: 132.9419650082876
  capacity_demand: 58.783603774325954
  charge_effi: 1.1015709678873504
  discharge_effi: 0.6779689192496652
  max_power: 29.999646315708553
  t_arr: 12.727962892955958
  t_dep: 7.768475515680368
