vehicle:
  capacity: 116.81083464155917
  capacity_demand: 72.52124327678658
  charge_effi: 0.8502517201690127
  discharge_effi: 0.5943811824340747
  max_power: 35.04221648074493
  t_arr: 14.12140572093894
  t_dep: 7.208160455425926
