vehicle:
  capacity: 89.71839969696565
  capacity_demand: 87.97390386817916
  charge_effi: 1.160567347089018
  discharge_effi: 0.8225022670610563
  max_power: 34.99303402157675
  t_arr: 12.820716920908763
  t_dep: 8.613135786443571
