vehicle:
  capacity: 108.3456511668379
  capacity_demand: 73.5687760377053
  charge_effi: 0.7598125810749797
  discharge_effi: 0.6065858239781116
  max_power: 29.648265869300904
  t_arr: 13.825090542984373
  t_dep: 8.028542044660798
