vehicle:
  capacity: 128.86782249914503
  capacity_demand: 80.71430781868531
  charge_effi: 1.1252219958818472
  discharge_effi: 0.7893729344754302
  max_power: 31.656378867064994
  t_arr: 13.612841458994039
  t_dep: 8.681688952588075
