vehicle:
  capacity: 97.60951476556177
  capacity_demand: 83.20979540633184
  charge_effi: 1.1164445194994637
  discharge_effi: 0.6763863148747155
  max_power: 35.97634264068469
  t_arr: 14.250156696945112
  t_dep: 7.985779665601976
