vehicle:
  capacity: 126.63140577787507
  capacity_demand: 84.94579284336174
  charge_effi: 1.0232922227865733
  discharge_effi: 0.7457342579936701
  max_power: 31.975792077135797
  t_arr: 12.397892020503468
  t_dep: 8.368221377670887
