vehicle:
  capacity: 129.86664713111406
  capacity_demand: 89.16219593793143
  charge_effi: 0.8994582760202134
  discharge_effi: 0.8235405460773555
  max_power: 26.022547251975404
  t_arr: 14.110853455733352
  t_dep: 9.240671870584528
