vehicle:
  capacity: 151.87054785704262
  capacity_demand: 72.97856511699462
  charge_effi: 0.9568432895364445
  discharge_effi: 0.7694754746384739
  max_power: 28.67659788227928
  t_arr: 14.786995282468455
  t_dep: 8.484247660664474
