vehicle:
  capacity: 115.07572584886448
  capacity_demand: 75.41787585139215
  charge_effi: 1.1237447133701115
  discharge_effi: 0.7618548354988243
  max_power: 34.2563980533368
  t_arr: 13.920021363584524
  t_dep: 9.124233944140657
