vehicle:
  capacity: 126.01363396247578
  capacity_demand: 78.96672433905776
  charge_effi: 0.9615415224133773
  discharge_effi: 0.8327256741363513
  max_power: 33.03399061248694
  t_arr: 14.098002981309568
  t_dep: 8.019792123498409
