vehicle:
  capacity: 140.815149325966
  capacity_demand: 76.37603967948006
  charge_effi: 0.9657405553910495
  discharge_effi: 0.6833611167407861
  max_power: 31.07500472033202
  t_arr: 13.690718371514667
  t_dep: 7.605172811962732
