vehicle:
  capacity: 124.08612801277893
  capacity_demand: 70.0017457512466
  charge_effi: 1.0145801434067663
  discharge_effi: 0.7644853121023334
  max_power: 30.456533222679475
  t_arr: 11.801030445599505
  t_dep: 8.715911382658932
