vehicle:
  capacity: 123.72416796023278
  capacity_demand: 64.35274815831154
  charge_effi: 0.9087768779146969
  discharge_effi: 0.7149834383018547
  max_power: 36.085091520130014
  t_arr: 12.649179032738177
  t_dep: 8.217870913901226
