vehicle:
  capacity: 135.2868087739797
  capacity_demand: 75.24787798717747
  charge_effi: 0.8828580744123267
  discharge_effi: 0.7753676046300747
  max_power: 28.64866692650051
  t_arr: 13.437697122625988
  t_dep: 7.581385681725141
