vehicle:
  capacity: 85.51277198445167
  capacity_demand: 66.14088698512947
  charge_effi: 0.8441418981144073
  discharge_effi: 0.7662960145101074
  max_power: 35.168801871035015
  t_arr: 12.134094524103666
  t_dep: 8.568948121424343
