vehicle:
  capacity: 128.85918282792224
  capacity_demand: 72.16185790555299
  charge_effi: 1.0286799375772364
  discharge_effi: 0.6779025563772956
  max_power: 31.959613129424362
  t_arr: 14.49600035901749
  t_dep: 7.589803128542128
