vehicle:
  capacity: 118.50074200132948
  capacity_demand: 72.24884205380847
  charge_effi: 1.1963008516247695
  discharge_effi: 0.736285171786688
  max_power: 32.30616095199297
  t_arr: 12.23388348911275
  t_dep: 7.9373012581503195
