vehicle:
  capacity: 120.0781069897921
  capacity_demand: 79.59329768493353
  charge_effi: 1.0689696426093986
  discharge_effi: 0.5956501180592593
  max_power: 33.97447575500649
  t_arr: 13.977687381355302
  t_dep: 7.805405675798272
