vehicle:
  capacity: 100.1666435407413
  capacity_demand: 81.49462220218304
  charge_effi: 0.9161022861968349
  discharge_effi: 0.733136599488679
  max_power: 31.74779381139834
  t_arr: 13.090015718097982
  t_dep: 9.445234256486424
