vehicle:
  capacity: 119.00236713925334
  capacity_demand: 75.56552957405611
  charge_effi: 0.7858230802949115
  discharge_effi: 0.7377620474576202
  max_power: 33.326650287112535
  t_arr: 14.363964572569348
  t_dep: 7.429382400306437
