vehicle:
  capacity: 109.65259744822988
  capacity_demand: 88.02976160712954
  charge_effi: 0.9218486367998812
  discharge_effi: 0.7852858651833885
  max_power: 33.46297943759089
  t_arr: 12.122244493714927
  t_dep: 9.297547382467467
