vehicle:
  capacity: 114.8430201875627
  capacity_demand: 100.63960090498635
  charge_effi: 1.0202218499851534
  discharge_effi: 0.7329917122534182
  max_power: 33.990329056165706
  t_arr: 10.84059444847577
  t_dep: 9.144144832764237
