vehicle:
  capacity: 142.82113005926578
  capacity_demand: 68.88686609519293
  charge_effi: 0.9052677850917253
  discharge_effi: 0.5963899143929272
  max_power: 30.420484507357497
  t_arr: 14.594350538197832
  t_dep: 8.225257797606185
