vehicle:
  capacity: 121.09260023789437
  capacity_demand: 85.22753619986892
  charge_effi: 1.0367021276707358
  discharge_effi: 0.728760267914586
  max_power: 28.91910197819802
  t_arr: 12.006016569713813
  t_dep: 7.757229854696176
