vehicle:
  capacity: 113.20275158499453
  capacity_demand: 75.08664293007934
  charge_effi: 1.0495485808136127
  discharge_effi: 0.6774997078478369
  max_power: 32.29988434141614
  t_arr: 12.115810131680941
  t_dep: 8.94097162917341
