vehicle:
  capacity: 105.25489100433347
  capacity_demand: 74.62000790860296
  charge_effi: 0.9675263340523798
  discharge_effi: 0.8374607429254866
  max_power: 27.95654632273913
  t_arr: 13.674902796174983
  t_dep: 9.009988348088472
