vehicle:
  capacity: 139.34638723530762
  capacity_demand: 63.85554131623778
  charge_effi: 1.0038521001474392
  discharge_effi: 0.6141212194930756
  max_power: 30.120868634426458
  t_arr: 12.736112492032102
  t_dep: 7.865451387482189
