vehicle:
  capacity: 124.05207524146941
  capacity_demand: 63.38226018293882
  charge_effi: 1.062702398396178
  discharge_effi: 0.74214377380769
  max_power: 32.24719562029136
  t_arr: 14.349021429605692
  t_dep: 8.863574634917427
