vehicle:
  capacity: 131.41720088325633
  capacity_demand: 90.57646913494428
  charge_effi: 0.9513891784370637
  discharge_effi: 0.6882661040978388
  max_power: 32.75562505405234
  t_arr: 13.467353388613153
  t_dep: 9.109243200532314
