vehicle:
  capacity: 116.87561376624384
  capacity_demand: 59.385038963583696
  charge_effi: 0.9185300995094382
  discharge_effi: 0.6796929711941339
  max_power: 31.9155678805283
  t_arr: 16.6436435318228
  t_dep: 6.58725230346591
