vehicle:
  capacity: 110.03226619660514
  capacity_demand: 71.46454464005215
  charge_effi: 1.1341887206902654
  discharge_effi: 0.7445431581167179
  max_power: 37.40835574605805
  t_arr: 14.504232998984419
  t_dep: 8.252124932812945
