vehicle:
  capacity: 115.51119268217063
  capacity_demand: 50.04850106812621
  charge_effi: 0.8927126307747328
  discharge_effi: 0.6695798463098642
  max_power: 28.207163611576476
  t_arr: 11.685343805227866
  t_dep: 7.36260795498377
