vehicle:
  capacity: 116.29778586823024
  capacity_demand: 76.01090786194388
  charge_effi: 0.821538730599406
  discharge_effi: 0.6031121614922283
  max_power: 28.085466434193716
  t_arr: 13.897718165497253
  t_dep: 6.572191216924833
