vehicle:
  capacity: 125.8830889267409
  capacity_demand: 79.45505490493075
  charge_effi: 0.9747973879955955
  discharge_effi: 0.7612467097810622
  max_power: 30.658439231190815
  t_arr: 11.892259234283294
  t_dep: 9.61906116122119
