vehicle:
  capacity: 123.52252055934842
  capacity_demand: 62.29857371377741
  charge_effi: 0.970020024108798
  discharge_effi: 0.6648970961030524
  max_power: 28.711911873437305
  t_arr: 15.016165356006677
  t_dep: 7.223154523857784
