vehicle:
  capacity: 123.28362348199765
  capacity_demand: 97.63354040053692
  charge_effi: 1.016064583235917
  discharge_effi: 0.8108691312128965
  max_power: 29.31793737320454
  t_arr: 13.317832463641485
  t_dep: 8.063592212595806
