vehicle:
  capacity: 129.31415284911824
  capacity_demand: 80.66007951012762
  charge_effi: 0.9212949674400799
  discharge_effi: 0.6547297709489563
  max_power: 37.643235338505285
  t_arr: 14.15168337461186
  t_dep: 7.635019402735653
