vehicle:
  capacity: 121.29985879508727
  capacity_demand: 87.10921984390377
  charge_effi: 0.8939839136094971
  discharge_effi: 0.7516576324328994
  max_power: 32.47206536712442
  t_arr: 11.097723647976691
  t_dep: 8.805729130669482
