vehicle:
  capacity: 116.57934706057829
  capacity_demand: 72.91417843315587
  charge_effi: 0.943326845898095
  discharge_effi: 0.727955899090692
  max_power: 30.841082606355208
  t_arr: 15.488547856593431
  t_dep: 7.730993014925266
