vehicle:
  capacity: 125.5164092831727
  capacity_demand: 84.33513394398308
  charge_effi: 0.9792365062217594
  discharge_effi: 0.9516014088470162
  max_power: 31.013050076270893
  t_arr: 14.812557288307005
  t_dep: 7.73892120307531
