vehicle:
  capacity: 100.80894640060517
  capacity_demand: 88.99842276573746
  charge_effi: 1.055949378038764
  discharge_effi: 0.6663596169130196
  max_power: 39.4404596996446
  t_arr: 12.382905128554643
  t_dep: 9.72342053883216
