vehicle:
  capacity: 115.86663559813405
  capacity_demand: 68.74943646026632
  charge_effi: 0.7328843907262549
  discharge_effi: 0.770882572249786
  max_power: 31.39479757702871
  t_arr: 12.411541283165837
  t_dep: 7.33844963863285
