vehicle:
  capacity: 112.50133742287083
  capacity_demand: 82.30129746621321
  charge_effi: 0.8053006541831741
  discharge_effi: 0.7428192264676404
  max_power: 30.875356407506185
  t_arr: 11.58963410621227
  t_dep: 9.560155966433319
