vehicle:
  capacity: 129.79416268815717
  capacity_demand: 65.04086131013086
  charge_effi: 1.0747606702326862
  discharge_effi: 0.6432693209802764
  max_power: 35.678541006644764
  t_arr: 14.710904246167116
  t_dep: 7.250790160486973
