vehicle:
  capacity: 128.42049301952216
  capacity_demand: 67.37456501718052
  charge_effi: 1.0245153092616575
  discharge_effi: 0.8106497395997686
  max_power: 30.501670964187916
  t_arr: 13.858860573255134
  t_dep: 6.508329443950252
