vehicle:
  capacity: 150.1800784957685
  capacity_demand: 71.00950208272725
  charge_effi: 0.9267957778384018
  discharge_effi: 0.6534620847745926
  max_power: 28.65949283809119
  t_arr: 14.015579577204912
  t_dep: 6.850494513739324
