vehicle:
  capacity: 124.62314844359685
  capacity_demand: 85.43047702930599
  charge_effi: 0.8786700125281406
  discharge_effi: 0.7808363899363324
  max_power: 27.75176151176366
  t_arr: 13.18227528467663
  t_dep: 7.461881510670999
