vehicle:
  capacity: 139.5017268862338
  capacity_demand: 66.38768738898762
  charge_effi: 1.0741859834094498
  discharge_effi: 0.624367705479646
  max_power: 27.104017357266702
  t_arr: 13.964700611242828
  t_dep: 6.8765605466033755
