vehicle:
  capacity: 99.12376606252151
  capacity_demand: 83.42031562016874
  charge_effi: 1.1544306360833108
  discharge_effi: 0.7605775936534728
  max_power: 32.03873617260793
  t_arr: 10.882793400002939
  t_dep: 8.212574882457732
