vehicle:
  capacity: 112.4104208701058
  capacity_demand: 80.36055879981436
  charge_effi: 0.9632465563557165
  discharge_effi: 0.6624916034241567
  max_power: 30.27644073179241
  t_arr: 17.35624734444131
  t_dep: 8.359104000020515
