vehicle:
  capacity: 104.43016912407786
  capacity_demand: 67.98222192452988
  charge_effi: 1.0260094870534784
  discharge_effi: 0.6722154757139197
  max_power: 34.68062191180923
  t_arr: 13.126451208755748
  t_dep: 8.880983102522874
