vehicle:
  capacity: 128.91274072388833
  capacity_demand: 69.52892331174402
  charge_effi: 1.0910502199228131
  discharge_effi: 0.6560398479593169
  max_power: 33.59606009798147
  t_arr: 13.89882813665001
  t_dep: 7.593568606821047
