vehicle:
  capacity: 113.33666690534112
  capacity_demand: 77.59136419086968
  charge_effi: 0.919004754233073
  discharge_effi: 0.7073938317901268
  max_power: 29.633190077528862
  t_arr: 14.524477153934207
  t_dep: 8.672828816047524
