vehicle:
  capacity: 109.53871347170667
  capacity_demand: 72.638597188957
  charge_effi: 0.972390800252509
  discharge_effi: 0.49587769709140905
  max_power: 27.841283570623997
  t_arr: 14.568647274502826
  t_dep: 7.841139028184854
