vehicle:
  capacity: 96.56617246012429
  capacity_demand: 71.9519548815716
  charge_effi: 0.9895509274661137
  discharge_effi: 0.6971067900962582
  max_power: 36.976112461628745
  t_arr: 12.604815959947073
  t_dep: 8.703967215929477
