vehicle:
  capacity: 86.13247240541067
  capacity_demand: 71.90260374082013
  charge_effi: 1.0554632426619301
  discharge_effi: 0.8248663096146974
  max_power: 34.41661980605233
  t_arr: 12.810080795381424
  t_dep: 9.079073200768878
