vehicle:
  capacity: 121.43586337490332
  capacity_demand: 79.09168990028735
  charge_effi: 0.9972974592339442
  discharge_effi: 0.8366397424143089
  max_power: 29.673671099758874
  t_arr: 12.55427440583864
  t_dep: 9.053087795741863
