vehicle:
  capacity: 133.91980399507153
  capacity_demand: 81.78511268465374
  charge_effi: 1.1205439562088673
  discharge_effi: 0.6419098880830454
  max_power: 28.40123527172612
  t_arr: 16.759039983962786
  t_dep: 7.538617364144788
