vehicle:
  capacity: 125.47568102757218
  capacity_demand: 81.95910460516858
  charge_effi: 0.7515754912867073
  discharge_effi: 0.7107609864814259
  max_power: 29.507706653229256
  t_arr: 14.00420998886251
  t_dep: 7.355834963618929
