vehicle:
  capacity: 97.13336886488412
  capacity_demand: 72.52528514152642
  charge_effi: 0.9385967693563564
  discharge_effi: 0.839026408074517
  max_power: 32.66598975705002
  t_arr: 13.051575162222768
  t_dep: 10.913487805686163
