vehicle:
  capacity: 113.08085253665246
  capacity_demand: 77.50894849038797
  charge_effi: 1.0749539919951594
  discharge_effi: 0.744253863367213
  max_power: 27.842733640982257
  t_arr: 12.237241052921247
  t_dep: 8.589977431111722
