vehicle:
  capacity: 136.59433359688762
  capacity_demand: 79.30382494192442
  charge_effi: 1.0186660192022647
  discharge_effi: 0.744116221983153
  max_power: 28.85673941985423
  t_arr: 13.392504033900146
  t_dep: 6.255964762537265
