vehicle:
  capacity: 118.86216845909806
  capacity_demand: 88.20893389830523
  charge_effi: 0.9334709890902261
  discharge_effi: 0.8113160230344822
  max_power: 37.44316082270835
  t_arr: 12.426412684787781
  t_dep: 9.768549501256702
