vehicle:
  capacity: 121.12171654786343
  capacity_demand: 74.97151285297969
  charge_effi: 1.0344895875841442
  discharge_effi: 0.7781794412766613
  max_power: 27.348520576670097
  t_arr: 12.826959792122967
  t_dep: 7.908343390947437
