vehicle:
  capacity: 115.65876785736089
  capacity_demand: 72.85429002248789
  charge_effi: 1.0717819638161818
  discharge_effi: 0.7770308267352919
  max_power: 34.78419081568643
  t_arr: 14.829149069353901
  t_dep: 8.311967487274634
