vehicle:
  capacity: 100.04736010890319
  capacity_demand: 72.22074949378363
  charge_effi: 0.9619844089747767
  discharge_effi: 0.7874074046404469
  max_power: 30.817053946674235
  t_arr: 17.957721477375678
  t_dep: 7.206470125882423
