vehicle:
  capacity: 110.78120985275784
  capacity_demand: 86.8911694635247
  charge_effi: 0.9824598792562256
  discharge_effi: 0.6939510350470172
  max_power: 30.25981740825534
  t_arr: 14.88601050464091
  t_dep: 7.143350885659969
