vehicle:
  capacity: 116.42989684924903
  capacity_demand: 90.60056429057178
  charge_effi: 0.9129985153327091
  discharge_effi: 0.7961687969211819
  max_power: 32.85564144023218
  t_arr: 11.240485208687744
  t_dep: 9.638577731418875
