vehicle:
  capacity: 123.14091969712314
  capacity_demand: 73.43958282330298
  charge_effi: 0.9048317062669846
  discharge_effi: 0.7763583876956628
  max_power: 27.148478719928193
  t_arr: 13.78561324649517
  t_dep: 7.003551740064246
