vehicle:
  capacity: 119.19386441815682
  capacity_demand: 72.19014187240892
  charge_effi: 1.0095793696906763
  discharge_effi: 0.7808327270568244
  max_power: 25.778925024338967
  t_arr: 14.011117884053899
  t_dep: 8.919780735349809
