vehicle:
  capacity: 112.54641880452517
  capacity_demand: 83.1589419064653
  charge_effi: 0.8437054356311466
  discharge_effi: 0.6662877254677135
  max_power: 28.863046408908936
  t_arr: 12.49307815327121
  t_dep: 8.330493253278085
