vehicle:
  capacity: 100.84704117381551
  capacity_demand: 56.78169280711887
  charge_effi: 1.1789069263123348
  discharge_effi: 0.6575507755294384
  max_power: 28.111310315284012
  t_arr: 13.84272440679097
  t_dep: 8.075486809625081
