vehicle:
  capacity: 116.36317486597873
  capacity_demand: 72.93058229496667
  charge_effi: 1.0661446870600981
  discharge_effi: 0.740500906144232
  max_power: 38.33624229943854
  t_arr: 13.363731468625714
  t_dep: 6.237072566671668
