vehicle:
  capacity: 126.37134401496957
  capacity_demand: 71.4860165465083
  charge_effi: 0.8878878128715302
  discharge_effi: 0.6429882904509336
  max_power: 26.936911444706027
  t_arr: 13.664331515179741
  t_dep: 7.417868576295043
