vehicle:
  capacity: 111.81219597843193
  capacity_demand: 77.24355953885136
  charge_effi: 1.1536511184535023
  discharge_effi: 0.7891555361778578
  max_power: 31.65017257782589
  t_arr: 13.165277453225448
  t_dep: 10.702651727743154
