vehicle:
  capacity: 116.10683927392837
  capacity_demand: 67.01482212644781
  charge_effi: 1.040279563823833
  discharge_effi: 0.7806174885854097
  max_power: 36.11897493973978
  t_arr: 12.801193798010633
  t_dep: 8.395072484346956
