vehicle:
  capacity: 105.97083555270817
  capacity_demand: 71.48648212638824
  charge_effi: 1.2218078280628677
  discharge_effi: 0.7414193763014406
  max_power: 31.60596581316844
  t_arr: 14.056629286501078
  t_dep: 7.059663074364329
