vehicle:
  capacity: 126.85594093064678
  capacity_demand: 78.51058020084315
  charge_effi: 1.0203797283607294
  discharge_effi: 0.6534982591926872
  max_power: 32.1899333970999
  t_arr: 11.874118964487895
  t_dep: 8.594583874941094
