vehicle:
  capacity: 149.68579386870917
  capacity_demand: 95.7034317938634
  charge_effi: 0.968168366419869
  discharge_effi: 0.6511689520278837
  max_power: 36.60074652324383
  t_arr: 13.45054207202713
  t_dep: 7.756757480608328
