vehicle:
  capacity: 134.90027465779744
  capacity_demand: 77.4511660546029
  charge_effi: 1.0107340840596182
  discharge_effi: 0.7177032652736731
  max_power: 28.942489381553795
  t_arr: 12.123174532655842
  t_dep: 7.61780342578718
