vehicle:
  capacity: 129.89578073184708
  capacity_demand: 62.94865987953464
  charge_effi: 1.1386008624935378
  discharge_effi: 0.7043292876748645
  max_power: 28.975077081345795
  t_arr: 12.483001545145179
  t_dep: 7.460527858054067
