vehicle:
  capacity: 125.54488823548326
  capacity_demand: 84.2892898415303
  charge_effi: 1.099248721156595
  discharge_effi: 0.7119710111621713
  max_power: 32.72168537017973
  t_arr: 11.218274931347487
  t_dep: 9.294374181540435
