vehicle:
  capacity: 93.43541064719976
  capacity_demand: 74.88672812073499
  charge_effi: 1.0940071698963798
  discharge_effi: 0.7199194933754097
  max_power: 33.3688500963356
  t_arr: 11.782728441350063
  t_dep: 8.554102589312235
