vehicle:
  capacity: 131.71385495151245
  capacity_demand: 87.20462355003615
  charge_effi: 0.9970893126522653
  discharge_effi: 0.7941848453574774
  max_power: 27.754497164232816
  t_arr: 14.188012410214872
  t_dep: 9.161168023618227
