vehicle:
  capacity: 104.64869867225957
  capacity_demand: 72.58635562184833
  charge_effi: 0.8989610639107736
  discharge_effi: 0.8181728418619093
  max_power: 31.389724977218776
  t_arr: 13.279014067604315
  t_dep: 8.958145212564341
