vehicle:
  capacity: 133.53067427324186
  capacity_demand: 82.26514360373753
  charge_effi: 1.0754292394066265
  discharge_effi: 0.5763701532178414
  max_power: 29.370780986399563
  t_arr: 17.27259782775263
  t_dep: 7.91672371608756
