vehicle:
  capacity: 117.06945213985624
  capacity_demand: 93.82859123754295
  charge_effi: 0.8410654645962417
  discharge_effi: 0.5949379130614684
  max_power: 37.795899016495795
  t_arr: 11.912076682330706
  t_dep: 9.328812986498185
