vehicle:
  capacity: 111.10535096400353
  capacity_demand: 74.94208635562525
  charge_effi: 0.8900075501052046
  discharge_effi: 0.8045395826991179
  max_power: 30.321508280853784
  t_arr: 12.623056986693717
  t_dep: 9.340135866264584
