vehicle:
  capacity: 100.94927020373272
  capacity_demand: 64.81599571696192
  charge_effi: 1.0664870133672437
  discharge_effi: 0.8659106297671268
  max_power: 35.14178282392199
  t_arr: 13.273372327253576
  t_dep: 7.831790992932007
