vehicle:
  capacity: 118.83332545860367
  capacity_demand: 87.94046708824922
  charge_effi: 0.8469584128743671
  discharge_effi: 0.6196232937797999
  max_power: 36.88546397894987
  t_arr: 12.905963083708322
  t_dep: 8.225525601627641
