vehicle:
  capacity: 122.88481725270479
  capacity_demand: 75.2367546188975
  charge_effi: 1.0781759117707062
  discharge_effi: 0.6310221467472162
  max_power: 32.82356269986221
  t_arr: 11.416121518299766
  t_dep: 10.260881570379313
