vehicle:
  capacity: 113.9488129670694
  capacity_demand: 73.97018066679381
  charge_effi: 1.010051008037479
  discharge_effi: 0.8014965194662065
  max_power: 32.64715257917492
  t_arr: 14.105707319504406
  t_dep: 9.28549936837984
