vehicle:
  capacity: 111.80511967828167
  capacity_demand: 79.15645893321067
  charge_effi: 1.0556317276280671
  discharge_effi: 0.6349753015571632
  max_power: 36.05215185148418
  t_arr: 10.533582253163916
  t_dep: 9.053456895129921
