vehicle:
  capacity: 133.52053036022232
  capacity_demand: 83.2299165563974
  charge_effi: 0.9744115825298816
  discharge_effi: 0.6166611349278915
  max_power: 32.00055831770055
  t_arr: 14.748234797089692
  t_dep: 7.749476012777111
