vehicle:
  capacity: 119.83621197766921
  capacity_demand: 72.61133941939745
  charge_effi: 0.9880471398740861
  discharge_effi: 0.637519434941375
  max_power: 32.82219343793517
  t_arr: 16.810982013402405
  t_dep: 8.348379018401884
