vehicle:
  capacity: 133.0946040380374
  capacity_demand: 79.26828165887557
  charge_effi: 0.856676770257772
  discharge_effi: 0.7209959039649354
  max_power: 27.79841381728566
  t_arr: 10.500609264065181
  t_dep: 8.259318938658339
