vehicle:
  capacity: 110.31668548557592
  capacity_demand: 84.12263274171414
  charge_effi: 0.9895592943409691
  discharge_effi: 0.7840545364367667
  max_power: 26.550184191080618
  t_arr: 13.683208344159342
  t_dep: 9.473216812430751
