vehicle:
  capacity: 141.98912475266386
  capacity_demand: 66.29520724162765
  charge_effi: 1.0638005520402227
  discharge_effi: 0.7267093124835372
  max_power: 25.734790840874066
  t_arr: 12.125976874332213
  t_dep: 7.900095618036073
