vehicle:
  capacity: 95.30839608658246
  capacity_demand: 84.9572833929846
  charge_effi: 1.0210870579515563
  discharge_effi: 0.7653614492009368
  max_power: 33.649318898798604
  t_arr: 11.940522335707994
  t_dep: 8.587188218888821
