vehicle:
  capacity: 119.99318530323788
  capacity_demand: 80.33560685111567
  charge_effi: 1.099835818862332
  discharge_effi: 0.8731727687836837
  max_power: 37.89281822293845
  t_arr: 13.681062290694246
  t_dep: 7.806331010015728
