vehicle:
  capacity: 117.0702904467536
  capacity_demand: 76.14042523977363
  charge_effi: 0.9225204643654188
  discharge_effi: 0.573171800476186
  max_power: 29.082493757657282
  t_arr: 14.786512597366984
  t_dep: 7.77243402625228
