vehicle:
  capacity: 133.35278815814357
  capacity_demand: 64.3391070250947
  charge_effi: 1.170070943524112
  discharge_effi: 0.5775098603151873
  max_power: 29.337871804956656
  t_arr: 13.22008935597672
  t_dep: 6.374832854450986
