vehicle:
  capacity: 132.64256796553897
  capacity_demand: 67.57628454578266
  charge_effi: 1.173242895794452
  discharge_effi: 0.7695411289778532
  max_power: 35.22137589362862
  t_arr: 14.117202679534463
  t_dep: 6.301580658267352
