vehicle:
  capacity: 137.85207301236764
  capacity_demand: 65.15061270368614
  charge_effi: 0.792380353251488
  discharge_effi: 0.6609677252526421
  max_power: 28.38599041331556
  t_arr: 15.492547051230172
  t_dep: 8.624283626643791
