vehicle:
  capacity: 115.48834072301898
  capacity_demand: 73.3787247611479
  charge_effi: 1.0595176402250395
  discharge_effi: 0.6979162500409039
  max_power: 37.18953294837162
  t_arr: 15.277496516221996
  t_dep: 7.948468536874652
