vehicle:
  capacity: 114.42952305108898
  capacity_demand: 77.69829407271199
  charge_effi: 1.1396758171711254
  discharge_effi: 0.8081404545099028
  max_power: 35.77116113026507
  t_arr: 11.820173364628182
  t_dep: 7.969259749286436
