vehicle:
  capacity: 115.34701767350916
  capacity_demand: 73.27794209537386
  charge_effi: 0.9973683280187646
  discharge_effi: 0.6311756590586161
  max_power: 29.043199020786282
  t_arr: 13.09890893756415
  t_dep: 8.367614787847886
