vehicle:
  capacity: 125.02989343802184
  capacity_demand: 63.32412278546416
  charge_effi: 1.1034862389644686
  discharge_effi: 0.6913846301765534
  max_power: 33.87277945858831
  t_arr: 15.213846288361527
  t_dep: 6.851707654359957
