vehicle:
  capacity: 129.6889454333727
  capacity_demand: 72.29986475658892
  charge_effi: 1.1077092593433056
  discharge_effi: 0.6429940039108646
  max_power: 30.48126746157659
  t_arr: 15.70652192469513
  t_dep: 6.709146235219959
