vehicle:
  capacity: 148.71581051292517
  capacity_demand: 66.11331118806315
  charge_effi: 1.0681473274453717
  discharge_effi: 0.7357967332668786
  max_power: 30.45640343686788
  t_arr: 15.07590675978162
  t_dep: 7.180327711032795
