vehicle:
  capacity: 136.46062004716563
  capacity_demand: 78.43328704067045
  charge_effi: 1.1906855237487686
  discharge_effi: 0.5854926943525205
  max_power: 31.748113726454275
  t_arr: 12.343853192602664
  t_dep: 6.274933469491488
