vehicle:
  capacity: 116.52997364884008
  capacity_demand: 75.90997293728275
  charge_effi: 0.9885054706425852
  discharge_effi: 0.708430160970021
  max_power: 36.574256272888256
  t_arr: 14.83910616884784
  t_dep: 7.668272290545207
