vehicle:
  capacity: 138.46522723170233
  capacity_demand: 63.06497957548883
  charge_effi: 1.1714260068185598
  discharge_effi: 0.7004343413793802
  max_power: 28.202444368427564
  t_arr: 14.10661290330301
  t_dep: 7.738434421014541
