vehicle:
  capacity: 126.69626246762641
  capacity_demand: 78.1298848407641
  charge_effi: 1.0673845650514902
  discharge_effi: 0.5466198395057142
  max_power: 22.510951709883173
  t_arr: 15.443992272421328
  t_dep: 8.318308272035313
