vehicle:
  capacity: 126.63223547528936
  capacity_demand: 74.59616252849965
  charge_effi: 0.9478235629767956
  discharge_effi: 0.671818902686222
  max_power: 29.614057402644594
  t_arr: 12.12784671616943
  t_dep: 7.749994003117579
