vehicle:
  capacity: 155.8630941659093
  capacity_demand: 69.25376520015196
  charge_effi: 1.0348370865055803
  discharge_effi: 0.7006994065414391
  max_power: 30.27632603211024
  t_arr: 13.989601324305475
  t_dep: 6.649692524276403
