vehicle:
  capacity: 110.09656501405156
  capacity_demand: 66.6934790073289
  charge_effi: 1.0496850412911358
  discharge_effi: 0.5763944120615321
  max_power: 29.777354925034093
  t_arr: 14.619209393781388
  t_dep: 7.899314826212011
