vehicle:
  capacity: 136.82295599295665
  capacity_demand: 71.45519204091175
  charge_effi: 0.9755016076462165
  discharge_effi: 0.597998620818553
  max_power: 37.716019025841355
  t_arr: 12.720625433207323
  t_dep: 8.832353571384962
