vehicle:
  capacity: 151.62883395960216
  capacity_demand: 60.08401704151575
  charge_effi: 1.06479019146029
  discharge_effi: 0.8423881980485324
  max_power: 21.23096979419405
  t_arr: 13.471263155976414
  t_dep: 7.963264585600384
