vehicle:
  capacity: 130.4031552700352
  capacity_demand: 73.98243589403077
  charge_effi: 1.0691940870663572
  discharge_effi: 0.7080841935836942
  max_power: 31.021639277682716
  t_arr: 14.832282970555053
  t_dep: 7.574593953031198
