vehicle:
  capacity: 118.07900898417512
  capacity_demand: 66.42538812758158
  charge_effi: 0.8905516643581843
  discharge_effi: 0.6507980318126775
  max_power: 25.287237792964934
  t_arr: 11.935622942199776
  t_dep: 8.507227116515134
