vehicle:
  capacity: 121.3573038733339
  capacity_demand: 73.15726499177222
  charge_effi: 1.1526384732075967
  discharge_effi: 0.6270343060910348
  max_power: 33.63895166589619
  t_arr: 14.133533086546711
  t_dep: 8.144947508116
