vehicle:
  capacity: 122.57101372602416
  capacity_demand: 77.93064454939697
  charge_effi: 1.0230758777011473
  discharge_effi: 0.7753521100089401
  max_power: 30.179705200938436
  t_arr: 12.56987004134214
  t_dep: 8.883323216917047
