vehicle:
  capacity: 95.74626370159413
  capacity_demand: 83.57273484648144
  charge_effi: 0.9249593621468399
  discharge_effi: 0.7958683015473245
  max_power: 34.86045192634511
  t_arr: 13.074426685670135
  t_dep: 7.865377046949026
