vehicle:
  capacity: 101.9192455816578
  capacity_demand: 78.7143209880212
  charge_effi: 0.9596460037095834
  discharge_effi: 0.6638519978799636
  max_power: 27.076679842529053
  t_arr: 11.426774297646505
  t_dep: 7.717000808688529
