vehicle:
  capacity: 121.15957487790935
  capacity_demand: 72.03695491742437
  charge_effi: 1.128394671267786
  discharge_effi: 0.6203211304213899
  max_power: 39.02320066207768
  t_arr: 11.67518707339147
  t_dep: 7.416941998376953
