vehicle:
  capacity: 114.49654496135558
  capacity_demand: 80.05045946810522
  charge_effi: 1.0660377629431808
  discharge_effi: 0.7932116642280229
  max_power: 33.19777917354503
  t_arr: 17.24784576190695
  t_dep: 8.243386223100309
