vehicle:
  capacity: 150.34050935116673
  capacity_demand: 79.7386981299437
  charge_effi: 0.8762275428772603
  discharge_effi: 0.7067044102010351
  max_power: 26.73681480148076
  t_arr: 14.304276396210257
  t_dep: 8.455132485221514
