vehicle:
  capacity: 145.03655427739486
  capacity_demand: 60.62921644200431
  charge_effi: 1.0447720697161262
  discharge_effi: 0.8270423170986813
  max_power: 29.72532363081312
  t_arr: 10.985926002504137
  t_dep: 6.942711337622154
