vehicle:
  capacity: 107.62103135898313
  capacity_demand: 88.1688095397878
  charge_effi: 1.2610854482007408
  discharge_effi: 0.754612889369598
  max_power: 33.749993399435894
  t_arr: 12.522350276059361
  t_dep: 8.82960798324376
