vehicle:
  capacity: 100.53009807626546
  capacity_demand: 94.61838641072625
  charge_effi: 1.0792815622071732
  discharge_effi: 0.7174697317519574
  max_power: 35.09470727844096
  t_arr: 12.961615982934015
  t_dep: 9.125260899636631
