vehicle:
  capacity: 128.9125766563302
  capacity_demand: 75.80580166370089
  charge_effi: 1.1055546075766016
  discharge_effi: 0.6622154879577319
  max_power: 29.25368964218657
  t_arr: 17.02848738610918
  t_dep: 8.248796685067257
