vehicle:
  capacity: 111.88527118546328
  capacity_demand: 78.2426279685527
  charge_effi: 1.0507494822292116
  discharge_effi: 0.743023652695609
  max_power: 30.356830583137135
  t_arr: 12.836858962148058
  t_dep: 8.95099546057462
