vehicle:
  capacity: 131.19928711166023
  capacity_demand: 74.9604041857222
  charge_effi: 0.956201401199571
  discharge_effi: 0.7211661737554838
  max_power: 33.07753811612783
  t_arr: 16.90025564379543
  t_dep: 9.053164180345508
