vehicle:
  capacity: 115.65225143675286
  capacity_demand: 79.80646581632703
  charge_effi: 0.9337203147391641
  discharge_effi: 0.6455742681299721
  max_power: 31.162624899749282
  t_arr: 12.06506968005783
  t_dep: 6.886074528128944
