vehicle:
  capacity: 106.36357875373936
  capacity_demand: 89.18295569211665
  charge_effi: 1.1853255497209767
  discharge_effi: 0.8035567666663974
  max_power: 33.652400022038044
  t_arr: 14.1315079476354
  t_dep: 8.021916267664038
