vehicle:
  capacity: 121.63783323048956
  capacity_demand: 78.50837408963015
  charge_effi: 1.0385029989263646
  discharge_effi: 0.7588817008816332
  max_power: 32.90184799049382
  t_arr: 14.706816075118402
  t_dep: 6.7660044784284645
