vehicle:
  capacity: 138.2420837962614
  capacity_demand: 65.0193486545741
  charge_effi: 1.1012024555588138
  discharge_effi: 0.6917410198788413
  max_power: 28.459225202355547
  t_arr: 15.55435963832382
  t_dep: 8.684752777909745
