vehicle:
  capacity: 132.2527324519661
  capacity_demand: 72.41588215613355
  charge_effi: 1.1003916692644042
  discharge_effi: 0.7672897218656588
  max_power: 22.992961246084292
  t_arr: 13.734545051146968
  t_dep: 8.497590464599622
