vehicle:
  capacity: 122.7597782999429
  capacity_demand: 87.2454845616292
  charge_effi: 1.0092881668344742
  discharge_effi: 0.7933191818486329
  max_power: 25.407979714191868
  t_arr: 12.095913827949495
  t_dep: 7.284667638077811
