vehicle:
  capacity: 113.8510655650336
  capacity_demand: 74.2803153178631
  charge_effi: 0.9728398571131716
  discharge_effi: 0.7761743409552946
  max_power: 32.740604011582604
  t_arr: 12.17173088932107
  t_dep: 8.376753660815636
