vehicle:
  capacity: 121.67514103725566
  capacity_demand: 85.60809016546982
  charge_effi: 0.8003928529886453
  discharge_effi: 0.7734689248213922
  max_power: 36.73448071408776
  t_arr: 12.031119745888333
  t_dep: 9.057430398420124
