vehicle:
  capacity: 112.36011857941702
  capacity_demand: 83.51886295779421
  charge_effi: 1.03791892270998
  discharge_effi: 0.867015810466265
  max_power: 28.240089921222417
  t_arr: 14.350446337396253
  t_dep: 8.481878792655353
