vehicle:
  capacity: 118.25635976174047
  capacity_demand: 84.27388936510981
  charge_effi: 1.0065034135576747
  discharge_effi: 0.7545969670103663
  max_power: 30.886348848371988
  t_arr: 12.219103940445448
  t_dep: 11.303954632887189
