vehicle:
  capacity: 118.27356105201117
  capacity_demand: 70.72083229020525
  charge_effi: 0.9195709705594224
  discharge_effi: 0.6368376043442787
  max_power: 25.555386456349016
  t_arr: 13.91222060791482
  t_dep: 8.829221689880221
