vehicle:
  capacity: 111.34770707128227
  capacity_demand: 68.52239069718593
  charge_effi: 1.0175271701839108
  discharge_effi: 0.7809265345275989
  max_power: 27.713101484379173
  t_arr: 12.402242835484543
  t_dep: 9.054888758113053
