vehicle:
  capacity: 119.86687890608238
  capacity_demand: 71.4090150274812
  charge_effi: 1.1933639936005525
  discharge_effi: 0.6337660586367455
  max_power: 30.351984512816127
  t_arr: 14.892485332956154
  t_dep: 8.35063082048355
