vehicle:
  capacity: 109.8992822986684
  capacity_demand: 80.86101116281566
  charge_effi: 1.0938220306757254
  discharge_effi: 0.7349492151128794
  max_power: 27.71932651370278
  t_arr: 13.702871158535457
  t_dep: 7.735653449162291
