vehicle:
  capacity: 135.04063069213797
  capacity_demand: 65.62053854827585
  charge_effi: 1.0943083564737224
  discharge_effi: 0.6784773730982292
  max_power: 36.150829308792204
  t_arr: 14.523862701314167
  t_dep: 8.047019822585316
