vehicle:
  capacity: 126.99526394550784
  capacity_demand: 61.06468835348623
  charge_effi: 1.0184447050678165
  discharge_effi: 0.77032086882371
  max_power: 29.722416530703796
  t_arr: 14.520489066122598
  t_dep: 7.107617532150861
