vehicle:
  capacity: 120.3296333338331
  capacity_demand: 86.86558320577059
  charge_effi: 0.9232081680950511
  discharge_effi: 0.8598304508790712
  max_power: 36.60688779111412
  t_arr: 14.389118944656902
  t_dep: 7.4004013413951455
