vehicle:
  capacity: 122.19430797180141
  capacity_demand: 63.33410949527473
  charge_effi: 0.8540220995165633
  discharge_effi: 0.6675015271068432
  max_power: 30.31557264594033
  t_arr: 12.878776552427505
  t_dep: 6.906326267834644
