vehicle:
  capacity: 153.46517424808223
  capacity_demand: 68.40958177218901
  charge_effi: 1.011898469312192
  discharge_effi: 0.7404224175693452
  max_power: 26.151968988273826
  t_arr: 10.511512807061225
  t_dep: 8.028665636478246
