vehicle:
  capacity: 149.562695818307
  capacity_demand: 69.25676884982003
  charge_effi: 0.9245748084562591
  discharge_effi: 0.6807462902078182
  max_power: 28.344390453641044
  t_arr: 13.49164163362719
  t_dep: 7.857776321840966
