vehicle:
  capacity: 126.3101160632897
  capacity_demand: 68.8514675569556
  charge_effi: 1.1604517699087837
  discharge_effi: 0.6121600140286806
  max_power: 31.110132573997127
  t_arr: 14.08012335347137
  t_dep: 7.235646579202368
