vehicle:
  capacity: 93.20784551621576
  capacity_demand: 88.61445417977211
  charge_effi: 0.966275350883152
  discharge_effi: 0.8943360410257248
  max_power: 31.194584825428922
  t_arr: 13.855441816085536
  t_dep: 9.205713541399364
