vehicle:
  capacity: 141.72127597456878
  capacity_demand: 72.48264383141859
  charge_effi: 1.0479551576884336
  discharge_effi: 0.657549204654623
  max_power: 29.888374043447605
  t_arr: 14.009306070198484
  t_dep: 7.142772175584658
