vehicle:
  capacity: 103.2527777212308
  capacity_demand: 78.01276293362342
  charge_effi: 1.0964944869751672
  discharge_effi: 0.7421014232440839
  max_power: 33.02893610875482
  t_arr: 13.458455414394614
  t_dep: 8.674911963306409
