vehicle:
  capacity: 109.86319975233569
  capacity_demand: 73.45037524298876
  charge_effi: 1.1537868400699058
  discharge_effi: 0.6625656248441256
  max_power: 29.290975154238563
  t_arr: 14.671704355842387
  t_dep: 8.128094295940071
