vehicle:
  capacity: 160.15104654880497
  capacity_demand: 76.1657260685625
  charge_effi: 0.8782083779039096
  discharge_effi: 0.7556343498748229
  max_power: 30.326339438518353
  t_arr: 12.387601269899172
  t_dep: 8.235192575648886
