vehicle:
  capacity: 137.41153761561748
  capacity_demand: 66.77226469324067
  charge_effi: 0.9758563184150574
  discharge_effi: 0.6716911034321192
  max_power: 28.386300202841152
  t_arr: 14.41336481869139
  t_dep: 7.593119805959653
