vehicle:
  capacity: 96.52759293550449
  capacity_demand: 72.53009615569776
  charge_effi: 1.3351715526085317
  discharge_effi: 0.9520214647200803
  max_power: 30.898521590113933
  t_arr: 13.607515000723442
  t_dep: 9.204721801923833
