vehicle:
  capacity: 87.66534598249615
  capacity_demand: 83.45734383838945
  charge_effi: 0.9194559951494767
  discharge_effi: 0.6753013137562174
  max_power: 30.807095922343027
  t_arr: 11.206527581749489
  t_dep: 8.411787788152958
