vehicle:
  capacity: 94.57708001674753
  capacity_demand: 76.01021657005504
  charge_effi: 1.0453321870238719
  discharge_effi: 0.7402984453439642
  max_power: 35.566638074152344
  t_arr: 9.862314717604953
  t_dep: 8.9726122774865
