vehicle:
  capacity: 111.80568375453075
  capacity_demand: 78.41391812231662
  charge_effi: 0.9320897378690298
  discharge_effi: 0.6175222152084162
  max_power: 30.68002610013968
  t_arr: 16.30387143952421
  t_dep: 7.687067698555902
