vehicle:
  capacity: 129.76462078986862
  capacity_demand: 75.76951213577122
  charge_effi: 1.133652944821561
  discharge_effi: 0.8037292146894993
  max_power: 26.457427152593404
  t_arr: 13.645807685405844
  t_dep: 8.019756639555604
