vehicle:
  capacity: 121.28149505794806
  capacity_demand: 84.21322088741199
  charge_effi: 0.8817769963055653
  discharge_effi: 0.8816834066523542
  max_power: 30.875571089621612
  t_arr: 12.466393141890123
  t_dep: 8.679034571859198
