vehicle:
  capacity: 138.89411985767774
  capacity_demand: 69.30444355703945
  charge_effi: 0.8964175379817854
  discharge_effi: 0.6970697965938069
  max_power: 31.20332668022177
  t_arr: 14.561363037302753
  t_dep: 7.507365531699066
