vehicle:
  capacity: 136.24209042352012
  capacity_demand: 74.47928314916064
  charge_effi: 0.9231731622526719
  discharge_effi: 0.7227071116034408
  max_power: 27.907003702499225
  t_arr: 13.312589560562396
  t_dep: 7.826240887456039
