vehicle:
  capacity: 120.68162631077705
  capacity_demand: 71.15899840000313
  charge_effi: 0.8858843716039541
  discharge_effi: 0.65269814562207
  max_power: 25.38740419552948
  t_arr: 13.915551848645551
  t_dep: 7.467066937118506
