vehicle:
  capacity: 101.68616811790066
  capacity_demand: 75.71499857814327
  charge_effi: 0.9913590821441439
  discharge_effi: 0.7015019659801675
  max_power: 34.0792208251091
  t_arr: 14.458644472516703
  t_dep: 8.493871850162401
