vehicle:
  capacity: 124.8549013832422
  capacity_demand: 75.36900577380136
  charge_effi: 1.1063033161037605
  discharge_effi: 0.7862924298656406
  max_power: 34.34161722471096
  t_arr: 12.48832836759996
  t_dep: 7.878096284098575
