vehicle:
  capacity: 125.02119487509901
  capacity_demand: 77.32759894488989
  charge_effi: 1.076045218349098
  discharge_effi: 0.7015454108601262
  max_power: 29.58124438055397
  t_arr: 16.791959202003042
  t_dep: 7.585213662420099
