vehicle:
  capacity: 156.520334326049
  capacity_demand: 58.37603810988642
  charge_effi: 0.9872507456055725
  discharge_effi: 0.8223352655277423
  max_power: 30.108290041698567
  t_arr: 14.221583686612115
  t_dep: 8.495437237641704
