vehicle:
  capacity: 133.4435072515807
  capacity_demand: 93.94500627220899
  charge_effi: 0.9509818281842016
  discharge_effi: 0.8297880636931863
  max_power: 27.587227452851376
  t_arr: 11.669682869695185
  t_dep: 9.52169393008933
