vehicle:
  capacity: 125.15140008459957
  capacity_demand: 74.66700207226286
  charge_effi: 0.9703699799485711
  discharge_effi: 0.5683513167034246
  max_power: 33.40856694400144
  t_arr: 12.644802788348052
  t_dep: 6.675540940316653
