vehicle:
  capacity: 105.24337866052866
  capacity_demand: 82.0069268515655
  charge_effi: 0.935120938192042
  discharge_effi: 0.7822775751363785
  max_power: 33.129368419555576
  t_arr: 11.923796763463944
  t_dep: 8.902589354975976
