vehicle:
  capacity: 163.1054909078938
  capacity_demand: 72.97401179067111
  charge_effi: 0.8127478884944797
  discharge_effi: 0.6677046097529888
  max_power: 29.635419381886148
  t_arr: 14.10508799976262
  t_dep: 6.938819489047917
