vehicle:
  capacity: 116.36902043654229
  capacity_demand: 79.8639352307909
  charge_effi: 1.1884520395610694
  discharge_effi: 0.7419925602064879
  max_power: 31.3795442133678
  t_arr: 11.522135668219288
  t_dep: 7.531784370629181
