vehicle:
  capacity: 125.1238208387534
  capacity_demand: 80.00578454643068
  charge_effi: 0.9918077771918349
  discharge_effi: 0.6418445873708588
  max_power: 31.595118795960282
  t_arr: 13.714092295228651
  t_dep: 8.755928255419777
