vehicle:
  capacity: 131.01452852889707
  capacity_demand: 68.58763569293755
  charge_effi: 1.138028393151805
  discharge_effi: 0.6587033265194725
  max_power: 30.471336601626703
  t_arr: 13.501782563374384
  t_dep: 6.649160125232887
