vehicle:
  capacity: 99.20403428564512
  capacity_demand: 93.77651046698092
  charge_effi: 1.1025311083869276
  discharge_effi: 0.6951187640511706
  max_power: 35.770880895923725
  t_arr: 14.090174279464792
  t_dep: 7.930431187020231
