vehicle:
  capacity: 121.28215828245432
  capacity_demand: 76.60820174325386
  charge_effi: 1.0274460753392824
  discharge_effi: 0.772707356900266
  max_power: 25.565954587326843
  t_arr: 11.455041081342097
  t_dep: 9.2579502290205
