vehicle:
  capacity: 132.00593426276984
  capacity_demand: 73.12819863835209
  charge_effi: 0.9043445856612687
  discharge_effi: 0.75285848683956
  max_power: 27.732304606767826
  t_arr: 16.010311939574102
  t_dep: 8.971208853385859
