vehicle:
  capacity: 97.19819827750322
  capacity_demand: 91.11452328841237
  charge_effi: 1.0684374364881029
  discharge_effi: 0.7152399102125439
  max_power: 28.479997209190717
  t_arr: 13.998305000352214
  t_dep: 7.353218883330987
