vehicle:
  capacity: 168.72637017277813
  capacity_demand: 74.96993938115779
  charge_effi: 0.9986464122190435
  discharge_effi: 0.6724140546554572
  max_power: 31.785078916553484
  t_arr: 13.498311819189011
  t_dep: 7.907369243466251
