vehicle:
  capacity: 139.40017899965588
  capacity_demand: 73.51999313317094
  charge_effi: 0.8835164045822327
  discharge_effi: 0.7564433491985169
  max_power: 29.99423381193367
  t_arr: 15.425380756359136
  t_dep: 8.112332863274178
