vehicle:
  capacity: 131.80064592979602
  capacity_demand: 88.64196587960997
  charge_effi: 0.9885687769521814
  discharge_effi: 0.7243008869464657
  max_power: 31.47769921437924
  t_arr: 10.2792084823353
  t_dep: 8.30974212930198
