vehicle:
  capacity: 109.274061911929
  capacity_demand: 74.92861025766396
  charge_effi: 1.0366628384212473
  discharge_effi: 0.815064441145367
  max_power: 29.504948683034005
  t_arr: 10.607432495416374
  t_dep: 9.590169681342811
