vehicle:
  capacity: 93.32870370714683
  capacity_demand: 75.28797630504019
  charge_effi: 1.0233192682306922
  discharge_effi: 0.805573364428711
  max_power: 34.581448366663295
  t_arr: 13.850298474841921
  t_dep: 8.41883939344008
