vehicle:
  capacity: 107.32930611620054
  capacity_demand: 86.17672896473734
  charge_effi: 1.1053981893755733
  discharge_effi: 0.7711613001570036
  max_power: 31.529795994972183
  t_arr: 11.710710741000518
  t_dep: 9.274408418097927
