vehicle:
  capacity: 141.5891911344628
  capacity_demand: 70.87155710168199
  charge_effi: 0.8059087266440284
  discharge_effi: 0.6054677182426527
  max_power: 29.47885083142123
  t_arr: 13.716439186793465
  t_dep: 7.562980472069488
