vehicle:
  capacity: 99.94152390913058
  capacity_demand: 78.52204643922533
  charge_effi: 1.0691770853758862
  discharge_effi: 0.8989793753274999
  max_power: 28.05062568678245
  t_arr: 13.789827707035943
  t_dep: 9.423570236918362
