vehicle:
  capacity: 129.12398748333607
  capacity_demand: 63.76792986850143
  charge_effi: 1.08701667182121
  discharge_effi: 0.7251751551988943
  max_power: 35.02291905115528
  t_arr: 14.319218876713874
  t_dep: 7.644251440352223
