vehicle:
  capacity: 139.13152284609168
  capacity_demand: 72.96222028501138
  charge_effi: 1.0477240569782857
  discharge_effi: 0.6391474041459146
  max_power: 31.50213033618739
  t_arr: 14.739448631361487
  t_dep: 7.5964214052514105
