vehicle:
  capacity: 106.11309601277252
  capacity_demand: 82.70391391017942
  charge_effi: 1.0736185382286847
  discharge_effi: 0.7335991154127806
  max_power: 23.772616847015946
  t_arr: 12.190258992159427
  t_dep: 8.408627291056812
