vehicle:
  capacity: 98.06709667855598
  capacity_demand: 77.243626469409
  charge_effi: 0.7695784250277039
  discharge_effi: 0.7116763652925279
  max_power: 31.617962723371587
  t_arr: 12.644266631819507
  t_dep: 8.040471285653158
