vehicle:
  capacity: 100.91736566500889
  capacity_demand: 82.83391666850603
  charge_effi: 0.9450316490619027
  discharge_effi: 0.6571093087554853
  max_power: 39.846515192526226
  t_arr: 15.446398762413578
  t_dep: 8.358879559217176
