vehicle:
  capacity: 119.44374124286563
  capacity_demand: 71.66552860239653
  charge_effi: 1.0623492289422207
  discharge_effi: 0.7297035823584463
  max_power: 30.373722811400565
  t_arr: 14.751950013013701
  t_dep: 6.878748396145108
