vehicle:
  capacity: 152.94701793373414
  capacity_demand: 59.14516744174168
  charge_effi: 0.9004393908546546
  discharge_effi: 0.6152326779126434
  max_power: 32.663945988564386
  t_arr: 14.637792430073414
  t_dep: 8.330654794279395
