vehicle:
  capacity: 126.03754238866107
  capacity_demand: 70.3837524943399
  charge_effi: 0.8757934650880903
  discharge_effi: 0.6868800353189591
  max_power: 38.04719012341986
  t_arr: 12.841777557226518
  t_dep: 6.8720589634361495
