vehicle:
  capacity: 123.34284468344603
  capacity_demand: 75.31595665210045
  charge_effi: 1.0014558582724638
  discharge_effi: 0.7319955165088314
  max_power: 33.86221025448208
  t_arr: 14.118974333111563
  t_dep: 8.547045862346721
