vehicle:
  capacity: 102.90427879826113
  capacity_demand: 78.55186608336057
  charge_effi: 0.9516735125794472
  discharge_effi: 0.6272031131591607
  max_power: 30.13932300650501
  t_arr: 13.857931706527841
  t_dep: 8.149216680308692
