vehicle:
  capacity: 115.28181580022662
  capacity_demand: 75.33677547820463
  charge_effi: 1.0073945403505187
  discharge_effi: 0.7362151001927237
  max_power: 28.305266656859118
  t_arr: 14.28327532225678
  t_dep: 8.818212181619245
