vehicle:
  capacity: 101.08890708630479
  capacity_demand: 84.510764287736
  charge_effi: 1.049567314810128
  discharge_effi: 0.7537259730684025
  max_power: 27.07517161421335
  t_arr: 12.87759841485015
  t_dep: 7.375021770893736
