vehicle:
  capacity: 91.6403021309221
  capacity_demand: 86.38975704666747
  charge_effi: 0.9069827762604418
  discharge_effi: 0.718651529492066
  max_power: 32.514376479355285
  t_arr: 15.103532404249277
  t_dep: 8.86694721199446
