vehicle:
  capacity: 117.9818023003332
  capacity_demand: 90.41246222397942
  charge_effi: 0.990788712210738
  discharge_effi: 0.7663598209289926
  max_power: 33.814405825380454
  t_arr: 13.152759980793157
  t_dep: 6.956932188024943
