vehicle:
  capacity: 120.56976205452283
  capacity_demand: 91.04750421692748
  charge_effi: 0.8223356805955986
  discharge_effi: 0.8472551849035023
  max_power: 26.133863176896728
  t_arr: 11.515636702033364
  t_dep: 8.884179861960234
