vehicle:
  capacity: 97.35544032868748
  capacity_demand: 87.15654061031036
  charge_effi: 1.1330672430291937
  discharge_effi: 0.7614369220889053
  max_power: 29.112176315928657
  t_arr: 16.21472049837222
  t_dep: 8.553833352008562
