vehicle:
  capacity: 113.48957054783993
  capacity_demand: 82.85496224410937
  charge_effi: 0.9954455532728596
  discharge_effi: 0.7092478016035498
  max_power: 27.30357043015443
  t_arr: 14.11765363894817
  t_dep: 7.61396588732947
