vehicle:
  capacity: 138.31260158552723
  capacity_demand: 75.33019048128953
  charge_effi: 0.9163922332507712
  discharge_effi: 0.7105771296391107
  max_power: 30.886465722885394
  t_arr: 13.409373206046924
  t_dep: 8.46766498903482
