vehicle:
  capacity: 119.07808617140266
  capacity_demand: 72.8286024152281
  charge_effi: 1.0705214460003387
  discharge_effi: 0.8526824967288313
  max_power: 32.36349823590754
  t_arr: 11.767767091503712
  t_dep: 7.037870678797727
