vehicle:
  capacity: 106.35048165820157
  capacity_demand: 90.2065137534994
  charge_effi: 1.0424633620574364
  discharge_effi: 0.7234955753103205
  max_power: 29.516801000732833
  t_arr: 12.792777436329937
  t_dep: 8.581125228905563
