vehicle:
  capacity: 83.64092605138349
  capacity_demand: 80.61218860899685
  charge_effi: 0.9606737460807327
  discharge_effi: 0.8298016050095467
  max_power: 37.47295416690949
  t_arr: 11.548066752657306
  t_dep: 9.59632394454423
