vehicle:
  capacity: 80.44898831996797
  capacity_demand: 76.47668048377994
  charge_effi: 1.1130739715346472
  discharge_effi: 0.8147461246298393
  max_power: 29.745056640409338
  t_arr: 15.490659022231194
  t_dep: 9.229631046121296
