vehicle:
  capacity: 113.45879085787713
  capacity_demand: 78.16675889985385
  charge_effi: 1.0471935006023338
  discharge_effi: 0.7428486695222787
  max_power: 33.821110808705996
  t_arr: 13.202163154896605
  t_dep: 9.638337721106053
