vehicle:
  capacity: 101.68626362300016
  capacity_demand: 83.91665620756712
  charge_effi: 0.8970414592898325
  discharge_effi: 0.6830247615593456
  max_power: 31.83920408891783
  t_arr: 14.213188392348062
  t_dep: 8.350430689772208
