vehicle:
  capacity: 140.43621161674727
  capacity_demand: 70.95234683087564
  charge_effi: 0.9161884208218549
  discharge_effi: 0.6837666212869271
  max_power: 34.023478494592524
  t_arr: 15.8257777201054
  t_dep: 7.535841812344794
