vehicle:
  capacity: 109.6404740685042
  capacity_demand: 72.99230465257942
  charge_effi: 1.136947111498915
  discharge_effi: 0.8330803473051014
  max_power: 32.26951683840547
  t_arr: 12.329897538142317
  t_dep: 8.670351460292634
