vehicle:
  capacity: 115.3632105464271
  capacity_demand: 83.51283744602522
  charge_effi: 1.0747962052962967
  discharge_effi: 0.6910626949521842
  max_power: 26.70005636611145
  t_arr: 13.0534324430948
  t_dep: 8.34651418337952
