vehicle:
  capacity: 116.79151284637094
  capacity_demand: 63.67733335796218
  charge_effi: 0.8924637060501238
  discharge_effi: 0.7032141152639563
  max_power: 25.79336036952985
  t_arr: 14.935026730622983
  t_dep: 7.969442776256037
