vehicle:
  capacity: 144.32588772170217
  capacity_demand: 82.02452186072875
  charge_effi: 1.0621965380682243
  discharge_effi: 0.715795883146075
  max_power: 27.114482159147528
  t_arr: 12.647103900987045
  t_dep: 7.94858628427793
