vehicle:
  capacity: 118.79545733283071
  capacity_demand: 73.801173880514
  charge_effi: 1.1162282028168335
  discharge_effi: 0.7608553612052334
  max_power: 33.80986779455167
  t_arr: 13.74412938545729
  t_dep: 9.282718766026516
