vehicle:
  capacity: 88.18202158258363
  capacity_demand: 85.28701314721941
  charge_effi: 1.1151909162713516
  discharge_effi: 0.7394992267057948
  max_power: 34.5622401939177
  t_arr: 13.141130599369884
  t_dep: 7.917744576250825
