vehicle:
  capacity: 120.99102301609
  capacity_demand: 77.0753754054711
  charge_effi: 1.0422861994387127
  discharge_effi: 0.7936440305620638
  max_power: 25.00698051276232
  t_arr: 14.334093511910739
  t_dep: 9.167021796914865
