vehicle:
  capacity: 97.49985453069051
  capacity_demand: 62.61484246865549
  charge_effi: 1.1751085976948965
  discharge_effi: 0.818048481895767
  max_power: 27.01431558437835
  t_arr: 11.127935003697878
  t_dep: 8.820286512829075
