vehicle:
  capacity: 139.3674499145589
  capacity_demand: 62.199534749583485
  charge_effi: 0.9611425663710951
  discharge_effi: 0.671910662237085
  max_power: 26.010499101581416
  t_arr: 11.165894538058854
  t_dep: 7.6919311006720426
