vehicle:
  capacity: 119.23833704584976
  capacity_demand: 85.47107576034497
  charge_effi: 1.0787524530024617
  discharge_effi: 0.7785411931388547
  max_power: 30.873532833138075
  t_arr: 14.290506357998655
  t_dep: 9.386891010909062
