vehicle:
  capacity: 135.61956193964338
  capacity_demand: 72.83268214722872
  charge_effi: 1.0151248612304806
  discharge_effi: 0.663522807228983
  max_power: 29.94437911237976
  t_arr: 13.536700648863372
  t_dep: 6.875478742024489
