vehicle:
  capacity: 105.60737662808856
  capacity_demand: 77.32461330009482
  charge_effi: 1.0174472173093416
  discharge_effi: 0.5566600583860312
  max_power: 27.461605548460835
  t_arr: 12.665880357862774
  t_dep: 7.956823067466466
