vehicle:
  capacity: 115.01578601192587
  capacity_demand: 82.15847523099062
  charge_effi: 1.0333865811571137
  discharge_effi: 0.7298279933625552
  max_power: 31.590598496443683
  t_arr: 13.897021295231117
  t_dep: 10.447290122017108
