vehicle:
  capacity: 107.66145305194958
  capacity_demand: 78.91635783791365
  charge_effi: 0.9141696654056868
  discharge_effi: 0.8575521796028107
  max_power: 40.19415606095251
  t_arr: 11.424362604542562
  t_dep: 8.871377057672863
