vehicle:
  capacity: 107.46379983661099
  capacity_demand: 71.51774991731017
  charge_effi: 1.1317483682393663
  discharge_effi: 0.615520414930102
  max_power: 34.85682428655986
  t_arr: 14.741658814411656
  t_dep: 7.956006440429184
