vehicle:
  capacity: 140.29995163181613
  capacity_demand: 68.27054777404264
  charge_effi: 0.9821084051980217
  discharge_effi: 0.7206074083959587
  max_power: 31.769442547941342
  t_arr: 13.447813459918887
  t_dep: 6.027518216739914
