vehicle:
  capacity: 131.36786873961708
  capacity_demand: 78.75662349187598
  charge_effi: 1.0917924538739994
  discharge_effi: 0.643620989309439
  max_power: 30.498966799061872
  t_arr: 13.245026199566778
  t_dep: 8.978787444503032
