vehicle:
  capacity: 129.48981376351048
  capacity_demand: 78.9167496449786
  charge_effi: 1.0787820004441122
  discharge_effi: 0.753169907791273
  max_power: 27.63987436758686
  t_arr: 15.675922680398859
  t_dep: 6.923247333672018
