vehicle:
  capacity: 107.17202291801698
  capacity_demand: 76.11151992504885
  charge_effi: 1.1908050791992875
  discharge_effi: 0.7726675297656898
  max_power: 31.65739471122321
  t_arr: 14.17932517409435
  t_dep: 9.749609178985333
