vehicle:
  capacity: 126.30333637129239
  capacity_demand: 78.20023319146785
  charge_effi: 1.0699917163002093
  discharge_effi: 0.5858692406743696
  max_power: 34.38526150599339
  t_arr: 15.212070668535302
  t_dep: 7.204650192892427
