vehicle:
  capacity: 133.1874213108703
  capacity_demand: 69.95379273529113
  charge_effi: 0.9410774617743906
  discharge_effi: 0.7295575478683975
  max_power: 26.661945769846902
  t_arr: 13.38188311055074
  t_dep: 6.655978688233262
