vehicle:
  capacity: 123.17194919885279
  capacity_demand: 66.30822426805574
  charge_effi: 1.0571802492727727
  discharge_effi: 0.736205391988958
  max_power: 28.8860199207661
  t_arr: 15.080708098180981
  t_dep: 7.9953572039360905
