vehicle:
  capacity: 112.3941107842458
  capacity_demand: 78.83231867529034
  charge_effi: 0.9961927720260859
  discharge_effi: 0.8140826782470542
  max_power: 30.212949220323388
  t_arr: 14.74800829462855
  t_dep: 9.769547880130855
