vehicle:
  capacity: 120.03224195014192
  capacity_demand: 88.53589970182514
  charge_effi: 0.9548720122231674
  discharge_effi: 0.6496964426469063
  max_power: 32.815219158991084
  t_arr: 13.513668456231642
  t_dep: 8.719919477005911
