vehicle:
  capacity: 133.39101807859262
  capacity_demand: 81.2020573879284
  charge_effi: 1.1155820372332836
  discharge_effi: 0.7157012057770639
  max_power: 28.440509586375573
  t_arr: 13.49659279300744
  t_dep: 8.460267814016964
