vehicle:
  capacity: 135.3199480297343
  capacity_demand: 79.4172038515851
  charge_effi: 0.9945835790379475
  discharge_effi: 0.6706711536802489
  max_power: 32.91436635524697
  t_arr: 12.822297304833038
  t_dep: 7.4687884056665945
