vehicle:
  capacity: 128.28526805988824
  capacity_demand: 74.33320385802065
  charge_effi: 1.1418534462512644
  discharge_effi: 0.7432522176509415
  max_power: 32.2024079809009
  t_arr: 15.118365442731129
  t_dep: 7.041474145806315
