vehicle:
  capacity: 122.46580183438641
  capacity_demand: 92.00269764647382
  charge_effi: 0.9581776690516506
  discharge_effi: 0.7187643176543266
  max_power: 37.82877813379602
  t_arr: 14.41692630584579
  t_dep: 10.132533503444915
