vehicle:
  capacity: 110.99506990527254
  capacity_demand: 86.24666230843368
  charge_effi: 0.8952689436771811
  discharge_effi: 0.7625718118948952
  max_power: 36.4750447814069
  t_arr: 14.512826219242767
  t_dep: 9.53305171468408
