vehicle:
  capacity: 142.71927591625254
  capacity_demand: 62.24470802671199
  charge_effi: 0.979747975458194
  discharge_effi: 0.6326112835703814
  max_power: 32.890017767605116
  t_arr: 15.153558679884577
  t_dep: 7.480045964044885
