vehicle:
  capacity: 101.9661595522718
  capacity_demand: 89.67046811116039
  charge_effi: 1.0564550599280882
  discharge_effi: 0.7758872940293252
  max_power: 32.756130191355005
  t_arr: 14.80875774686359
  t_dep: 8.561525180480876
