vehicle:
  capacity: 102.15698144525844
  capacity_demand: 81.17804102261563
  charge_effi: 0.9157198852270928
  discharge_effi: 0.7256176528505509
  max_power: 34.44643231105661
  t_arr: 12.048810025919149
  t_dep: 8.760073146548146
