vehicle:
  capacity: 109.51553047917903
  capacity_demand: 91.76436670530813
  charge_effi: 0.9632769339290462
  discharge_effi: 0.7821036460223256
  max_power: 32.88522708766599
  t_arr: 13.7894747501542
  t_dep: 8.382065838944282
