vehicle:
  capacity: 117.5440819502567
  capacity_demand: 63.432185595514895
  charge_effi: 1.0120942334232048
  discharge_effi: 0.6862212508455816
  max_power: 32.474530552327636
  t_arr: 15.333932997939181
  t_dep: 6.845228371069908
