vehicle:
  capacity: 111.47286046617889
  capacity_demand: 95.82109284820793
  charge_effi: 0.9903775274039934
  discharge_effi: 0.7565939377680994
  max_power: 38.701650501414065
  t_arr: 12.11882292978377
  t_dep: 8.519199434132815
