vehicle:
  capacity: 145.00746827111112
  capacity_demand: 74.51123980158151
  charge_effi: 0.7643329859309917
  discharge_effi: 0.6112270786703886
  max_power: 28.357225568721308
  t_arr: 15.960536902400687
  t_dep: 6.9391705554663385
