vehicle:
  capacity: 115.4090330537914
  capacity_demand: 72.48614349644839
  charge_effi: 1.0253605463710425
  discharge_effi: 0.657098400500113
  max_power: 38.76309968064991
  t_arr: 14.482324074221337
  t_dep: 8.973390296434193
