vehicle:
  capacity: 120.35775430454419
  capacity_demand: 66.58926175956569
  charge_effi: 1.204063741545064
  discharge_effi: 0.6956548244883122
  max_power: 27.013795376054595
  t_arr: 12.426537905158728
  t_dep: 6.885071168378441
