vehicle:
  capacity: 123.22852418630978
  capacity_demand: 85.58836007844461
  charge_effi: 0.9117358846244245
  discharge_effi: 0.7092853815083711
  max_power: 29.331171208064028
  t_arr: 12.878702511173772
  t_dep: 7.277982670392152
