vehicle:
  capacity: 118.39631488213273
  capacity_demand: 82.82801764065337
  charge_effi: 0.9865831174939105
  discharge_effi: 0.6483926641092634
  max_power: 25.907744669179817
  t_arr: 12.838639143295767
  t_dep: 7.0205207111240355
