vehicle:
  capacity: 130.70260577825383
  capacity_demand: 79.47583802784607
  charge_effi: 1.0592284706042787
  discharge_effi: 0.6105192187939048
  max_power: 26.056596487891785
  t_arr: 12.58875844680442
  t_dep: 8.11185218376195
