vehicle:
  capacity: 153.16023232937883
  capacity_demand: 61.08155703954713
  charge_effi: 1.1013595622111383
  discharge_effi: 0.6469844846535179
  max_power: 27.471092695497422
  t_arr: 14.32797293220645
  t_dep: 7.3761823755321805
