vehicle:
  capacity: 134.14725030269236
  capacity_demand: 75.06653531155374
  charge_effi: 0.8514263612278055
  discharge_effi: 0.7414964151884635
  max_power: 27.37833444230408
  t_arr: 14.952402439777424
  t_dep: 7.569791139082881
