vehicle:
  capacity: 126.45248582710889
  capacity_demand: 76.82086234622334
  charge_effi: 0.8757199394092762
  discharge_effi: 0.6288525276838925
  max_power: 31.76498947688947
  t_arr: 12.064552329835784
  t_dep: 7.528534545799994
