vehicle:
  capacity: 130.13729895126775
  capacity_demand: 63.35758572761142
  charge_effi: 0.9926419715838991
  discharge_effi: 0.6258719940695272
  max_power: 29.170065641496343
  t_arr: 14.575301231185454
  t_dep: 7.4813491548761455
