vehicle:
  capacity: 147.6045479450232
  capacity_demand: 80.53259792659236
  charge_effi: 0.9346373081978447
  discharge_effi: 0.6480984005114767
  max_power: 24.482306713899092
  t_arr: 14.64190941336161
  t_dep: 7.5529154523989614
