vehicle:
  capacity: 110.86830877007858
  capacity_demand: 90.47462705824137
  charge_effi: 0.9783696804692187
  discharge_effi: 0.6735548342711988
  max_power: 30.736389683573634
  t_arr: 12.474110980504298
  t_dep: 8.631992660791479
