vehicle:
  capacity: 115.41682336098431
  capacity_demand: 77.17943194942741
  charge_effi: 0.8257942675548846
  discharge_effi: 0.8341669997189538
  max_power: 36.49589419838277
  t_arr: 11.229557931861386
  t_dep: 8.515569325231267
