vehicle:
  capacity: 113.14619486873319
  capacity_demand: 85.01910190021019
  charge_effi: 0.9115531295352729
  discharge_effi: 0.7963653072071671
  max_power: 30.77221784257638
  t_arr: 14.19617298410384
  t_dep: 8.91789702575684
