vehicle:
  capacity: 109.57072345002835
  capacity_demand: 71.98808469120715
  charge_effi: 0.9849024570154898
  discharge_effi: 0.7586406816137697
  max_power: 31.00641754974823
  t_arr: 11.673801819420186
  t_dep: 7.982199198757576
