vehicle:
  capacity: 126.32171673368714
  capacity_demand: 74.9481706317209
  charge_effi: 1.0447991272041237
  discharge_effi: 0.5739758874700668
  max_power: 28.33926152926306
  t_arr: 13.432076799856713
  t_dep: 7.614553666033222
