vehicle:
  capacity: 104.97699920649451
  capacity_demand: 77.70676920631347
  charge_effi: 1.0581599491839473
  discharge_effi: 0.5845272968488804
  max_power: 38.20445481315816
  t_arr: 11.067206167145049
  t_dep: 7.218822689013246
