vehicle:
  capacity: 122.4297366065651
  capacity_demand: 63.52960539412376
  charge_effi: 0.8291424804085233
  discharge_effi: 0.6090514115444889
  max_power: 28.406178915318527
  t_arr: 13.345389865870493
  t_dep: 6.909199024055178
