vehicle:
  capacity: 106.53526199672099
  capacity_demand: 73.87443749631447
  charge_effi: 1.0076275719156722
  discharge_effi: 0.6134971030092129
  max_power: 33.92340715686854
  t_arr: 13.431848537603237
  t_dep: 7.073396743295019
