vehicle:
  capacity: 111.29186102746345
  capacity_demand: 78.59737856096528
  charge_effi: 1.1199637906405342
  discharge_effi: 0.6330549292868299
  max_power: 30.66822115078467
  t_arr: 11.38473361809152
  t_dep: 6.3833870208160555
