vehicle:
  capacity: 117.71215527327466
  capacity_demand: 74.1586787679073
  charge_effi: 1.0707265633972025
  discharge_effi: 0.743285000103992
  max_power: 28.34978718957413
  t_arr: 13.23635840859061
  t_dep: 7.4303425502721865
