vehicle:
  capacity: 98.98330310417921
  capacity_demand: 81.2268562103501
  charge_effi: 1.1385862263402642
  discharge_effi: 0.7990156228276157
  max_power: 33.0328260992396
  t_arr: 14.106023986648122
  t_dep: 10.173020195124773
