vehicle:
  capacity: 92.2375229246696
  capacity_demand: 59.62750795883751
  charge_effi: 0.9042956020983376
  discharge_effi: 0.6252478446932762
  max_power: 30.50883128326456
  t_arr: 13.560567364824443
  t_dep: 7.418622160427043
