vehicle:
  capacity: 109.69834652297583
  capacity_demand: 73.29510857665903
  charge_effi: 0.9831733691164903
  discharge_effi: 0.9325896327357533
  max_power: 27.80189023059551
  t_arr: 14.461703574653733
  t_dep: 9.329847091497982
