vehicle:
  capacity: 108.784317712167
  capacity_demand: 78.58961100058389
  charge_effi: 0.9878941519961826
  discharge_effi: 0.6139265941196747
  max_power: 35.31014643444196
  t_arr: 12.197119898209491
  t_dep: 7.542001979765496
