vehicle:
  capacity: 129.6224433769567
  capacity_demand: 66.5801927441708
  charge_effi: 0.7929810761322625
  discharge_effi: 0.7594934324295699
  max_power: 35.48971922159978
  t_arr: 13.144419416780705
  t_dep: 8.494975419320978
