vehicle:
  capacity: 104.58087159087484
  capacity_demand: 70.69806585133587
  charge_effi: 1.113476428625581
  discharge_effi: 0.6537101261486741
  max_power: 25.73912265730492
  t_arr: 14.494438673439747
  t_dep: 7.843550661897338
