vehicle:
  capacity: 117.08613658501231
  capacity_demand: 91.3756860120627
  charge_effi: 0.9456795826284905
  discharge_effi: 0.6556923204996112
  max_power: 34.028563006461816
  t_arr: 14.097894605818846
  t_dep: 8.719286788299529
