vehicle:
  capacity: 156.0548391030652
  capacity_demand: 81.03809151131001
  charge_effi: 1.0534288915934291
  discharge_effi: 0.7904481059996094
  max_power: 30.547070882374403
  t_arr: 15.078427184371122
  t_dep: 6.481094924584347
