vehicle:
  capacity: 132.61854739569296
  capacity_demand: 78.8200025902419
  charge_effi: 1.088279810241671
  discharge_effi: 0.6799406200539722
  max_power: 32.007175792498074
  t_arr: 12.292036195261293
  t_dep: 7.41140423033157
