vehicle:
  capacity: 119.11662811822904
  capacity_demand: 68.84445411198168
  charge_effi: 0.9442749017898594
  discharge_effi: 0.7163917299027178
  max_power: 30.88863967278344
  t_arr: 14.552197680167344
  t_dep: 8.505180893890309
