vehicle:
  capacity: 101.64226726655284
  capacity_demand: 78.96343104608889
  charge_effi: 1.1124333608879087
  discharge_effi: 0.663918147596964
  max_power: 32.93697600452835
  t_arr: 11.886455023546114
  t_dep: 7.51968007508917
