vehicle:
  capacity: 133.5932300001634
  capacity_demand: 72.37211816287231
  charge_effi: 1.0269873034876331
  discharge_effi: 0.6624816070835341
  max_power: 32.0276038149884
  t_arr: 11.647207138677107
  t_dep: 7.853145818722538
