vehicle:
  capacity: 117.79785265407193
  capacity_demand: 89.33118834440472
  charge_effi: 1.052586162997802
  discharge_effi: 0.8223379311836314
  max_power: 32.07148320966134
  t_arr: 11.553026111859062
  t_dep: 7.658030845746951
