vehicle:
  capacity: 135.91811689535052
  capacity_demand: 72.40823046837568
  charge_effi: 1.236683352062907
  discharge_effi: 0.8292940385756757
  max_power: 32.332175640063745
  t_arr: 14.076490159964198
  t_dep: 7.46619678938316
