vehicle:
  capacity: 139.65530870609675
  capacity_demand: 69.91914308490075
  charge_effi: 1.0333682181564277
  discharge_effi: 0.7160030120703555
  max_power: 28.906614661872858
  t_arr: 14.182937986688318
  t_dep: 7.3999713357534045
