vehicle:
  capacity: 109.196596127473
  capacity_demand: 86.07228760903794
  charge_effi: 1.0242498656386707
  discharge_effi: 0.8146331833857032
  max_power: 36.03997117911632
  t_arr: 12.925046012751134
  t_dep: 9.2809624287588
