vehicle:
  capacity: 113.1600825031638
  capacity_demand: 83.06290737619737
  charge_effi: 0.7485718419380909
  discharge_effi: 0.8814782048876033
  max_power: 29.09388831694717
  t_arr: 14.461376630237588
  t_dep: 8.617212701243263
