vehicle:
  capacity: 124.158439037612
  capacity_demand: 82.33051564082864
  charge_effi: 0.9649361019340021
  discharge_effi: 0.6720600099687071
  max_power: 29.880492062373158
  t_arr: 14.197551307870185
  t_dep: 6.632552272017731
