vehicle:
  capacity: 97.9763852035089
  capacity_demand: 80.76006729666737
  charge_effi: 1.0730524179003669
  discharge_effi: 0.7270828823340425
  max_power: 31.945743384911324
  t_arr: 13.283431095738656
  t_dep: 9.70004448720791
