vehicle:
  capacity: 112.56768718652486
  capacity_demand: 66.12689711293565
  charge_effi: 0.9149518863451573
  discharge_effi: 0.8229038234688142
  max_power: 24.838547793536996
  t_arr: 13.470680997408513
  t_dep: 8.516148610026603
