vehicle:
  capacity: 139.82650698861295
  capacity_demand: 61.852526196347824
  charge_effi: 0.8272037103543454
  discharge_effi: 0.6632215551990202
  max_power: 33.21226194244417
  t_arr: 12.86450472071631
  t_dep: 7.381190891347432
