vehicle:
  capacity: 143.87600542509014
  capacity_demand: 81.26524498944805
  charge_effi: 1.0353317109317624
  discharge_effi: 0.705593535374534
  max_power: 30.51126429958866
  t_arr: 14.692338809218706
  t_dep: 6.563907967481943
