vehicle:
  capacity: 121.98444100071174
  capacity_demand: 81.9731967407244
  charge_effi: 1.0577616242827195
  discharge_effi: 0.6102335692831847
  max_power: 30.631135009343183
  t_arr: 13.462859168136449
  t_dep: 7.427403575967263
