vehicle:
  capacity: 121.05200685517514
  capacity_demand: 69.5545949847291
  charge_effi: 0.8356361594607122
  discharge_effi: 0.6912739923401581
  max_power: 30.47645909320598
  t_arr: 13.235383104625962
  t_dep: 8.322448590946713
