vehicle:
  capacity: 95.8289776044141
  capacity_demand: 69.38211333809217
  charge_effi: 1.1364401245822182
  discharge_effi: 0.6500024693268366
  max_power: 37.35384206096609
  t_arr: 12.367094405471908
  t_dep: 8.710523675098072
