vehicle:
  capacity: 103.22346539381078
  capacity_demand: 78.04011675504645
  charge_effi: 1.0720525861939347
  discharge_effi: 0.8499543892062843
  max_power: 34.52138793173016
  t_arr: 12.004644279470206
  t_dep: 8.140129199610652
