vehicle:
  capacity: 135.8248519970921
  capacity_demand: 69.1144329260473
  charge_effi: 0.9734748322914886
  discharge_effi: 0.7254902864784678
  max_power: 31.689897501890776
  t_arr: 13.520288941852712
  t_dep: 7.129543837928687
