vehicle:
  capacity: 161.0500260194896
  capacity_demand: 71.60568128190276
  charge_effi: 0.966696332341464
  discharge_effi: 0.6118950329192131
  max_power: 33.80518496081619
  t_arr: 13.979812152750585
  t_dep: 7.322492601019327
