vehicle:
  capacity: 123.89393831731715
  capacity_demand: 76.0398313917557
  charge_effi: 0.9594346497663567
  discharge_effi: 0.6482648666989085
  max_power: 33.467970588625796
  t_arr: 14.391103340846286
  t_dep: 8.36659316903438
