vehicle:
  capacity: 109.06119052488096
  capacity_demand: 82.8327787508606
  charge_effi: 0.9782720888818472
  discharge_effi: 0.6088454926189298
  max_power: 30.979349633767
  t_arr: 11.654074318950824
  t_dep: 7.820914413962983
