vehicle:
  capacity: 151.1454255329583
  capacity_demand: 74.4360738777574
  charge_effi: 0.8831439147383595
  discharge_effi: 0.688199283629719
  max_power: 29.653407308055506
  t_arr: 12.401281201457893
  t_dep: 7.880804604005562
