vehicle:
  capacity: 103.0249277956635
  capacity_demand: 62.06478742284882
  charge_effi: 0.8975169546607451
  discharge_effi: 0.6401002479910333
  max_power: 32.62922742704505
  t_arr: 14.490010029643138
  t_dep: 8.243050237708172
