vehicle:
  capacity: 96.89639015610501
  capacity_demand: 76.82879308799556
  charge_effi: 0.9047696153253815
  discharge_effi: 0.7977847303028415
  max_power: 30.630326052048463
  t_arr: 14.452118690017507
  t_dep: 7.596836380011264
