vehicle:
  capacity: 111.53158517943473
  capacity_demand: 97.23270249507958
  charge_effi: 0.9740655073195631
  discharge_effi: 0.8597107432837572
  max_power: 33.453084233580164
  t_arr: 12.702185507355852
  t_dep: 6.978675779623993
