vehicle:
  capacity: 131.51046530796452
  capacity_demand: 63.515996798766416
  charge_effi: 0.8764714819721406
  discharge_effi: 0.7196157022279582
  max_power: 30.9661280418837
  t_arr: 11.674057236831784
  t_dep: 8.602305663916958
