vehicle:
  capacity: 105.18245185551764
  capacity_demand: 68.40566588637446
  charge_effi: 0.9477892413841993
  discharge_effi: 0.7475859430178657
  max_power: 34.12656388339542
  t_arr: 12.438138982183805
  t_dep: 8.52701148830675
