vehicle:
  capacity: 111.43448251236383
  capacity_demand: 84.53649515216875
  charge_effi: 1.1638389316731728
  discharge_effi: 0.6334074566397583
  max_power: 34.77420129109531
  t_arr: 14.581599688851474
  t_dep: 8.588265450572578
