vehicle:
  capacity: 113.81217589183865
  capacity_demand: 71.11616855964068
  charge_effi: 1.0194130061145616
  discharge_effi: 0.83049655169364
  max_power: 30.93326539438803
  t_arr: 14.673673174641937
  t_dep: 8.924003156132981
