vehicle:
  capacity: 114.41560344941082
  capacity_demand: 85.02845049514833
  charge_effi: 1.050284455945311
  discharge_effi: 0.7680263490360358
  max_power: 32.22744637656732
  t_arr: 13.177937235339598
  t_dep: 9.204951173803133
