vehicle:
  capacity: 146.0930853635949
  capacity_demand: 66.58468297937578
  charge_effi: 0.9497028601041241
  discharge_effi: 0.620048059882234
  max_power: 31.661374752174606
  t_arr: 13.581832349713647
  t_dep: 7.950769740401267
