vehicle:
  capacity: 127.92635129887815
  capacity_demand: 66.2728297783212
  charge_effi: 1.074591152590575
  discharge_effi: 0.7631349311126738
  max_power: 27.65450709343626
  t_arr: 12.452274464404244
  t_dep: 9.605311534153984
