vehicle:
  capacity: 108.45710364459023
  capacity_demand: 82.33374413865954
  charge_effi: 0.9655411882129915
  discharge_effi: 0.6118965117826878
  max_power: 30.97893004435747
  t_arr: 15.13184792658862
  t_dep: 6.988212402865029
