vehicle:
  capacity: 97.27763426233628
  capacity_demand: 87.16787432891948
  charge_effi: 0.8745574357814984
  discharge_effi: 0.7674090076008205
  max_power: 33.78976583831538
  t_arr: 12.891823052041017
  t_dep: 8.12566375843377
