vehicle:
  capacity: 123.42038645272235
  capacity_demand: 66.88996765784282
  charge_effi: 1.0185950965872501
  discharge_effi: 0.6281984588940303
  max_power: 26.434503370506857
  t_arr: 13.609397300121755
  t_dep: 6.272865081971953
