vehicle:
  capacity: 103.73354206697803
  capacity_demand: 65.03729341924823
  charge_effi: 0.8982813474505859
  discharge_effi: 0.6449524050152127
  max_power: 30.197877054935926
  t_arr: 15.236856178814936
  t_dep: 8.142196873602321
