vehicle:
  capacity: 116.4683927030638
  capacity_demand: 81.24958956865963
  charge_effi: 0.9007811436790153
  discharge_effi: 0.9198754929726005
  max_power: 34.79368987711871
  t_arr: 10.692481419197224
  t_dep: 10.40436227683188
