vehicle:
  capacity: 151.8330316706877
  capacity_demand: 66.7605439333507
  charge_effi: 0.9795870863159851
  discharge_effi: 0.6472507472109563
  max_power: 29.53571694018161
  t_arr: 12.89192383479767
  t_dep: 6.727593210977258
