vehicle:
  capacity: 103.99065780413547
  capacity_demand: 81.81855353301383
  charge_effi: 0.9021336873812198
  discharge_effi: 0.8081198037989703
  max_power: 34.375285917106005
  t_arr: 13.696185437202796
  t_dep: 7.562081705132962
