vehicle:
  capacity: 127.15627154263909
  capacity_demand: 81.52509871889038
  charge_effi: 1.1426997009546218
  discharge_effi: 0.7021711127430289
  max_power: 31.49370831128527
  t_arr: 15.023478184898378
  t_dep: 9.011755654665437
