vehicle:
  capacity: 110.44701675851472
  capacity_demand: 75.43936306172466
  charge_effi: 1.1904319846928701
  discharge_effi: 0.6226983020897913
  max_power: 34.79402717897515
  t_arr: 13.104671403131256
  t_dep: 9.484048035226603
