vehicle:
  capacity: 112.30000253529009
  capacity_demand: 66.49243539336156
  charge_effi: 0.9750808888322479
  discharge_effi: 0.6991061202736812
  max_power: 33.69565667461996
  t_arr: 16.20730346816803
  t_dep: 6.339964262825063
