vehicle:
  capacity: 119.76482869790081
  capacity_demand: 81.87006852204384
  charge_effi: 1.0196469602336815
  discharge_effi: 0.7669471297727782
  max_power: 33.942553471169404
  t_arr: 11.243467779321124
  t_dep: 8.621915724453116
