vehicle:
  capacity: 117.17986492087458
  capacity_demand: 77.93222702766043
  charge_effi: 1.016312949321256
  discharge_effi: 0.6233792998220712
  max_power: 34.956299292861246
  t_arr: 13.564691536081048
  t_dep: 8.767910419304568
