vehicle:
  capacity: 126.16518352050402
  capacity_demand: 78.82970220536143
  charge_effi: 0.8360312554364043
  discharge_effi: 0.6494883742092911
  max_power: 25.962888022136045
  t_arr: 13.20335523260353
  t_dep: 7.486117278089738
