vehicle:
  capacity: 124.16286099954293
  capacity_demand: 76.07215791588368
  charge_effi: 1.192002195614127
  discharge_effi: 0.702661612614327
  max_power: 31.292055879255827
  t_arr: 15.706902195091219
  t_dep: 9.201509574817543
