vehicle:
  capacity: 119.4579406377247
  capacity_demand: 69.93356673477187
  charge_effi: 1.036627181875022
  discharge_effi: 0.6942244065112243
  max_power: 27.447839621595044
  t_arr: 10.83503180844795
  t_dep: 8.776283267031035
