vehicle:
  capacity: 110.77180958565701
  capacity_demand: 92.32033746399829
  charge_effi: 1.0077838419354892
  discharge_effi: 0.6389148288593627
  max_power: 32.78742737407464
  t_arr: 11.104318778525778
  t_dep: 8.334673252217325
