vehicle:
  capacity: 146.5228687291562
  capacity_demand: 64.48250921228879
  charge_effi: 0.953576074257098
  discharge_effi: 0.6877347728782247
  max_power: 29.718291088294208
  t_arr: 10.81639432590007
  t_dep: 7.527337588494738
