vehicle:
  capacity: 144.8014611073787
  capacity_demand: 65.1733384314651
  charge_effi: 1.205327850778808
  discharge_effi: 0.7341626652463824
  max_power: 26.703715727291303
  t_arr: 13.87713678528903
  t_dep: 7.955291852049494
