vehicle:
  capacity: 141.45242250668232
  capacity_demand: 71.04317948481287
  charge_effi: 0.9771181998414926
  discharge_effi: 0.7326818045309784
  max_power: 33.64279299797903
  t_arr: 15.519307783691316
  t_dep: 7.180696212787693
