vehicle:
  capacity: 113.01976470973288
  capacity_demand: 84.24948929378108
  charge_effi: 0.9658237680191513
  discharge_effi: 0.7318716930959839
  max_power: 32.79523187713349
  t_arr: 15.304152080202922
  t_dep: 6.8333715793991585
