vehicle:
  capacity: 106.43946378708236
  capacity_demand: 75.29270722432231
  charge_effi: 0.9331951593640941
  discharge_effi: 0.7703567438161445
  max_power: 34.691200538075826
  t_arr: 14.961135822617695
  t_dep: 8.14277645272744
