vehicle:
  capacity: 134.49810426939817
  capacity_demand: 78.25803918934099
  charge_effi: 0.9570055982135198
  discharge_effi: 0.7634798740158302
  max_power: 28.300482580578343
  t_arr: 11.760725284616694
  t_dep: 8.856684983222678
