vehicle:
  capacity: 118.81938218858429
  capacity_demand: 72.49106085912071
  charge_effi: 1.0024821851443344
  discharge_effi: 0.8643736053343397
  max_power: 31.08760893603967
  t_arr: 12.756226449245425
  t_dep: 7.906175771710282
