vehicle:
  capacity: 135.19709901457924
  capacity_demand: 76.36873642123845
  charge_effi: 0.8089095249286471
  discharge_effi: 0.7521209926658602
  max_power: 27.109212077075707
  t_arr: 11.220193893272086
  t_dep: 7.175598226905334
