vehicle:
  capacity: 118.03374116083074
  capacity_demand: 64.18548375272637
  charge_effi: 1.0688235537728399
  discharge_effi: 0.6811756116474876
  max_power: 32.42246142129968
  t_arr: 13.867353320402286
  t_dep: 6.802351796996698
