vehicle:
  capacity: 139.75920401151922
  capacity_demand: 65.53169626913316
  charge_effi: 1.0618849249444908
  discharge_effi: 0.6450832468948271
  max_power: 33.876550596214
  t_arr: 14.099009456788878
  t_dep: 8.777854206587657
