vehicle:
  capacity: 116.65261290533087
  capacity_demand: 73.33960332194036
  charge_effi: 1.0605513709533083
  discharge_effi: 0.7405300030273405
  max_power: 30.588677662389365
  t_arr: 14.838094054169765
  t_dep: 5.903146076321413
