vehicle:
  capacity: 110.54436333658988
  capacity_demand: 77.14723651323136
  charge_effi: 0.8324047565811886
  discharge_effi: 0.7192077215797847
  max_power: 33.20322299838467
  t_arr: 12.128186278500506
  t_dep: 9.223610943219652
