vehicle:
  capacity: 134.45274111718447
  capacity_demand: 71.00482676902055
  charge_effi: 1.1055869543102106
  discharge_effi: 0.8068372217552598
  max_power: 27.585391591631748
  t_arr: 13.50682548825078
  t_dep: 7.523194881281659
