vehicle:
  capacity: 122.21328133977825
  capacity_demand: 84.69233218438072
  charge_effi: 1.0468180237764975
  discharge_effi: 0.6820593232415769
  max_power: 28.747254229305344
  t_arr: 12.195426375289008
  t_dep: 8.09713208373429
