vehicle:
  capacity: 105.58999615196245
  capacity_demand: 75.15794026966401
  charge_effi: 0.9120162608630449
  discharge_effi: 0.6690474875275412
  max_power: 32.71491464755895
  t_arr: 11.191885751331535
  t_dep: 8.460727420718403
