vehicle:
  capacity: 132.06181864904715
  capacity_demand: 85.43309224968418
  charge_effi: 0.9886702480188615
  discharge_effi: 0.4807222749928339
  max_power: 33.5677125021858
  t_arr: 13.274876217497559
  t_dep: 7.218187396556996
