vehicle:
  capacity: 133.13637799939593
  capacity_demand: 67.67296798982449
  charge_effi: 0.8180224274749461
  discharge_effi: 0.8170731728910614
  max_power: 27.67124627833959
  t_arr: 13.006120679699642
  t_dep: 8.256762759977516
