vehicle:
  capacity: 107.59565183298804
  capacity_demand: 73.35793366243432
  charge_effi: 0.9384762474301701
  discharge_effi: 0.674399365148006
  max_power: 29.96934775084075
  t_arr: 11.255569596053002
  t_dep: 7.809601003247645
