vehicle:
  capacity: 128.60779920793175
  capacity_demand: 74.70438176278799
  charge_effi: 0.8551751359125184
  discharge_effi: 0.6199007255057163
  max_power: 32.89377463063279
  t_arr: 14.300869378775323
  t_dep: 6.822267292604268
