vehicle:
  capacity: 111.71171495693496
  capacity_demand: 77.030646784043
  charge_effi: 0.895870359840899
  discharge_effi: 0.7858368105462671
  max_power: 30.89979784763962
  t_arr: 13.952102272816962
  t_dep: 8.556050506504349
