vehicle:
  capacity: 145.94122520456716
  capacity_demand: 58.44335090485797
  charge_effi: 1.185215122377697
  discharge_effi: 0.6095926717967538
  max_power: 28.905710808642862
  t_arr: 14.650007214658245
  t_dep: 8.0478274576445
