vehicle:
  capacity: 139.59650764841993
  capacity_demand: 75.75835362140869
  charge_effi: 0.8957543577200209
  discharge_effi: 0.6827065907900088
  max_power: 27.241517822339482
  t_arr: 15.825831404986639
  t_dep: 7.456941762961385
