vehicle:
  capacity: 111.4641484103352
  capacity_demand: 88.4287217835651
  charge_effi: 1.1916541769928866
  discharge_effi: 0.7186030787351405
  max_power: 31.702887623077295
  t_arr: 14.565510842403476
  t_dep: 8.195912903482489
