vehicle:
  capacity: 97.35837090775487
  capacity_demand: 73.95386790168477
  charge_effi: 1.079268731448007
  discharge_effi: 0.8261219932989254
  max_power: 36.47160598892566
  t_arr: 15.610868203901585
  t_dep: 8.760907856252816
