vehicle:
  capacity: 122.34634641144487
  capacity_demand: 85.33436069341558
  charge_effi: 0.9993329097318528
  discharge_effi: 0.7070241568170527
  max_power: 26.91765938457647
  t_arr: 15.341460892497341
  t_dep: 7.4621868688990345
