vehicle:
  capacity: 105.49974089964209
  capacity_demand: 80.59752791703433
  charge_effi: 1.0099862494771161
  discharge_effi: 0.7102110582758538
  max_power: 33.34190518754034
  t_arr: 12.253259866892945
  t_dep: 8.62508444830804
