vehicle:
  capacity: 120.84570737741703
  capacity_demand: 73.20093432185965
  charge_effi: 0.9514156183675356
  discharge_effi: 0.7338891064621196
  max_power: 29.58878477796352
  t_arr: 17.35996676725162
  t_dep: 7.610021559316243
