vehicle:
  capacity: 123.1341577587511
  capacity_demand: 69.34462486381611
  charge_effi: 0.7906418080006546
  discharge_effi: 0.6434911110905006
  max_power: 25.993714296113655
  t_arr: 13.785375469122465
  t_dep: 7.493093572902966
