vehicle:
  capacity: 111.6848716392394
  capacity_demand: 82.93976343002431
  charge_effi: 1.0421920999686696
  discharge_effi: 0.705734102583633
  max_power: 37.24985644760861
  t_arr: 12.239395798495398
  t_dep: 7.728070859990623
