vehicle:
  capacity: 109.48083760288458
  capacity_demand: 72.59382542956874
  charge_effi: 0.9597075121565772
  discharge_effi: 0.8327095895164529
  max_power: 31.08944135594844
  t_arr: 10.782603512427519
  t_dep: 7.314196551128166
