vehicle:
  capacity: 138.0607495855333
  capacity_demand: 70.75362351850704
  charge_effi: 1.1014624268309665
  discharge_effi: 0.7397467135066301
  max_power: 28.467544508251034
  t_arr: 14.762802751183907
  t_dep: 7.5141200243915485
