vehicle:
  capacity: 128.35942088775585
  capacity_demand: 73.1223811762838
  charge_effi: 0.8917903600680953
  discharge_effi: 0.643469510851103
  max_power: 29.14620689815432
  t_arr: 16.00861040488276
  t_dep: 7.80633774211215
