vehicle:
  capacity: 123.96571706244957
  capacity_demand: 71.98884655857627
  charge_effi: 0.8589069075187228
  discharge_effi: 0.5971591042617841
  max_power: 34.09051104341819
  t_arr: 13.370971727161661
  t_dep: 8.050858626790633
