vehicle:
  capacity: 124.74918437556839
  capacity_demand: 82.05138964998096
  charge_effi: 1.0104141245315061
  discharge_effi: 0.7527283625767802
  max_power: 40.51701513283238
  t_arr: 14.169139012168902
  t_dep: 6.707861799304271
