vehicle:
  capacity: 115.7636137383695
  capacity_demand: 85.78338512235618
  charge_effi: 0.9974841168045769
  discharge_effi: 0.88212909033163
  max_power: 29.114189581189596
  t_arr: 11.781525305012732
  t_dep: 8.648829920317517
