vehicle:
  capacity: 114.57664320035984
  capacity_demand: 84.01252617112692
  charge_effi: 1.0388269849419267
  discharge_effi: 0.7023937606133016
  max_power: 31.862186304228533
  t_arr: 13.23686827171734
  t_dep: 8.366693961974429
