vehicle:
  capacity: 152.37482624920858
  capacity_demand: 76.15906092038743
  charge_effi: 1.0513641427977691
  discharge_effi: 0.6319275147325056
  max_power: 35.0149809382133
  t_arr: 14.43599721534403
  t_dep: 7.558043705220708
