vehicle:
  capacity: 141.4768087719826
  capacity_demand: 78.75820730546127
  charge_effi: 1.0796544027507209
  discharge_effi: 0.717955562677705
  max_power: 28.4330156588786
  t_arr: 13.343481924113515
  t_dep: 6.726342044224979
