vehicle:
  capacity: 119.80894420232886
  capacity_demand: 69.08818832543095
  charge_effi: 0.974646182594412
  discharge_effi: 0.8046736155999352
  max_power: 26.366694775732093
  t_arr: 12.003076007322047
  t_dep: 7.63632435379673
