vehicle:
  capacity: 135.63932433506957
  capacity_demand: 78.87634031844671
  charge_effi: 1.1203089216538569
  discharge_effi: 0.5673810869690639
  max_power: 33.542202398713314
  t_arr: 13.00421090241508
  t_dep: 6.700157943720382
