vehicle:
  capacity: 131.3104920121008
  capacity_demand: 60.53560676272698
  charge_effi: 0.9810643941999948
  discharge_effi: 0.7117623246361989
  max_power: 29.230000905701324
  t_arr: 13.87757248761384
  t_dep: 7.794022423410701
