vehicle:
  capacity: 122.7520653950765
  capacity_demand: 80.63458259846556
  charge_effi: 1.0520276533655495
  discharge_effi: 0.65854557743465
  max_power: 26.015213666601017
  t_arr: 13.250750218885026
  t_dep: 8.224552160381343
