vehicle:
  capacity: 122.07458560021846
  capacity_demand: 83.38787127442988
  charge_effi: 1.0014715411071655
  discharge_effi: 0.5909750367055878
  max_power: 34.74175107723705
  t_arr: 15.255535129393241
  t_dep: 9.114431661826016
