vehicle:
  capacity: 108.37893699117447
  capacity_demand: 70.05151536960882
  charge_effi: 1.1135487403271558
  discharge_effi: 0.6128826070653614
  max_power: 34.820658782706886
  t_arr: 13.402076176184083
  t_dep: 6.18447476729974
