vehicle:
  capacity: 104.33409048694918
  capacity_demand: 74.54183838341481
  charge_effi: 1.0422176455291772
  discharge_effi: 0.7331441130141804
  max_power: 33.08353648407893
  t_arr: 11.980111870222178
  t_dep: 8.462244902767809
