vehicle:
  capacity: 131.05347786558897
  capacity_demand: 75.15886060241445
  charge_effi: 1.110777524781037
  discharge_effi: 0.7597347744845762
  max_power: 27.207680167937742
  t_arr: 12.224810431492987
  t_dep: 8.279030414924767
