vehicle:
  capacity: 142.59492169643815
  capacity_demand: 70.31223634161306
  charge_effi: 0.9381186385498519
  discharge_effi: 0.6470155060017703
  max_power: 33.20552063809727
  t_arr: 13.049100090560897
  t_dep: 7.161040081409471
