vehicle:
  capacity: 126.85905810124463
  capacity_demand: 75.42490687795181
  charge_effi: 0.8478696328385149
  discharge_effi: 0.7384406387642345
  max_power: 29.540529460443434
  t_arr: 14.176617642302595
  t_dep: 7.575272398713987
