vehicle:
  capacity: 116.19813117019689
  capacity_demand: 72.76738691849104
  charge_effi: 0.8077496182285854
  discharge_effi: 0.5955912649768706
  max_power: 26.7283796029836
  t_arr: 12.135890340751038
  t_dep: 7.110318908504443
