vehicle:
  capacity: 83.83145844339815
  capacity_demand: 76.09900934215837
  charge_effi: 1.1745690642567947
  discharge_effi: 0.8171415014794035
  max_power: 33.84538466254798
  t_arr: 9.655339949145992
  t_dep: 8.280760486922773
