vehicle:
  capacity: 110.25643747838086
  capacity_demand: 71.16285262314229
  charge_effi: 1.0013096471345773
  discharge_effi: 0.740328034727419
  max_power: 33.77717237279342
  t_arr: 12.155697390968907
  t_dep: 7.492132677076529
