vehicle:
  capacity: 105.94805229643782
  capacity_demand: 73.90705612703839
  charge_effi: 0.8036709173182336
  discharge_effi: 0.755052683286329
  max_power: 27.359121335495544
  t_arr: 10.793810344929351
  t_dep: 6.954749809540197
