vehicle:
  capacity: 118.29419198265201
  capacity_demand: 92.79822211970738
  charge_effi: 1.0624796911536565
  discharge_effi: 0.7756858654796476
  max_power: 30.626038003671496
  t_arr: 13.651203039640851
  t_dep: 7.930277344052968
