vehicle:
  capacity: 100.18788785037408
  capacity_demand: 74.45568374831639
  charge_effi: 1.232335341814007
  discharge_effi: 0.8676440201592099
  max_power: 31.7532650696722
  t_arr: 10.308870101418387
  t_dep: 9.63844809544506
