vehicle:
  capacity: 128.06570495292968
  capacity_demand: 84.06054199287148
  charge_effi: 1.0321108885256363
  discharge_effi: 0.6620023946334973
  max_power: 27.904948233774142
  t_arr: 14.906236252337186
  t_dep: 7.574841386015907
