vehicle:
  capacity: 122.40169272996553
  capacity_demand: 74.78393110397779
  charge_effi: 0.8474349996041501
  discharge_effi: 0.8397333302648876
  max_power: 29.04318506898332
  t_arr: 13.745873548207191
  t_dep: 7.8418238238897855
