vehicle:
  capacity: 149.53981036395672
  capacity_demand: 71.55812244272495
  charge_effi: 1.0647252048214242
  discharge_effi: 0.8133310695919059
  max_power: 30.90356136937096
  t_arr: 13.998008506749022
  t_dep: 7.355211676867843
