vehicle:
  capacity: 110.14444860986983
  capacity_demand: 82.72065248327448
  charge_effi: 0.9635628032678961
  discharge_effi: 0.6858126286936711
  max_power: 38.56750138448643
  t_arr: 14.302334814476914
  t_dep: 7.905434413580643
