vehicle:
  capacity: 125.45628525218554
  capacity_demand: 76.14915447481096
  charge_effi: 1.1627452616522578
  discharge_effi: 0.7117567704745864
  max_power: 28.417151662422558
  t_arr: 13.73890899758167
  t_dep: 10.193050765692437
