vehicle:
  capacity: 129.6593132169287
  capacity_demand: 70.63047710259566
  charge_effi: 0.8672328213099888
  discharge_effi: 0.6302370013187394
  max_power: 29.204986881269928
  t_arr: 13.379439015402824
  t_dep: 7.695682039196167
