vehicle:
  capacity: 107.91652330318814
  capacity_demand: 71.49968047139645
  charge_effi: 0.9493275316037274
  discharge_effi: 0.894230391783061
  max_power: 35.96570013152628
  t_arr: 14.124014720182567
  t_dep: 9.613172411571243
