vehicle:
  capacity: 107.75789609549177
  capacity_demand: 84.17504173543827
  charge_effi: 0.8739610290334271
  discharge_effi: 0.7416137898565299
  max_power: 34.232533698485945
  t_arr: 14.12295948293938
  t_dep: 8.529443993461781
