vehicle:
  capacity: 95.13260133350131
  capacity_demand: 90.24620562334063
  charge_effi: 0.9607997074560597
  discharge_effi: 0.6907796796553881
  max_power: 29.024217539786346
  t_arr: 14.99693252709469
  t_dep: 8.652183710020978
