vehicle:
  capacity: 135.00964161725932
  capacity_demand: 85.12667633595194
  charge_effi: 0.9627929827320889
  discharge_effi: 0.7957414187860323
  max_power: 36.09148712281524
  t_arr: 13.649089767104979
  t_dep: 8.099867884299224
