vehicle:
  capacity: 132.21297176853415
  capacity_demand: 68.19873554710163
  charge_effi: 1.033892382713311
  discharge_effi: 0.5740405787239723
  max_power: 29.737696543571417
  t_arr: 12.271200992486486
  t_dep: 8.374388189468375
