vehicle:
  capacity: 112.52607391901519
  capacity_demand: 68.93393012616058
  charge_effi: 1.0936393484244693
  discharge_effi: 0.6934958114811575
  max_power: 26.565291831009525
  t_arr: 10.278853410315143
  t_dep: 9.707356478063572
