vehicle:
  capacity: 150.1570831454812
  capacity_demand: 61.50316293172516
  charge_effi: 0.856849067514685
  discharge_effi: 0.6759422311227243
  max_power: 31.33116961399589
  t_arr: 12.571645834196167
  t_dep: 7.966473453437474
