vehicle:
  capacity: 125.68034733633947
  capacity_demand: 82.32465206069439
  charge_effi: 1.0835500667857134
  discharge_effi: 0.7563414670862113
  max_power: 36.00924385739585
  t_arr: 14.468625637880512
  t_dep: 7.442662220372355
