vehicle:
  capacity: 114.68588958925159
  capacity_demand: 82.36750779414686
  charge_effi: 0.874670523734102
  discharge_effi: 0.8134723675855424
  max_power: 29.607916800545496
  t_arr: 7.773906042167868
  t_dep: 9.732887650521539
