vehicle:
  capacity: 117.918585530121
  capacity_demand: 80.4035073362674
  charge_effi: 0.9259438954977599
  discharge_effi: 0.7598399905122069
  max_power: 29.472018195669868
  t_arr: 12.841429225069804
  t_dep: 7.276229347642866
