vehicle:
  capacity: 89.41710344381461
  capacity_demand: 93.87840064257719
  charge_effi: 0.8776717241865045
  discharge_effi: 0.5968527091018849
  max_power: 33.06134341447742
  t_arr: 11.19236204286414
  t_dep: 10.430855912626841
