vehicle:
  capacity: 109.74729092976548
  capacity_demand: 70.47496577623998
  charge_effi: 1.083630551530534
  discharge_effi: 0.6728863043682636
  max_power: 31.78346945261046
  t_arr: 12.318018901901347
  t_dep: 7.942946350677847
