vehicle:
  capacity: 144.3855042495356
  capacity_demand: 63.09960975900891
  charge_effi: 0.9702284513544956
  discharge_effi: 0.7848177150942766
  max_power: 36.932684897985006
  t_arr: 14.479503449810585
  t_dep: 6.498954758269657
