vehicle:
  capacity: 130.93458977057145
  capacity_demand: 63.83848519736489
  charge_effi: 0.948340958031862
  discharge_effi: 0.6139873620557101
  max_power: 36.62740552707391
  t_arr: 13.009135906995875
  t_dep: 7.915304171263975
