vehicle:
  capacity: 96.2644960643797
  capacity_demand: 80.97599311588888
  charge_effi: 0.9848385699354905
  discharge_effi: 0.7886833992257821
  max_power: 30.00894948050663
  t_arr: 11.79625615807407
  t_dep: 7.31664445220266
