vehicle:
  capacity: 123.12520821963213
  capacity_demand: 67.08713615448154
  charge_effi: 1.0156954647470722
  discharge_effi: 0.690532630311698
  max_power: 23.814914110598647
  t_arr: 15.867384925832846
  t_dep: 7.147156074494815
