vehicle:
  capacity: 132.62576976511878
  capacity_demand: 74.03413971452946
  charge_effi: 1.0658264898853527
  discharge_effi: 0.6499766399196983
  max_power: 29.794631685471785
  t_arr: 13.416163953929752
  t_dep: 6.74182042109944
