vehicle:
  capacity: 116.94443862056265
  capacity_demand: 87.111519221281
  charge_effi: 0.9502707600509858
  discharge_effi: 0.7173732136860068
  max_power: 29.633551245751203
  t_arr: 12.933423474997326
  t_dep: 7.760818985614479
