vehicle:
  capacity: 102.47560039386605
  capacity_demand: 83.57673381534717
  charge_effi: 0.9559447782465773
  discharge_effi: 0.7475114035564622
  max_power: 34.77346812800682
  t_arr: 12.976693985627744
  t_dep: 10.309207311398325
