vehicle:
  capacity: 114.85226952995637
  capacity_demand: 54.12233943955785
  charge_effi: 1.0890315573099727
  discharge_effi: 0.6433322299283685
  max_power: 33.23283981775511
  t_arr: 16.123060453951894
  t_dep: 8.467306458608054
