vehicle:
  capacity: 150.65925979090076
  capacity_demand: 64.52637754161911
  charge_effi: 0.8715416788705574
  discharge_effi: 0.8160448847736702
  max_power: 27.878535594796805
  t_arr: 16.030672794309655
  t_dep: 8.157756522969555
