vehicle:
  capacity: 99.2349075851847
  capacity_demand: 76.31281819822996
  charge_effi: 1.0464529982817186
  discharge_effi: 0.7629199340292407
  max_power: 29.311184357377396
  t_arr: 12.128362887018882
  t_dep: 7.490767022086433
