vehicle:
  capacity: 123.5614333378108
  capacity_demand: 66.43335171090888
  charge_effi: 0.739203723576366
  discharge_effi: 0.6799477910903448
  max_power: 30.256463427688946
  t_arr: 14.374766844981089
  t_dep: 6.665687236142321
