vehicle:
  capacity: 104.07730933376342
  capacity_demand: 80.49239035033663
  charge_effi: 1.017076083186307
  discharge_effi: 0.7136311599059709
  max_power: 29.067293351407734
  t_arr: 12.921111025690369
  t_dep: 9.505152238687923
