vehicle:
  capacity: 135.00555305846032
  capacity_demand: 76.45338465805227
  charge_effi: 1.107504240868491
  discharge_effi: 0.6158034979029713
  max_power: 27.139113653365023
  t_arr: 15.1766778105996
  t_dep: 6.1680589466159645
