vehicle:
  capacity: 86.0258544113526
  capacity_demand: 68.8475578824522
  charge_effi: 0.9208808464044757
  discharge_effi: 0.8949070707785652
  max_power: 31.872072816593814
  t_arr: 12.285161033690379
  t_dep: 8.14199341668434
