vehicle:
  capacity: 106.2629194281461
  capacity_demand: 82.50866582938202
  charge_effi: 0.8551218904886321
  discharge_effi: 0.6862183635356388
  max_power: 34.092628903060785
  t_arr: 14.224985550974615
  t_dep: 8.909794272955965
