vehicle:
  capacity: 119.77467068380825
  capacity_demand: 60.83431993060457
  charge_effi: 1.1206943517090597
  discharge_effi: 0.7527288083366056
  max_power: 31.260753925152365
  t_arr: 15.539808874767102
  t_dep: 8.628046520439414
