vehicle:
  capacity: 112.34237103014291
  capacity_demand: 68.22981739347966
  charge_effi: 0.9683477295996054
  discharge_effi: 0.6816263385367661
  max_power: 29.298611437571633
  t_arr: 17.510156878224638
  t_dep: 7.658407987255453
