vehicle:
  capacity: 95.2885503835285
  capacity_demand: 81.09846656160312
  charge_effi: 1.0049980052666536
  discharge_effi: 0.8201616600083639
  max_power: 32.553524515734786
  t_arr: 12.782292898996182
  t_dep: 7.029877666810551
