vehicle:
  capacity: 106.27946337311094
  capacity_demand: 69.96023727122233
  charge_effi: 0.9893998594451893
  discharge_effi: 0.7431597740875986
  max_power: 33.72547824591431
  t_arr: 11.424011087445646
  t_dep: 8.055873303346598
