vehicle:
  capacity: 107.69700363414836
  capacity_demand: 65.58492540860256
  charge_effi: 1.1367476047406264
  discharge_effi: 0.8831934146020751
  max_power: 27.605005005168717
  t_arr: 15.415429711466691
  t_dep: 8.892074723714392
