vehicle:
  capacity: 124.37508070745412
  capacity_demand: 66.35316384789556
  charge_effi: 0.8833074031252148
  discharge_effi: 0.5472876463294089
  max_power: 30.01796910826501
  t_arr: 15.191649558146583
  t_dep: 8.696803474004842
