vehicle:
  capacity: 107.48111193740212
  capacity_demand: 84.84081540787591
  charge_effi: 1.1321104634523782
  discharge_effi: 0.6442029745342246
  max_power: 27.687022506400062
  t_arr: 14.26662697451143
  t_dep: 7.152971473454099
