vehicle:
  capacity: 104.15405091946275
  capacity_demand: 87.91521048085743
  charge_effi: 0.9983241406013754
  discharge_effi: 0.7606688606454692
  max_power: 36.362797036005716
  t_arr: 11.870245231698311
  t_dep: 8.744607053127465
