vehicle:
  capacity: 123.6525512147816
  capacity_demand: 59.05847871030508
  charge_effi: 1.0083172821919213
  discharge_effi: 0.6088832403201022
  max_power: 29.974779857903844
  t_arr: 12.920966834811745
  t_dep: 5.31507365828891
