vehicle:
  capacity: 129.65875282012559
  capacity_demand: 81.44046136576468
  charge_effi: 0.8784659086400934
  discharge_effi: 0.6583055634312669
  max_power: 26.706591349078355
  t_arr: 14.026733714594478
  t_dep: 7.5764652615796315
