vehicle:
  capacity: 132.6993115637488
  capacity_demand: 70.909237814365
  charge_effi: 0.9683282401066278
  discharge_effi: 0.7484259271815622
  max_power: 29.376356257508714
  t_arr: 13.568223123109316
  t_dep: 7.038986309018796
