vehicle:
  capacity: 121.84505336251645
  capacity_demand: 84.98689764748327
  charge_effi: 0.9645855825427675
  discharge_effi: 0.677805182173311
  max_power: 28.727618249913345
  t_arr: 12.640336074240889
  t_dep: 6.941012814945283
