vehicle:
  capacity: 103.05395066542387
  capacity_demand: 82.69258266855134
  charge_effi: 0.9870393422215966
  discharge_effi: 0.9009478467655002
  max_power: 34.71334223128872
  t_arr: 12.378037710406243
  t_dep: 8.369857540151754
