vehicle:
  capacity: 97.04007011593148
  capacity_demand: 71.69029437367305
  charge_effi: 0.9323934723150242
  discharge_effi: 0.7704904949398411
  max_power: 29.342760371474945
  t_arr: 14.65064929995691
  t_dep: 9.372256406142716
