vehicle:
  capacity: 113.4367128059101
  capacity_demand: 69.98258714222173
  charge_effi: 0.9607323838224678
  discharge_effi: 0.704911875913412
  max_power: 28.399549468375845
  t_arr: 12.998158011483596
  t_dep: 6.953213567059957
