vehicle:
  capacity: 106.03448009375535
  capacity_demand: 68.96859152004917
  charge_effi: 0.9781325680323542
  discharge_effi: 0.8667591151105136
  max_power: 27.902863033276876
  t_arr: 12.67867869343278
  t_dep: 9.297416852474274
