vehicle:
  capacity: 105.45040217885146
  capacity_demand: 85.43287219861121
  charge_effi: 0.8370214488142533
  discharge_effi: 0.899765623765077
  max_power: 30.258032105305414
  t_arr: 10.768732505814564
  t_dep: 6.575523255968766
