vehicle:
  capacity: 135.66879203357664
  capacity_demand: 81.04162691762876
  charge_effi: 0.8111644412060756
  discharge_effi: 0.7191887838462141
  max_power: 39.66303116410951
  t_arr: 13.080904760012327
  t_dep: 7.9376579085629535
