vehicle:
  capacity: 135.95974878005637
  capacity_demand: 91.32751297125553
  charge_effi: 0.9684447968461585
  discharge_effi: 0.7389461575993456
  max_power: 29.711538765087926
  t_arr: 12.112982963463082
  t_dep: 7.517872003257709
