vehicle:
  capacity: 95.62100803057352
  capacity_demand: 68.11442129127148
  charge_effi: 0.9516543197714409
  discharge_effi: 0.7863841341784559
  max_power: 29.96252946506601
  t_arr: 13.162428801505946
  t_dep: 8.205972441718265
