vehicle:
  capacity: 124.50705840568038
  capacity_demand: 66.98551649246545
  charge_effi: 1.080193381127681
  discharge_effi: 0.7623904292146967
  max_power: 27.91850443109455
  t_arr: 13.78797345408943
  t_dep: 6.576986620868522
