vehicle:
  capacity: 106.81368893947263
  capacity_demand: 81.40730449063933
  charge_effi: 1.2184873290623786
  discharge_effi: 0.8497939647992994
  max_power: 26.34564195587877
  t_arr: 11.022709453687545
  t_dep: 8.70352154859645
