vehicle:
  capacity: 117.47974821436638
  capacity_demand: 55.84762388603203
  charge_effi: 1.1304133173991178
  discharge_effi: 0.6469055363662332
  max_power: 28.998026106155223
  t_arr: 13.22809024686714
  t_dep: 7.777248923804877
