vehicle:
  capacity: 98.85787599059908
  capacity_demand: 79.91471355266644
  charge_effi: 0.9354473590408348
  discharge_effi: 0.804509917170558
  max_power: 29.48927678762888
  t_arr: 12.288115428502755
  t_dep: 7.969750300027931
