vehicle:
  capacity: 128.3230563582886
  capacity_demand: 75.70841792366417
  charge_effi: 1.1663457435768112
  discharge_effi: 0.7624271422863835
  max_power: 28.856128439603033
  t_arr: 13.159574357900425
  t_dep: 7.243802341231287
