vehicle:
  capacity: 140.26859890093556
  capacity_demand: 68.38913515095331
  charge_effi: 0.9445028215393255
  discharge_effi: 0.6452169916232549
  max_power: 32.6112839993065
  t_arr: 16.133661618350537
  t_dep: 8.794008434364873
