vehicle:
  capacity: 105.996541365884
  capacity_demand: 91.65939915932664
  charge_effi: 0.9739474512026227
  discharge_effi: 0.7533701804175174
  max_power: 40.020681617068725
  t_arr: 15.060468071032352
  t_dep: 10.431743726216455
