vehicle:
  capacity: 116.74096937936797
  capacity_demand: 77.73975997703457
  charge_effi: 0.997077098770311
  discharge_effi: 0.6676714009201932
  max_power: 29.95410911152481
  t_arr: 13.587553466843724
  t_dep: 8.673035829743927
