vehicle:
  capacity: 111.27560556662779
  capacity_demand: 73.49019570480617
  charge_effi: 1.0289554190063384
  discharge_effi: 0.5908237996095772
  max_power: 28.775144440560098
  t_arr: 16.203143027752944
  t_dep: 7.160809999085853
