vehicle:
  capacity: 135.41261434319483
  capacity_demand: 60.68771528059336
  charge_effi: 0.9793273337553844
  discharge_effi: 0.7817155346914612
  max_power: 26.12668516525585
  t_arr: 13.461508116511572
  t_dep: 5.6838444237087
