vehicle:
  capacity: 133.8223724922223
  capacity_demand: 69.34645352224221
  charge_effi: 0.9981121402626102
  discharge_effi: 0.6093437631406289
  max_power: 24.051527125599893
  t_arr: 14.400813866171944
  t_dep: 7.766725098453389
