vehicle:
  capacity: 150.60036056035872
  capacity_demand: 67.84464498642558
  charge_effi: 0.9590043440023863
  discharge_effi: 0.7234439809908542
  max_power: 35.13436878426875
  t_arr: 14.311086532731972
  t_dep: 8.922593546353294
