vehicle:
  capacity: 111.05247519620556
  capacity_demand: 67.73074593847961
  charge_effi: 0.8949027018466872
  discharge_effi: 0.6804354309092839
  max_power: 31.961374586421446
  t_arr: 14.8264540782919
  t_dep: 6.156667380581112
