vehicle:
  capacity: 150.030311305978
  capacity_demand: 66.56859078275053
  charge_effi: 1.01368881087942
  discharge_effi: 0.6591375446920709
  max_power: 31.60034769220848
  t_arr: 15.3793997091619
  t_dep: 6.411223400608673
