vehicle:
  capacity: 108.2277088838875
  capacity_demand: 81.84000229630277
  charge_effi: 0.9462430306095635
  discharge_effi: 0.8836240967011806
  max_power: 33.433541785825724
  t_arr: 12.6311085043777
  t_dep: 7.662946458363879
