vehicle:
  capacity: 119.66467809740693
  capacity_demand: 69.70805155399115
  charge_effi: 0.9703536071894973
  discharge_effi: 0.6131099213538309
  max_power: 32.38933632472932
  t_arr: 15.924881520270228
  t_dep: 8.088639750081477
