vehicle:
  capacity: 138.15461982125137
  capacity_demand: 70.87132405659003
  charge_effi: 1.0648456358593643
  discharge_effi: 0.7265786080255937
  max_power: 27.401457279024765
  t_arr: 13.847775748616044
  t_dep: 6.54017395012997
