vehicle:
  capacity: 112.06543902067484
  capacity_demand: 60.845177030626
  charge_effi: 0.8861453845090521
  discharge_effi: 0.7029973153175899
  max_power: 26.551054916178682
  t_arr: 17.372332529647338
  t_dep: 8.239304746835987
