vehicle:
  capacity: 141.31731515032504
  capacity_demand: 74.41311230511701
  charge_effi: 0.9037746398127912
  discharge_effi: 0.6940331660836987
  max_power: 31.207564563909862
  t_arr: 14.383788418045112
  t_dep: 7.138227264639635
