vehicle:
  capacity: 87.45136903180745
  capacity_demand: 65.95378345253103
  charge_effi: 0.9653629174763164
  discharge_effi: 0.6929328936437535
  max_power: 27.20777905014676
  t_arr: 13.147378523475973
  t_dep: 6.598703152876637
