vehicle:
  capacity: 141.01849019615764
  capacity_demand: 78.15889948756673
  charge_effi: 0.9541885557409872
  discharge_effi: 0.6047815156900581
  max_power: 33.092257835462576
  t_arr: 14.63496869365235
  t_dep: 8.112517987776307
