vehicle:
  capacity: 123.67740314141876
  capacity_demand: 64.19717650207897
  charge_effi: 1.0149758701926062
  discharge_effi: 0.715326279859527
  max_power: 28.5888459492087
  t_arr: 13.927853173852702
  t_dep: 7.553621354508624
