vehicle:
  capacity: 117.19005642067894
  capacity_demand: 63.48245528962355
  charge_effi: 1.0691307946688047
  discharge_effi: 0.7536808897757213
  max_power: 31.61541892695655
  t_arr: 12.734559479752688
  t_dep: 9.063084314039786
