vehicle:
  capacity: 139.15916823892377
  capacity_demand: 67.45935579664122
  charge_effi: 1.0460229094548896
  discharge_effi: 0.5920166876312719
  max_power: 30.003249681320245
  t_arr: 13.983233651396972
  t_dep: 8.413835509395813
