vehicle:
  capacity: 121.44687114419081
  capacity_demand: 77.10508049954252
  charge_effi: 1.049894965642022
  discharge_effi: 0.780683496231475
  max_power: 30.728055334322544
  t_arr: 12.883933605182317
  t_dep: 6.911833307269588
