vehicle:
  capacity: 126.16818601854816
  capacity_demand: 63.339480992828825
  charge_effi: 0.8925327731078251
  discharge_effi: 0.7993825278027102
  max_power: 31.405368146012602
  t_arr: 14.444679739296639
  t_dep: 8.015836085119547
