vehicle:
  capacity: 100.76229873797132
  capacity_demand: 89.15040864863508
  charge_effi: 1.1861539047994913
  discharge_effi: 0.8075695695755424
  max_power: 40.43713869306473
  t_arr: 12.382342577400165
  t_dep: 8.238456363409052
