vehicle:
  capacity: 139.98056812598173
  capacity_demand: 70.82784160058804
  charge_effi: 1.047289235098327
  discharge_effi: 0.6439602200220373
  max_power: 33.16492120089441
  t_arr: 12.154328450191427
  t_dep: 7.103195595091045
