vehicle:
  capacity: 124.65348910439225
  capacity_demand: 69.02391659655589
  charge_effi: 0.974363982974102
  discharge_effi: 0.7699167676384835
  max_power: 25.78930032213642
  t_arr: 13.475809593810352
  t_dep: 7.639249678479265
