vehicle:
  capacity: 138.76647854975283
  capacity_demand: 77.85223843063746
  charge_effi: 1.0757645497588029
  discharge_effi: 0.6546142640150648
  max_power: 32.49090331783032
  t_arr: 14.590820204525514
  t_dep: 7.793361882675254
