vehicle:
  capacity: 135.51927581495542
  capacity_demand: 72.8375995427772
  charge_effi: 1.0815558440629882
  discharge_effi: 0.5893914966565087
  max_power: 24.04394883052546
  t_arr: 13.892282705575354
  t_dep: 7.7048530664584245
