vehicle:
  capacity: 136.44246945854206
  capacity_demand: 73.76154666834286
  charge_effi: 0.8108770586642615
  discharge_effi: 0.7762780653369743
  max_power: 33.41281436758671
  t_arr: 14.09595879624567
  t_dep: 7.9999796564200185
