vehicle:
  capacity: 137.83738768924815
  capacity_demand: 76.98055368205331
  charge_effi: 0.9133030389853753
  discharge_effi: 0.8088277698624451
  max_power: 32.08163368931023
  t_arr: 11.525644975064044
  t_dep: 8.715962259113159
