vehicle:
  capacity: 114.5619087562514
  capacity_demand: 75.77043204003257
  charge_effi: 0.9114452059724832
  discharge_effi: 0.7852089312599054
  max_power: 31.99139110291346
  t_arr: 12.741138352497076
  t_dep: 9.186957828526396
