vehicle:
  capacity: 137.3751022013268
  capacity_demand: 76.52710228080495
  charge_effi: 0.8483709413033869
  discharge_effi: 0.7451880379064519
  max_power: 34.31614243983519
  t_arr: 13.09705676601914
  t_dep: 8.396953474991554
