vehicle:
  capacity: 119.36963480871165
  capacity_demand: 66.54004306205631
  charge_effi: 1.002883913571225
  discharge_effi: 0.6073217845324772
  max_power: 30.318013772424145
  t_arr: 14.461041571854581
  t_dep: 7.064472894444625
