vehicle:
  capacity: 132.46743437845072
  capacity_demand: 74.88517274674948
  charge_effi: 1.0921384538143863
  discharge_effi: 0.7523006529747076
  max_power: 31.469513689805254
  t_arr: 12.455576523241358
  t_dep: 6.9225380318437155
