vehicle:
  capacity: 120.31227787524804
  capacity_demand: 78.62925877060665
  charge_effi: 0.9696117355034068
  discharge_effi: 0.5869093753106275
  max_power: 32.12398485651148
  t_arr: 13.932062487447343
  t_dep: 6.833981290520942
