vehicle:
  capacity: 111.10554136125758
  capacity_demand: 71.44620907644209
  charge_effi: 0.9774645220398066
  discharge_effi: 0.8575167652143585
  max_power: 27.977684194412774
  t_arr: 14.403635543533413
  t_dep: 8.447210287434785
