vehicle:
  capacity: 128.1325433630068
  capacity_demand: 71.2792942692919
  charge_effi: 1.0223523643969001
  discharge_effi: 0.7440421547891408
  max_power: 32.120718886642166
  t_arr: 11.82000631193906
  t_dep: 5.9951987184994655
