vehicle:
  capacity: 135.28628236314242
  capacity_demand: 74.85116241999543
  charge_effi: 1.01236007729044
  discharge_effi: 0.7564106867261852
  max_power: 31.18221123872545
  t_arr: 13.544647095433984
  t_dep: 8.608580955106039
