vehicle:
  capacity: 123.30118964578972
  capacity_demand: 72.05399901005396
  charge_effi: 0.9512701512532697
  discharge_effi: 0.586761743090517
  max_power: 30.68620348037779
  t_arr: 13.81763694863165
  t_dep: 8.140553345013904
