vehicle:
  capacity: 135.52976088929677
  capacity_demand: 77.77916712555951
  charge_effi: 0.9573859533374934
  discharge_effi: 0.7269807902911668
  max_power: 30.227773263716
  t_arr: 11.413732927778462
  t_dep: 7.450669052220286
