vehicle:
  capacity: 154.27381121555632
  capacity_demand: 71.73434858447233
  charge_effi: 0.9853577961544946
  discharge_effi: 0.76249786422493
  max_power: 26.09500432413682
  t_arr: 15.132419733739972
  t_dep: 6.017205690514457
