vehicle:
  capacity: 137.59281029755672
  capacity_demand: 79.00176311511693
  charge_effi: 0.8825462403228904
  discharge_effi: 0.7367086431802026
  max_power: 30.94980292919553
  t_arr: 15.647957397091444
  t_dep: 7.566530512881052
