vehicle:
  capacity: 111.01798504848453
  capacity_demand: 80.49267665695855
  charge_effi: 0.9601143202875617
  discharge_effi: 0.5805870502896627
  max_power: 30.600400712886078
  t_arr: 15.247303960683412
  t_dep: 8.610817404498913
