vehicle:
  capacity: 113.9241510611315
  capacity_demand: 81.77136048778823
  charge_effi: 1.073353237252755
  discharge_effi: 0.7915303572056588
  max_power: 29.62513108596529
  t_arr: 14.633849954132055
  t_dep: 7.043022056285897
