vehicle:
  capacity: 119.80399267529927
  capacity_demand: 77.12813739115623
  charge_effi: 1.0214783458660748
  discharge_effi: 0.8389456574344553
  max_power: 32.35349612961646
  t_arr: 13.909204693254669
  t_dep: 9.287782503070751
