vehicle:
  capacity: 124.96096305291616
  capacity_demand: 72.53649275806617
  charge_effi: 1.07030853439631
  discharge_effi: 0.6562282310201988
  max_power: 26.905686508561732
  t_arr: 15.500302299736354
  t_dep: 8.355466540954332
