vehicle:
  capacity: 113.72277739681485
  capacity_demand: 84.52955311251998
  charge_effi: 1.1623537617361772
  discharge_effi: 0.7329927384548236
  max_power: 37.59948367177192
  t_arr: 14.236856282837856
  t_dep: 7.4900041467539635
