vehicle:
  capacity: 131.59778577294375
  capacity_demand: 69.35062950479004
  charge_effi: 0.951863590370407
  discharge_effi: 0.7203304816772041
  max_power: 27.465223660954987
  t_arr: 12.390478376960713
  t_dep: 7.576795493190726
