vehicle:
  capacity: 118.58389598881332
  capacity_demand: 67.82243331539783
  charge_effi: 0.9577932484205298
  discharge_effi: 0.668734648805618
  max_power: 27.70314874675234
  t_arr: 14.386448378406646
  t_dep: 7.713858701213551
