vehicle:
  capacity: 113.40068953832389
  capacity_demand: 70.30317157271323
  charge_effi: 0.9674659109080418
  discharge_effi: 0.7891308917463961
  max_power: 27.4378023903271
  t_arr: 13.322714177652282
  t_dep: 9.203529709607713
