vehicle:
  capacity: 117.64812645941508
  capacity_demand: 78.72411604877493
  charge_effi: 0.9925550868805177
  discharge_effi: 0.772539325683581
  max_power: 31.89150002389443
  t_arr: 13.918938545113477
  t_dep: 8.53032666844459
