vehicle:
  capacity: 125.81688806583784
  capacity_demand: 69.30038120201394
  charge_effi: 0.9598592517984575
  discharge_effi: 0.7018248735862271
  max_power: 31.629643129262785
  t_arr: 14.117575206015793
  t_dep: 7.608381211596825
