vehicle:
  capacity: 115.49938954868536
  capacity_demand: 67.6508714552529
  charge_effi: 1.029600835433861
  discharge_effi: 0.6487357921918383
  max_power: 25.718599184047648
  t_arr: 12.59570048571169
  t_dep: 6.311073641668586
