vehicle:
  capacity: 101.53350611307073
  capacity_demand: 64.94699200388567
  charge_effi: 1.018033035674152
  discharge_effi: 0.6568617267218158
  max_power: 28.736222823312513
  t_arr: 13.642011222905113
  t_dep: 7.373116456220112
