vehicle:
  capacity: 139.72908051662986
  capacity_demand: 80.48443048093584
  charge_effi: 0.9400159926594145
  discharge_effi: 0.6995154620099993
  max_power: 32.263198502095356
  t_arr: 13.185571238157161
  t_dep: 6.896452287941487
