vehicle:
  capacity: 126.69240969342756
  capacity_demand: 70.99441072737692
  charge_effi: 1.144420063235075
  discharge_effi: 0.7012933957311454
  max_power: 33.585018832476614
  t_arr: 12.43283779829906
  t_dep: 9.124438480277957
