vehicle:
  capacity: 118.19602998626905
  capacity_demand: 76.08469898752122
  charge_effi: 0.8749424049594765
  discharge_effi: 0.6733147221311981
  max_power: 27.430390667463406
  t_arr: 13.930120713294396
  t_dep: 7.254042670795762
