vehicle:
  capacity: 136.18714575248643
  capacity_demand: 81.10299725467644
  charge_effi: 0.9574593932853962
  discharge_effi: 0.721884282699809
  max_power: 26.355080406710666
  t_arr: 14.693440005297775
  t_dep: 6.635459587372982
