vehicle:
  capacity: 136.5666223517896
  capacity_demand: 63.67633351132794
  charge_effi: 0.7998735608490148
  discharge_effi: 0.7624480028540638
  max_power: 30.80189659779513
  t_arr: 16.321140608632593
  t_dep: 6.948970461083316
