vehicle:
  capacity: 116.4740580191751
  capacity_demand: 68.59072065496308
  charge_effi: 0.9569594458460189
  discharge_effi: 0.7166168739695958
  max_power: 27.93693673529335
  t_arr: 12.283867877444456
  t_dep: 8.913335144551473
