vehicle:
  capacity: 106.53623185887912
  capacity_demand: 84.06049930767223
  charge_effi: 0.7690789315461255
  discharge_effi: 0.7104422342442047
  max_power: 35.51352734194805
  t_arr: 13.58805725083665
  t_dep: 8.483937195523461
