vehicle:
  capacity: 118.1470025178268
  capacity_demand: 92.4202919787012
  charge_effi: 0.8765608203339644
  discharge_effi: 0.7075696432783313
  max_power: 26.17151365667935
  t_arr: 12.357373587655442
  t_dep: 10.137569856538525
