vehicle:
  capacity: 128.38466434826367
  capacity_demand: 76.18478976775134
  charge_effi: 0.9173724473066054
  discharge_effi: 0.8192521977035191
  max_power: 37.00043914977856
  t_arr: 13.366044232729578
  t_dep: 9.466275497652338
