vehicle:
  capacity: 115.48688394544119
  capacity_demand: 69.19919599976957
  charge_effi: 1.0743403400705342
  discharge_effi: 0.58138126644097
  max_power: 32.81282431255507
  t_arr: 14.138930698850924
  t_dep: 8.829241331549365
