vehicle:
  capacity: 120.7827064857358
  capacity_demand: 69.88614882357497
  charge_effi: 0.964795331764954
  discharge_effi: 0.6913196742363367
  max_power: 27.686262916387182
  t_arr: 14.24955301844365
  t_dep: 6.8697085219485965
