vehicle:
  capacity: 99.21143447953293
  capacity_demand: 92.45224766071566
  charge_effi: 0.9453520827576749
  discharge_effi: 0.7468154155774698
  max_power: 34.370071225929145
  t_arr: 11.89099927434491
  t_dep: 8.788988516221378
