vehicle:
  capacity: 131.32091659045736
  capacity_demand: 76.82205795145126
  charge_effi: 0.9133602712175257
  discharge_effi: 0.6229297019145354
  max_power: 36.79423402991444
  t_arr: 15.614988797406252
  t_dep: 7.519132848739399
