vehicle:
  capacity: 116.75265221994765
  capacity_demand: 79.04988486483448
  charge_effi: 1.1228280430625588
  discharge_effi: 0.6457982921728448
  max_power: 35.196397513881166
  t_arr: 13.13662646694949
  t_dep: 9.188244819791228
