vehicle:
  capacity: 109.63022651923588
  capacity_demand: 81.49362670377486
  charge_effi: 0.8877476528136776
  discharge_effi: 0.6864209673891712
  max_power: 40.55489620519157
  t_arr: 13.208269720335114
  t_dep: 8.804144856899748
