vehicle:
  capacity: 113.91638517964498
  capacity_demand: 87.15136543325697
  charge_effi: 1.1182174503770732
  discharge_effi: 0.5627184282884704
  max_power: 30.81576045729316
  t_arr: 13.201071142780338
  t_dep: 10.044694940616875
