vehicle:
  capacity: 130.73617015265285
  capacity_demand: 62.326958484879924
  charge_effi: 0.8721130041270533
  discharge_effi: 0.651926142015237
  max_power: 30.922912883172398
  t_arr: 14.649173078310126
  t_dep: 8.623138955966976
