vehicle:
  capacity: 125.12275766185142
  capacity_demand: 73.11703675101425
  charge_effi: 1.0063773741398487
  discharge_effi: 0.6269123606499408
  max_power: 28.61545975821987
  t_arr: 12.346227920839029
  t_dep: 7.3918829455468815
