vehicle:
  capacity: 95.28652505828425
  capacity_demand: 76.30866712660767
  charge_effi: 1.036405100850984
  discharge_effi: 0.6930466712110294
  max_power: 32.72331395449564
  t_arr: 15.013368569260308
  t_dep: 9.489280356145548
