vehicle:
  capacity: 119.4837596326562
  capacity_demand: 84.39916310061156
  charge_effi: 0.9536834074212127
  discharge_effi: 0.6919251207953616
  max_power: 33.82849649375276
  t_arr: 15.061045581515206
  t_dep: 6.830296665923967
