vehicle:
  capacity: 113.8303331268984
  capacity_demand: 77.20018848646362
  charge_effi: 1.055519944963645
  discharge_effi: 0.6064982512277445
  max_power: 29.95925733913826
  t_arr: 13.661348211282922
  t_dep: 7.26186667622872
