vehicle:
  capacity: 118.11034917554328
  capacity_demand: 72.0976359882117
  charge_effi: 0.9385187551064282
  discharge_effi: 0.7195986975647967
  max_power: 25.97098310819982
  t_arr: 14.13720847659335
  t_dep: 7.281502429267078
