vehicle:
  capacity: 114.54808258679003
  capacity_demand: 61.668144010799224
  charge_effi: 0.9398580211964258
  discharge_effi: 0.7387627638078026
  max_power: 24.513347821743203
  t_arr: 14.883481685192294
  t_dep: 7.774268654765812
