vehicle:
  capacity: 114.18427366029051
  capacity_demand: 76.4921362301772
  charge_effi: 1.0257661159910945
  discharge_effi: 0.838697262432526
  max_power: 36.28851686401233
  t_arr: 12.038520049811147
  t_dep: 9.71921201156002
