vehicle:
  capacity: 117.70833908647735
  capacity_demand: 62.709323509460006
  charge_effi: 0.961132131001138
  discharge_effi: 0.7725123009153403
  max_power: 36.469114373149864
  t_arr: 11.93907393092712
  t_dep: 7.943895768858631
