vehicle:
  capacity: 94.54953403914124
  capacity_demand: 85.44071670441639
  charge_effi: 0.8965378278811283
  discharge_effi: 0.8137758861337526
  max_power: 32.550599364637186
  t_arr: 12.702454401923584
  t_dep: 7.970525275620922
