vehicle:
  capacity: 123.5622061535872
  capacity_demand: 67.12825126826813
  charge_effi: 1.0346077019423625
  discharge_effi: 0.7830263038917179
  max_power: 30.917297683795987
  t_arr: 15.50953089052371
  t_dep: 7.417692647087468
