vehicle:
  capacity: 122.28259541048116
  capacity_demand: 70.30543830969236
  charge_effi: 0.9980791618951924
  discharge_effi: 0.7329444337045702
  max_power: 33.96900118350497
  t_arr: 11.412342020520153
  t_dep: 8.54114485359666
