vehicle:
  capacity: 128.95583033959477
  capacity_demand: 62.16646064288685
  charge_effi: 0.968309358628262
  discharge_effi: 0.6923846294049364
  max_power: 27.569456051744922
  t_arr: 15.66160313795274
  t_dep: 6.994812028671917
