vehicle:
  capacity: 131.1567823417547
  capacity_demand: 68.79351797451034
  charge_effi: 1.0089590509384088
  discharge_effi: 0.7975246716395846
  max_power: 31.176518118399137
  t_arr: 14.819603229550214
  t_dep: 7.370806288052532
