vehicle:
  capacity: 107.05118919959438
  capacity_demand: 71.58376152705051
  charge_effi: 0.9010074247042865
  discharge_effi: 0.580246570215461
  max_power: 33.24162455984638
  t_arr: 13.908552428024496
  t_dep: 7.854495780755081
