vehicle:
  capacity: 126.53275094717574
  capacity_demand: 67.17187596232783
  charge_effi: 0.8064198246974318
  discharge_effi: 0.8215346385917826
  max_power: 30.610472277533603
  t_arr: 13.812102304589947
  t_dep: 7.59762821604452
