vehicle:
  capacity: 130.81442676934628
  capacity_demand: 60.13065927573835
  charge_effi: 0.9954217600375823
  discharge_effi: 0.6382812100464585
  max_power: 34.2590551808969
  t_arr: 12.376740122112297
  t_dep: 7.962758705274046
