vehicle:
  capacity: 101.50689737356076
  capacity_demand: 75.13744685265662
  charge_effi: 1.0617815953119518
  discharge_effi: 0.8435776285615462
  max_power: 31.833663063192386
  t_arr: 12.286706982437764
  t_dep: 7.482641133561128
