vehicle:
  capacity: 111.68543909581827
  capacity_demand: 75.77596163695193
  charge_effi: 0.9116619963480649
  discharge_effi: 0.793391034519722
  max_power: 25.86987784505734
  t_arr: 13.513246530430463
  t_dep: 8.274633129802647
