vehicle:
  capacity: 103.03796303276505
  capacity_demand: 94.01128641731138
  charge_effi: 1.0041987307801603
  discharge_effi: 0.7157701953905489
  max_power: 25.066760355020094
  t_arr: 13.735852761969568
  t_dep: 9.069988600735861
