vehicle:
  capacity: 128.37078071800124
  capacity_demand: 71.6439010949585
  charge_effi: 1.1192715359598797
  discharge_effi: 0.755445343147406
  max_power: 30.445593432487055
  t_arr: 13.580975747843771
  t_dep: 6.215269701727912
