vehicle:
  capacity: 118.1566871901049
  capacity_demand: 77.50711767130365
  charge_effi: 0.9569465876824392
  discharge_effi: 0.8250798930993537
  max_power: 33.34719582452367
  t_arr: 10.866687172806927
  t_dep: 8.441931089795759
