vehicle:
  capacity: 143.23290569708274
  capacity_demand: 80.0827081294995
  charge_effi: 0.9394748154744667
  discharge_effi: 0.7470972541279415
  max_power: 28.946294499618833
  t_arr: 10.918204981144138
  t_dep: 7.057737992405374
