vehicle:
  capacity: 113.66488538266813
  capacity_demand: 77.8296489188011
  charge_effi: 1.1307466358898324
  discharge_effi: 0.6849849228246696
  max_power: 33.837614363843464
  t_arr: 13.65190246098824
  t_dep: 8.208122316088444
