vehicle:
  capacity: 110.42200326407139
  capacity_demand: 70.58907974609998
  charge_effi: 0.9145253641967223
  discharge_effi: 0.8225761192703817
  max_power: 31.085797010179157
  t_arr: 16.723350142772745
  t_dep: 8.858518717859793
