vehicle:
  capacity: 117.92994277447231
  capacity_demand: 75.56138660033223
  charge_effi: 0.875327332715044
  discharge_effi: 0.6693482473850558
  max_power: 28.79965134321494
  t_arr: 15.010682070851177
  t_dep: 6.518305038981131
