vehicle:
  capacity: 136.07654495084955
  capacity_demand: 76.31764294973864
  charge_effi: 1.1735109110733404
  discharge_effi: 0.6561929932437824
  max_power: 31.20870836422094
  t_arr: 11.681342300059573
  t_dep: 7.522232370032216
