vehicle:
  capacity: 127.77148372168988
  capacity_demand: 64.62745065611112
  charge_effi: 1.0293516903634374
  discharge_effi: 0.7040040975249815
  max_power: 36.874252698437346
  t_arr: 14.80268829838673
  t_dep: 6.730021972581619
