vehicle:
  capacity: 124.25088981684904
  capacity_demand: 68.89885287016958
  charge_effi: 1.166426735205038
  discharge_effi: 0.7689400295393034
  max_power: 37.86493545907446
  t_arr: 12.644104195280347
  t_dep: 8.225460823952357
