vehicle:
  capacity: 142.86204117106627
  capacity_demand: 63.27413607802709
  charge_effi: 0.9759286423933996
  discharge_effi: 0.615880566696167
  max_power: 30.401555627620954
  t_arr: 16.103971747706414
  t_dep: 9.398562146789548
