vehicle:
  capacity: 112.02432622171202
  capacity_demand: 84.28387499644849
  charge_effi: 0.9243583837481296
  discharge_effi: 0.7688427380271666
  max_power: 26.695011094790402
  t_arr: 12.402459247573455
  t_dep: 8.70756672077507
