vehicle:
  capacity: 125.9638498169787
  capacity_demand: 78.44607908389867
  charge_effi: 1.0430935394415832
  discharge_effi: 0.6881106290536293
  max_power: 32.5082081777898
  t_arr: 13.6810622096743
  t_dep: 7.568084882181303
