vehicle:
  capacity: 122.23939743747533
  capacity_demand: 60.98433338825914
  charge_effi: 1.05387605669973
  discharge_effi: 0.6831102361044895
  max_power: 32.327331120545985
  t_arr: 14.392754251761506
  t_dep: 6.798381227850683
