vehicle:
  capacity: 137.2139463821798
  capacity_demand: 70.48666931513881
  charge_effi: 1.0913653025026173
  discharge_effi: 0.6054191280297658
  max_power: 28.26816101745111
  t_arr: 13.293979915920243
  t_dep: 7.797775589343011
