vehicle:
  capacity: 122.32534923178214
  capacity_demand: 68.05242828656488
  charge_effi: 1.1084236547624728
  discharge_effi: 0.8199278407567955
  max_power: 32.11532675004545
  t_arr: 12.255504483003023
  t_dep: 8.279023899932502
