vehicle:
  capacity: 146.7882483133537
  capacity_demand: 69.58675210937186
  charge_effi: 0.8636141699949408
  discharge_effi: 0.7055375200129262
  max_power: 26.41521353883141
  t_arr: 13.104743966481161
  t_dep: 7.691030915114348
