vehicle:
  capacity: 120.53044741142345
  capacity_demand: 97.46165516735972
  charge_effi: 1.0997460276434163
  discharge_effi: 0.7476659113789209
  max_power: 29.55986935352167
  t_arr: 12.383250231889791
  t_dep: 8.021341538420835
