vehicle:
  capacity: 100.83809291860881
  capacity_demand: 77.97722558378314
  charge_effi: 0.9976926552803309
  discharge_effi: 0.8183758879270366
  max_power: 30.364468705989104
  t_arr: 12.98037333100647
  t_dep: 7.940184219906792
