vehicle:
  capacity: 97.53938085432081
  capacity_demand: 82.40952848392826
  charge_effi: 1.0160007250871756
  discharge_effi: 0.7157417093202055
  max_power: 29.173313903714803
  t_arr: 12.73551292083943
  t_dep: 8.021506106660334
