vehicle:
  capacity: 144.06854095089307
  capacity_demand: 75.74824818067715
  charge_effi: 1.019565031743525
  discharge_effi: 0.6211014195167883
  max_power: 26.302949009499248
  t_arr: 15.17254017026599
  t_dep: 7.929465124003655
