vehicle:
  capacity: 109.47839488089498
  capacity_demand: 98.88600018420563
  charge_effi: 1.0294599041781458
  discharge_effi: 0.8720008670293787
  max_power: 33.74557342044758
  t_arr: 10.512885253960063
  t_dep: 7.924966606735875
