vehicle:
  capacity: 133.36104195869473
  capacity_demand: 83.29228821855604
  charge_effi: 0.9893375129966826
  discharge_effi: 0.8360246117868908
  max_power: 37.870451725755366
  t_arr: 11.980332430732199
  t_dep: 9.302717127663673
