vehicle:
  capacity: 136.9457088664107
  capacity_demand: 63.23479005110675
  charge_effi: 0.9199214175323881
  discharge_effi: 0.6600480506820012
  max_power: 26.74313335151194
  t_arr: 14.497287996514606
  t_dep: 6.415553615746432
