vehicle:
  capacity: 87.7802584061691
  capacity_demand: 72.40247440184439
  charge_effi: 0.9597464642651936
  discharge_effi: 0.5770136720393233
  max_power: 38.37827919690287
  t_arr: 12.707727283929483
  t_dep: 8.705602847560206
