vehicle:
  capacity: 146.0825014450136
  capacity_demand: 85.84095890966576
  charge_effi: 1.0356590355717992
  discharge_effi: 0.7669229593755527
  max_power: 29.281648430286054
  t_arr: 13.731578548101439
  t_dep: 7.3278410233554165
