vehicle:
  capacity: 108.60607254800948
  capacity_demand: 86.52202151799803
  charge_effi: 1.1398602838679723
  discharge_effi: 0.7201626572755159
  max_power: 28.07747981458765
  t_arr: 14.744471384348856
  t_dep: 8.676005436675382
