vehicle:
  capacity: 97.30654196273761
  capacity_demand: 77.41738327991129
  charge_effi: 1.0273861509611681
  discharge_effi: 0.7904280029129813
  max_power: 32.119593997680134
  t_arr: 12.821578152928572
  t_dep: 8.320215016691149
