vehicle:
  capacity: 96.48339060454603
  capacity_demand: 69.25116853274963
  charge_effi: 0.9109104643968907
  discharge_effi: 0.7675308259240046
  max_power: 34.229967606528476
  t_arr: 13.194599031161593
  t_dep: 8.985859727898847
