vehicle:
  capacity: 135.27136604861994
  capacity_demand: 60.28377085007284
  charge_effi: 1.0181866298236988
  discharge_effi: 0.739469940802141
  max_power: 29.38803264445005
  t_arr: 14.641511693554301
  t_dep: 7.628540911953094
