vehicle:
  capacity: 95.43041499873435
  capacity_demand: 82.13769119272757
  charge_effi: 1.0882238835783231
  discharge_effi: 0.7589143721646069
  max_power: 30.98232535632247
  t_arr: 14.774710342609733
  t_dep: 8.520211857156637
