vehicle:
  capacity: 115.4536145536879
  capacity_demand: 65.14769941072412
  charge_effi: 0.977283700008526
  discharge_effi: 0.5947687069662317
  max_power: 31.440813597730443
  t_arr: 15.27040904268006
  t_dep: 7.657134795799481
