vehicle:
  capacity: 104.16232495852684
  capacity_demand: 61.33250248104292
  charge_effi: 1.1274124195989934
  discharge_effi: 0.632544438198407
  max_power: 29.463805337055362
  t_arr: 13.453610153638877
  t_dep: 7.261525255664398
