vehicle:
  capacity: 73.20756788000632
  capacity_demand: 84.0557190039524
  charge_effi: 1.0099960002719115
  discharge_effi: 0.7301573641507006
  max_power: 34.34301547027596
  t_arr: 11.561013939109776
  t_dep: 8.221761437216383
