vehicle:
  capacity: 136.33982009692062
  capacity_demand: 55.254413165070716
  charge_effi: 0.9353450556556991
  discharge_effi: 0.67999158745544
  max_power: 30.600480625026005
  t_arr: 14.625127529991591
  t_dep: 8.095974338434418
