vehicle:
  capacity: 100.74570475426749
  capacity_demand: 87.76100381941761
  charge_effi: 0.9268055408737127
  discharge_effi: 0.7252849621005225
  max_power: 27.706825840345818
  t_arr: 12.879149259990978
  t_dep: 7.70033689785247
