vehicle:
  capacity: 91.00678971355805
  capacity_demand: 78.38846025880136
  charge_effi: 0.9804396716029387
  discharge_effi: 0.8424269820914504
  max_power: 32.6981185524672
  t_arr: 14.535977089555635
  t_dep: 8.176850047095378
