vehicle:
  capacity: 100.9830157500082
  capacity_demand: 84.44219645224453
  charge_effi: 0.933520858360041
  discharge_effi: 0.6865667823223545
  max_power: 34.65711819196163
  t_arr: 12.64779733330027
  t_dep: 7.664970849609471
