vehicle:
  capacity: 129.72611255835014
  capacity_demand: 89.2461826739922
  charge_effi: 0.982489658991535
  discharge_effi: 0.7140467180340065
  max_power: 38.081027136717694
  t_arr: 13.935042349795467
  t_dep: 9.40708323880013
