vehicle:
  capacity: 117.72115321029395
  capacity_demand: 76.18188424466858
  charge_effi: 0.9979415155703654
  discharge_effi: 0.6727956163796374
  max_power: 32.13690583882683
  t_arr: 11.34644053765657
  t_dep: 8.011491214369693
