vehicle:
  capacity: 125.56292058292833
  capacity_demand: 82.71482032368188
  charge_effi: 1.1046531612364778
  discharge_effi: 0.7644049178316765
  max_power: 28.81923612706119
  t_arr: 13.782784823344512
  t_dep: 8.610318122341805
