vehicle:
  capacity: 85.79257908515454
  capacity_demand: 76.43613935149862
  charge_effi: 1.0976643242871995
  discharge_effi: 0.6139422466825714
  max_power: 34.508543903080806
  t_arr: 12.350978184910202
  t_dep: 9.090706040553412
