vehicle:
  capacity: 113.21636122139145
  capacity_demand: 80.24107149463597
  charge_effi: 0.9814562563219893
  discharge_effi: 0.5539507256565205
  max_power: 36.932721224170926
  t_arr: 12.260256845906422
  t_dep: 8.125508582462764
