vehicle:
  capacity: 105.85308487551518
  capacity_demand: 80.71802733802302
  charge_effi: 0.9205812470099652
  discharge_effi: 0.649436812160371
  max_power: 33.84498522546204
  t_arr: 12.06645804817062
  t_dep: 9.0237829793777
