vehicle:
  capacity: 148.00419361427456
  capacity_demand: 81.66196378255643
  charge_effi: 0.9668461180412096
  discharge_effi: 0.6855581932769458
  max_power: 27.296571992013966
  t_arr: 12.473573618753884
  t_dep: 6.468265034977737
