vehicle:
  capacity: 117.05944322833645
  capacity_demand: 91.14268870072434
  charge_effi: 1.2268610274117309
  discharge_effi: 0.7588153722376912
  max_power: 32.959617606552065
  t_arr: 11.845725119782516
  t_dep: 11.377340360637442
