vehicle:
  capacity: 130.58484070774935
  capacity_demand: 60.228697411640994
  charge_effi: 0.7249197971976107
  discharge_effi: 0.6536416334700662
  max_power: 31.18831924716366
  t_arr: 16.72386323365037
  t_dep: 6.953714519398675
