vehicle:
  capacity: 147.31004323176967
  capacity_demand: 84.23953503124213
  charge_effi: 1.1044895610759125
  discharge_effi: 0.733605708959757
  max_power: 27.790995814870314
  t_arr: 15.625263311293374
  t_dep: 7.789986832281691
