vehicle:
  capacity: 119.33005662043391
  capacity_demand: 90.72738470668952
  charge_effi: 0.9038316055618799
  discharge_effi: 0.8505458883109465
  max_power: 30.03710565184067
  t_arr: 13.298011767243226
  t_dep: 7.6437893278253926
