vehicle:
  capacity: 100.78142980176597
  capacity_demand: 80.47843389713665
  charge_effi: 0.9978669184412671
  discharge_effi: 0.6552280540144156
  max_power: 35.0234250057961
  t_arr: 12.488005915072554
  t_dep: 7.8825669877547675
