vehicle:
  capacity: 122.1911272233571
  capacity_demand: 71.72949403197963
  charge_effi: 1.1241445152619194
  discharge_effi: 0.5963149944917547
  max_power: 29.385072312823596
  t_arr: 14.270149860865539
  t_dep: 7.901273313105715
