vehicle:
  capacity: 116.18791670477431
  capacity_demand: 75.25550849836442
  charge_effi: 1.0844122019301812
  discharge_effi: 0.7117624252171092
  max_power: 31.74375443329288
  t_arr: 14.711145291751919
  t_dep: 9.043016365833004
