vehicle:
  capacity: 127.33569434872258
  capacity_demand: 73.97680616029487
  charge_effi: 0.8635710585495227
  discharge_effi: 0.7333206618263163
  max_power: 27.59391386425636
  t_arr: 10.659318803338271
  t_dep: 7.187493482451884
