vehicle:
  capacity: 161.61444518887689
  capacity_demand: 66.0822039364857
  charge_effi: 0.8154277889869305
  discharge_effi: 0.7145524914560722
  max_power: 30.604887185887755
  t_arr: 13.485679395393815
  t_dep: 6.111004761770617
