vehicle:
  capacity: 126.54058279462477
  capacity_demand: 69.81142192820688
  charge_effi: 1.0381274908657567
  discharge_effi: 0.5590447899229163
  max_power: 28.31669100131484
  t_arr: 14.479641505954197
  t_dep: 8.251272666768276
