vehicle:
  capacity: 112.59614166776949
  capacity_demand: 65.30459463362331
  charge_effi: 1.040822200966233
  discharge_effi: 0.7246848859956093
  max_power: 32.37537309128926
  t_arr: 10.771418278299926
  t_dep: 8.41163976299645
