vehicle:
  capacity: 107.28380478175355
  capacity_demand: 83.92495622310379
  charge_effi: 1.0775096908910768
  discharge_effi: 0.7616023612807787
  max_power: 31.76306693706278
  t_arr: 13.662186243669817
  t_dep: 7.966584988280436
