vehicle:
  capacity: 119.37749286449404
  capacity_demand: 72.36968640441586
  charge_effi: 1.0950238751673855
  discharge_effi: 0.7926185974141811
  max_power: 33.093751567280194
  t_arr: 12.697612135768964
  t_dep: 7.837972849041272
