vehicle:
  capacity: 119.52020146632825
  capacity_demand: 65.07944080133689
  charge_effi: 1.0371725888152719
  discharge_effi: 0.7172098767874283
  max_power: 33.54906927276787
  t_arr: 13.488393405531697
  t_dep: 7.062774629220581
