vehicle:
  capacity: 116.02752817117792
  capacity_demand: 74.38104534275547
  charge_effi: 0.6339469357329244
  discharge_effi: 0.670171298981883
  max_power: 29.10288942330705
  t_arr: 14.11078176082807
  t_dep: 7.693760194411034
