vehicle:
  capacity: 101.04321828250376
  capacity_demand: 92.83116576588047
  charge_effi: 0.9434703923082517
  discharge_effi: 0.8850292684956331
  max_power: 39.75368162604572
  t_arr: 14.748364147168926
  t_dep: 8.816654997737682
