vehicle:
  capacity: 143.78824057343837
  capacity_demand: 50.29797750652925
  charge_effi: 1.020299347386913
  discharge_effi: 0.7297765973272368
  max_power: 31.841014677254375
  t_arr: 13.663277873527843
  t_dep: 9.131134106894962
