vehicle:
  capacity: 107.26134855028819
  capacity_demand: 68.11280109900527
  charge_effi: 1.0145187346743112
  discharge_effi: 0.6465594748679098
  max_power: 31.300432655007384
  t_arr: 14.231083319745029
  t_dep: 8.270169182054268
