vehicle:
  capacity: 124.50633577137445
  capacity_demand: 78.77008023622083
  charge_effi: 0.9750989808238311
  discharge_effi: 0.696044082466017
  max_power: 32.80950204918419
  t_arr: 11.765708080639223
  t_dep: 7.64580782207666
