vehicle:
  capacity: 112.3748204656927
  capacity_demand: 66.11303098988242
  charge_effi: 0.9147727654267274
  discharge_effi: 0.7211190696286832
  max_power: 27.946291890635415
  t_arr: 13.747916977356384
  t_dep: 7.755799886089483
