vehicle:
  capacity: 146.18388413429352
  capacity_demand: 71.85279604797589
  charge_effi: 0.9636599943135498
  discharge_effi: 0.7219592712165251
  max_power: 38.09162497254859
  t_arr: 16.489702939218915
  t_dep: 6.867217063151077
