vehicle:
  capacity: 110.38748513883033
  capacity_demand: 88.28869491477371
  charge_effi: 0.8919446052106983
  discharge_effi: 0.7071908679114465
  max_power: 39.23928572888895
  t_arr: 13.835072658417964
  t_dep: 8.31707521378886
