vehicle:
  capacity: 129.78603729163984
  capacity_demand: 93.92677024287738
  charge_effi: 1.0106028730291805
  discharge_effi: 0.7237265722904971
  max_power: 32.45743863359681
  t_arr: 13.73322432237495
  t_dep: 8.995160581900048
