vehicle:
  capacity: 129.52738420205537
  capacity_demand: 73.23334691870178
  charge_effi: 1.0757310618070521
  discharge_effi: 0.6607323339149662
  max_power: 29.36177564415583
  t_arr: 14.115048745057258
  t_dep: 7.8804756084216105
