vehicle:
  capacity: 114.96044342170362
  capacity_demand: 68.54166957353127
  charge_effi: 0.9046401217944282
  discharge_effi: 0.6677679593562983
  max_power: 27.202936495794468
  t_arr: 12.971428348627592
  t_dep: 8.364897227273781
