vehicle:
  capacity: 118.5273689094804
  capacity_demand: 78.51191942800477
  charge_effi: 1.0901593407859222
  discharge_effi: 0.8293968686673532
  max_power: 26.859308175930508
  t_arr: 14.374725361132782
  t_dep: 8.070263631754766
