vehicle:
  capacity: 119.1537875202234
  capacity_demand: 82.80803747053035
  charge_effi: 1.1037182571202053
  discharge_effi: 0.7528388800072227
  max_power: 26.182279165723177
  t_arr: 13.909265158998261
  t_dep: 8.981395082147564
