vehicle:
  capacity: 117.74902171188975
  capacity_demand: 73.51232942487998
  charge_effi: 0.937774279004851
  discharge_effi: 0.7329404660644189
  max_power: 28.556298976824323
  t_arr: 12.227601137878748
  t_dep: 7.945032438551053
