vehicle:
  capacity: 140.5002370684528
  capacity_demand: 67.04917411831813
  charge_effi: 0.9759992895886053
  discharge_effi: 0.7535990477554079
  max_power: 29.203349623682858
  t_arr: 15.089496539786944
  t_dep: 7.840254723357978
