vehicle:
  capacity: 117.08184817824187
  capacity_demand: 60.09977664473149
  charge_effi: 0.953490693344145
  discharge_effi: 0.5934156662511997
  max_power: 33.6090285531074
  t_arr: 13.326097452324984
  t_dep: 6.607758181814076
