vehicle:
  capacity: 145.91506856365768
  capacity_demand: 74.00118514299804
  charge_effi: 0.9038004271959947
  discharge_effi: 0.6546847940569633
  max_power: 33.2385694394706
  t_arr: 13.97708835145254
  t_dep: 6.241862546925679
