vehicle:
  capacity: 130.04061335402596
  capacity_demand: 84.47580450580061
  charge_effi: 1.03402457078419
  discharge_effi: 0.6435387746502302
  max_power: 28.307600469984106
  t_arr: 12.604071474900502
  t_dep: 7.938561247313346
