vehicle:
  capacity: 120.74080006742783
  capacity_demand: 79.57707301861907
  charge_effi: 1.0550345113512085
  discharge_effi: 0.7134223004831748
  max_power: 35.90542493475686
  t_arr: 12.84296631613692
  t_dep: 8.630467480169656
