vehicle:
  capacity: 141.75826428466675
  capacity_demand: 81.90139898553097
  charge_effi: 1.1403961748495957
  discharge_effi: 0.61845039337407
  max_power: 36.42164093983727
  t_arr: 13.040300739309256
  t_dep: 6.9589665118858965
