vehicle:
  capacity: 157.50358226687507
  capacity_demand: 78.26326074826625
  charge_effi: 0.9184893286604183
  discharge_effi: 0.7886736755196785
  max_power: 32.00204115665969
  t_arr: 14.22607691881499
  t_dep: 9.578478733008932
