vehicle:
  capacity: 126.08673347959048
  capacity_demand: 84.0529845031684
  charge_effi: 1.1516283584856832
  discharge_effi: 0.7697866869619734
  max_power: 29.5027367761115
  t_arr: 13.338303006885221
  t_dep: 8.470189688520538
