vehicle:
  capacity: 130.58457992001803
  capacity_demand: 76.01172996634722
  charge_effi: 0.875716729391122
  discharge_effi: 0.6989596665624411
  max_power: 37.17213438109345
  t_arr: 13.591723296971827
  t_dep: 7.693479903090579
