vehicle:
  capacity: 116.8330119472897
  capacity_demand: 102.86668602754783
  charge_effi: 0.967139774436203
  discharge_effi: 0.8536518489637125
  max_power: 32.50882306121735
  t_arr: 11.593821809204682
  t_dep: 8.304442401408554
