vehicle:
  capacity: 114.60920788266655
  capacity_demand: 90.64004933585655
  charge_effi: 1.1196378847879545
  discharge_effi: 0.6859171414580427
  max_power: 29.821132194922427
  t_arr: 12.6375276612509
  t_dep: 9.483998902835044
