vehicle:
  capacity: 109.96862011606365
  capacity_demand: 78.51787911692145
  charge_effi: 0.9653325347781851
  discharge_effi: 0.6889931109758874
  max_power: 27.353505353812096
  t_arr: 15.240287739837198
  t_dep: 6.013152975885589
