vehicle:
  capacity: 150.92732145698525
  capacity_demand: 68.96304851379296
  charge_effi: 0.9943549099813033
  discharge_effi: 0.7549596932611613
  max_power: 30.767971428554944
  t_arr: 13.978567462515029
  t_dep: 6.475478115232111
