vehicle:
  capacity: 122.1111652386491
  capacity_demand: 88.38901706319227
  charge_effi: 1.0858947220119979
  discharge_effi: 0.6713465982670228
  max_power: 25.8342606492448
  t_arr: 13.112839937590493
  t_dep: 9.641428780148178
