vehicle:
  capacity: 124.17831339026714
  capacity_demand: 90.41349920596298
  charge_effi: 1.0944771511861533
  discharge_effi: 0.7901185397443182
  max_power: 28.22203146763817
  t_arr: 15.957710018761352
  t_dep: 8.470429202383482
