vehicle:
  capacity: 92.69195037898729
  capacity_demand: 85.75630239116704
  charge_effi: 1.0628414249000377
  discharge_effi: 0.7039467951380272
  max_power: 33.593909698130105
  t_arr: 11.64746593422432
  t_dep: 7.750480404453615
