vehicle:
  capacity: 89.04181172551051
  capacity_demand: 90.58774521864932
  charge_effi: 0.91499432774555
  discharge_effi: 0.7494797019735935
  max_power: 36.92760441964795
  t_arr: 11.743925494213915
  t_dep: 8.605006895954492
