vehicle:
  capacity: 96.48863328248159
  capacity_demand: 82.26341964452793
  charge_effi: 1.0853526410349823
  discharge_effi: 0.6522551271639127
  max_power: 34.11968259286536
  t_arr: 13.665345804974876
  t_dep: 8.848944231046916
