vehicle:
  capacity: 106.03664490501366
  capacity_demand: 72.62981913814745
  charge_effi: 0.9915809296752537
  discharge_effi: 0.698797304598265
  max_power: 33.295739160943285
  t_arr: 11.111338006278569
  t_dep: 9.018032279120138
