vehicle:
  capacity: 129.3401953837177
  capacity_demand: 68.0479950605124
  charge_effi: 1.0809510099831983
  discharge_effi: 0.7379074288429015
  max_power: 27.034595578701193
  t_arr: 13.616137735976075
  t_dep: 6.9711811858014965
