vehicle:
  capacity: 119.25451009737566
  capacity_demand: 82.63925653112234
  charge_effi: 0.950762112770246
  discharge_effi: 0.7311720125233415
  max_power: 25.716987984212622
  t_arr: 11.857570229502816
  t_dep: 8.193385200590855
