vehicle:
  capacity: 111.77992891999823
  capacity_demand: 53.279501979243186
  charge_effi: 0.9882159106710157
  discharge_effi: 0.7172844039680522
  max_power: 32.20868197180254
  t_arr: 14.215594080478262
  t_dep: 8.534106032446262
