vehicle:
  capacity: 139.44809876768497
  capacity_demand: 66.44922764901683
  charge_effi: 1.1135396798134742
  discharge_effi: 0.5760980513482559
  max_power: 33.91280553000147
  t_arr: 14.745484508188627
  t_dep: 8.638289795041423
