vehicle:
  capacity: 106.56524370146371
  capacity_demand: 99.44838827283087
  charge_effi: 0.9326292617254142
  discharge_effi: 0.6810814506298156
  max_power: 38.788936670976675
  t_arr: 14.446230851488115
  t_dep: 8.957015468167402
