vehicle:
  capacity: 104.86381722063734
  capacity_demand: 67.37884059320332
  charge_effi: 0.9835758749839602
  discharge_effi: 0.6734896116417388
  max_power: 30.07329837618033
  t_arr: 12.316841083329797
  t_dep: 7.039166454531234
