vehicle:
  capacity: 107.59900170101668
  capacity_demand: 60.82832405471831
  charge_effi: 1.0303529679064776
  discharge_effi: 0.8854490084509746
  max_power: 28.734110024330395
  t_arr: 9.4350481503695
  t_dep: 9.712247759431419
