vehicle:
  capacity: 117.5630694957108
  capacity_demand: 77.438855309506
  charge_effi: 0.9507670242982714
  discharge_effi: 0.8178802564186197
  max_power: 32.67921240913758
  t_arr: 12.679656012894963
  t_dep: 9.462854885431687
