vehicle:
  capacity: 132.87300656985096
  capacity_demand: 59.47846686586664
  charge_effi: 1.0355963093714762
  discharge_effi: 0.8177078144563206
  max_power: 32.96700227832181
  t_arr: 10.535189683997036
  t_dep: 8.0555255539577
