vehicle:
  capacity: 146.25426290378243
  capacity_demand: 79.31108963189567
  charge_effi: 1.030272571940814
  discharge_effi: 0.5865916743565487
  max_power: 25.46787165339993
  t_arr: 15.435246255195063
  t_dep: 7.50207760299357
