vehicle:
  capacity: 115.25631955252396
  capacity_demand: 66.90141685502307
  charge_effi: 1.0881692551407842
  discharge_effi: 0.6724281150166987
  max_power: 26.31177981115525
  t_arr: 12.048030119214532
  t_dep: 8.001690011138253
