vehicle:
  capacity: 108.63282857026428
  capacity_demand: 71.99147110831474
  charge_effi: 1.0896551271236279
  discharge_effi: 0.7436089561635325
  max_power: 29.892153295815554
  t_arr: 12.156568477476817
  t_dep: 6.788202403652869
