vehicle:
  capacity: 102.64618486922213
  capacity_demand: 68.58540707521801
  charge_effi: 1.0959659242162536
  discharge_effi: 0.719027875875445
  max_power: 35.151865786217186
  t_arr: 14.187971854912396
  t_dep: 6.906861450762528
