vehicle:
  capacity: 127.18068969647649
  capacity_demand: 69.79055001120082
  charge_effi: 1.0177865265667612
  discharge_effi: 0.7870520339064583
  max_power: 28.114308933936375
  t_arr: 12.786205907785261
  t_dep: 9.245802749726654
