vehicle:
  capacity: 95.91193528331712
  capacity_demand: 75.7263959851614
  charge_effi: 0.9579600665657496
  discharge_effi: 0.7160059167193654
  max_power: 28.90794232968205
  t_arr: 15.656604690250797
  t_dep: 7.829167805893269
