vehicle:
  capacity: 112.54030078288271
  capacity_demand: 87.09398800503024
  charge_effi: 1.057366019658109
  discharge_effi: 0.9355599312375216
  max_power: 37.297498922437526
  t_arr: 11.838385295297686
  t_dep: 9.400649811682655
