vehicle:
  capacity: 135.82526970057063
  capacity_demand: 72.71409361719334
  charge_effi: 1.0392616472414868
  discharge_effi: 0.6458556546483282
  max_power: 35.559335223587325
  t_arr: 12.994713292375653
  t_dep: 7.586702291073938
