vehicle:
  capacity: 128.09120089157466
  capacity_demand: 80.75679482165314
  charge_effi: 1.1641299058152155
  discharge_effi: 0.7548330463006375
  max_power: 34.26884109391228
  t_arr: 10.710456600447959
  t_dep: 8.400942684039126
