vehicle:
  capacity: 97.83374500259448
  capacity_demand: 80.66334007422944
  charge_effi: 0.9208423526045548
  discharge_effi: 0.6701393002496446
  max_power: 31.41001223144815
  t_arr: 12.73155236974148
  t_dep: 8.52624262607137
