vehicle:
  capacity: 117.93677482504363
  capacity_demand: 83.0515568928477
  charge_effi: 1.1748822796135463
  discharge_effi: 0.7098631185949633
  max_power: 27.51948086854549
  t_arr: 12.683543257587777
  t_dep: 7.070801848401063
