vehicle:
  capacity: 112.72962679352005
  capacity_demand: 94.06112373265161
  charge_effi: 1.091963034023618
  discharge_effi: 0.7084048087409853
  max_power: 35.99526241139031
  t_arr: 11.721377111984651
  t_dep: 7.423338666762807
