vehicle:
  capacity: 114.41188498760444
  capacity_demand: 78.90253990953855
  charge_effi: 0.9772984955949154
  discharge_effi: 0.6714426548643879
  max_power: 24.216765884029197
  t_arr: 11.586462337638991
  t_dep: 8.09751685205341
