vehicle:
  capacity: 121.88794877173392
  capacity_demand: 72.3585524450755
  charge_effi: 1.120244527547358
  discharge_effi: 0.7825214225908459
  max_power: 31.193650463916416
  t_arr: 14.431995510338183
  t_dep: 7.9164760066203455
