vehicle:
  capacity: 128.1246122875302
  capacity_demand: 75.55883887564625
  charge_effi: 1.1982488804261762
  discharge_effi: 0.7036704343582992
  max_power: 28.181157661840363
  t_arr: 12.505359302775172
  t_dep: 8.40177500188499
