vehicle:
  capacity: 131.9467896706829
  capacity_demand: 87.80860555692445
  charge_effi: 1.1674208583223666
  discharge_effi: 0.7073653115223989
  max_power: 28.53113021518824
  t_arr: 12.115611283785507
  t_dep: 7.171549945597706
