vehicle:
  capacity: 114.18606797915457
  capacity_demand: 86.17733189209329
  charge_effi: 1.0956515594629985
  discharge_effi: 0.6750907718518895
  max_power: 32.805554440137826
  t_arr: 13.478982914028522
  t_dep: 7.632733966492737
