vehicle:
  capacity: 126.83201660305753
  capacity_demand: 56.53439526268771
  charge_effi: 1.173143323837317
  discharge_effi: 0.6282468878551951
  max_power: 26.385949581762105
  t_arr: 11.685261078699947
  t_dep: 8.639922828587904
