vehicle:
  capacity: 127.24918559084132
  capacity_demand: 52.034642500517265
  charge_effi: 0.912921927263142
  discharge_effi: 0.588956238501834
  max_power: 28.935892335311603
  t_arr: 13.467913229566271
  t_dep: 8.419100197972012
