vehicle:
  capacity: 118.67169291322392
  capacity_demand: 83.07841243819058
  charge_effi: 1.044606174501934
  discharge_effi: 0.6573730672492905
  max_power: 31.34003596251175
  t_arr: 13.67074376016199
  t_dep: 8.218449112106876
