vehicle:
  capacity: 141.64294816014106
  capacity_demand: 83.921983547221
  charge_effi: 1.0767361823270445
  discharge_effi: 0.7208342073311463
  max_power: 25.721977668086137
  t_arr: 11.895137563094229
  t_dep: 7.077911567240774
