vehicle:
  capacity: 108.39993106867095
  capacity_demand: 70.15196024419613
  charge_effi: 0.9425392778156666
  discharge_effi: 0.7034215830169206
  max_power: 23.905474793611397
  t_arr: 13.802991463800193
  t_dep: 8.38235324337275
