vehicle:
  capacity: 142.1360942021217
  capacity_demand: 80.08835392186398
  charge_effi: 0.9169009234497731
  discharge_effi: 0.6448576148999516
  max_power: 34.20535908980434
  t_arr: 13.747088043455097
  t_dep: 7.778229134333644
