vehicle:
  capacity: 106.9623710970335
  capacity_demand: 84.93374272563658
  charge_effi: 1.1272856788640149
  discharge_effi: 0.6430818891490074
  max_power: 25.722794317500558
  t_arr: 11.994404589471486
  t_dep: 6.922124503973987
