vehicle:
  capacity: 124.34431824999494
  capacity_demand: 91.16571655076669
  charge_effi: 0.8496597291083134
  discharge_effi: 0.8516378454037145
  max_power: 26.828632144834597
  t_arr: 12.704450833894958
  t_dep: 7.524635479199178
