vehicle:
  capacity: 112.49919519258017
  capacity_demand: 65.48120316793495
  charge_effi: 0.9567791814548752
  discharge_effi: 0.6380946204312312
  max_power: 28.915263768760198
  t_arr: 12.46653291399572
  t_dep: 8.1281452934353
