vehicle:
  capacity: 114.82310550839179
  capacity_demand: 83.48448285615856
  charge_effi: 0.9874849821198205
  discharge_effi: 0.8595703509721143
  max_power: 33.860058844523316
  t_arr: 11.922852740314125
  t_dep: 8.356296545739882
