vehicle:
  capacity: 107.76138700027214
  capacity_demand: 81.79826276904289
  charge_effi: 1.0507318759247344
  discharge_effi: 0.806009669243299
  max_power: 31.826526958573158
  t_arr: 13.000731478397093
  t_dep: 9.205516867476913
