vehicle:
  capacity: 143.77534592143002
  capacity_demand: 63.55751295853788
  charge_effi: 0.8380633801855796
  discharge_effi: 0.7704901969575114
  max_power: 29.19322812601324
  t_arr: 13.58488874932323
  t_dep: 6.668297906714702
