vehicle:
  capacity: 101.6232433631494
  capacity_demand: 87.07288406902171
  charge_effi: 1.0193604584562603
  discharge_effi: 0.707596044776047
  max_power: 30.634568588811693
  t_arr: 13.615196424006072
  t_dep: 8.90397941389918
