vehicle:
  capacity: 128.3828795976029
  capacity_demand: 77.90414271260802
  charge_effi: 1.0596377376916253
  discharge_effi: 0.6852703474806958
  max_power: 35.592790659836936
  t_arr: 14.070600556564441
  t_dep: 8.295045825862829
