vehicle:
  capacity: 123.02338861212014
  capacity_demand: 86.61254485673327
  charge_effi: 1.0561700913771543
  discharge_effi: 0.6915618548938405
  max_power: 30.304469097796567
  t_arr: 12.611751842700459
  t_dep: 9.892179260543607
