vehicle:
  capacity: 134.14716629788728
  capacity_demand: 69.09329934507679
  charge_effi: 0.926736475426968
  discharge_effi: 0.6412921981959897
  max_power: 26.58873079517729
  t_arr: 13.31995062968049
  t_dep: 7.563603389347742
