vehicle:
  capacity: 107.88167482361088
  capacity_demand: 94.1318750592945
  charge_effi: 0.9915689706771555
  discharge_effi: 0.850816588922551
  max_power: 36.99003370479633
  t_arr: 11.351476478804427
  t_dep: 9.001846008144478
