vehicle:
  capacity: 124.72862574710356
  capacity_demand: 73.65622424957445
  charge_effi: 1.0230795582995846
  discharge_effi: 0.68528773821993
  max_power: 29.637449654849664
  t_arr: 13.605238903785716
  t_dep: 6.753039897225251
