vehicle:
  capacity: 145.0036830214723
  capacity_demand: 78.92713101118146
  charge_effi: 0.9119359875936559
  discharge_effi: 0.5739129638635246
  max_power: 32.513600226237465
  t_arr: 16.35883720905576
  t_dep: 8.197153885096052
