vehicle:
  capacity: 125.26275699744008
  capacity_demand: 68.19883955445499
  charge_effi: 0.9273892130849899
  discharge_effi: 0.7128633298918793
  max_power: 31.29896307446588
  t_arr: 14.23881379913435
  t_dep: 9.189947100657173
