vehicle:
  capacity: 122.86044637711163
  capacity_demand: 80.91107953313333
  charge_effi: 0.8563233500871114
  discharge_effi: 0.6305723263802849
  max_power: 32.192579215263216
  t_arr: 11.671622813761973
  t_dep: 6.664145126438046
