vehicle:
  capacity: 131.9720935656909
  capacity_demand: 83.12413252804184
  charge_effi: 0.9920014802377863
  discharge_effi: 0.7249996051921995
  max_power: 33.3148955343172
  t_arr: 13.31568288698188
  t_dep: 6.656898009420115
