vehicle:
  capacity: 143.26781728543492
  capacity_demand: 83.92072152414767
  charge_effi: 0.9399011746928426
  discharge_effi: 0.6552806977197511
  max_power: 30.66601372750077
  t_arr: 12.428600687861115
  t_dep: 9.113630979570113
