vehicle:
  capacity: 165.0723006701334
  capacity_demand: 66.39940707521515
  charge_effi: 0.8682812102287288
  discharge_effi: 0.6562327717127348
  max_power: 29.020416076683997
  t_arr: 13.515290319588047
  t_dep: 7.480864089879248
