vehicle:
  capacity: 121.56135544752581
  capacity_demand: 74.59198209100082
  charge_effi: 0.9876564932717606
  discharge_effi: 0.5149748778280362
  max_power: 28.92418017306101
  t_arr: 17.18690547062019
  t_dep: 7.390863063252524
