vehicle:
  capacity: 138.6997024238155
  capacity_demand: 65.11137254800862
  charge_effi: 1.0080151356561948
  discharge_effi: 0.6825151392283756
  max_power: 30.538502325903018
  t_arr: 11.033912254359347
  t_dep: 7.295455218854261
