vehicle:
  capacity: 122.83401266440796
  capacity_demand: 71.2734780689036
  charge_effi: 1.1305443689766503
  discharge_effi: 0.744409699094153
  max_power: 28.59865190648947
  t_arr: 15.857110158757687
  t_dep: 8.280210985703839
