vehicle:
  capacity: 109.63263532662312
  capacity_demand: 81.91300273801126
  charge_effi: 1.0566595019400653
  discharge_effi: 0.7278356989905584
  max_power: 29.488342501534053
  t_arr: 13.65735097436638
  t_dep: 9.362642248610545
