vehicle:
  capacity: 122.18410635774377
  capacity_demand: 75.38458595615454
  charge_effi: 0.9280546562842565
  discharge_effi: 0.6748505855863464
  max_power: 31.061981681832165
  t_arr: 12.27298681656911
  t_dep: 6.447385958214962
