vehicle:
  capacity: 154.83595511518757
  capacity_demand: 72.71202385384242
  charge_effi: 1.0128730604606482
  discharge_effi: 0.6735051850630246
  max_power: 30.614765721627858
  t_arr: 15.134312340191409
  t_dep: 7.817007158542842
