vehicle:
  capacity: 126.59739031847057
  capacity_demand: 79.87759790567591
  charge_effi: 1.1902077665218433
  discharge_effi: 0.8220099789378463
  max_power: 33.53350954003798
  t_arr: 14.726771027417879
  t_dep: 9.034666123172432
