vehicle:
  capacity: 92.72180573351734
  capacity_demand: 84.67741117938421
  charge_effi: 1.1439548968328725
  discharge_effi: 0.6848029427470161
  max_power: 31.265456972401523
  t_arr: 11.978259418346283
  t_dep: 10.25322326404867
