vehicle:
  capacity: 109.09333737937207
  capacity_demand: 82.80118642332404
  charge_effi: 0.9197802785180051
  discharge_effi: 0.7406389320535399
  max_power: 34.6957259306175
  t_arr: 11.55403018613483
  t_dep: 7.247131930087399
