vehicle:
  capacity: 130.03740991799543
  capacity_demand: 97.25860068755739
  charge_effi: 1.0946902571769612
  discharge_effi: 0.9080250512188571
  max_power: 31.965461299139843
  t_arr: 13.254237081838522
  t_dep: 7.959094413456701
