vehicle:
  capacity: 115.51247005056402
  capacity_demand: 75.67867601341716
  charge_effi: 0.9342606145824872
  discharge_effi: 0.7321173186560808
  max_power: 25.284494837938695
  t_arr: 12.141765217997012
  t_dep: 8.727061383177267
