vehicle:
  capacity: 113.28670986771814
  capacity_demand: 76.871685361907
  charge_effi: 1.1062933132360675
  discharge_effi: 0.7444425949249992
  max_power: 33.899270926221476
  t_arr: 11.976866004670129
  t_dep: 7.617203237972291
