vehicle:
  capacity: 109.31707027222609
  capacity_demand: 83.87883344569754
  charge_effi: 0.8623086689459816
  discharge_effi: 0.7430231286184317
  max_power: 32.126707156801636
  t_arr: 12.354961978016743
  t_dep: 7.380284805491822
