vehicle:
  capacity: 102.42072164984116
  capacity_demand: 75.2006683247624
  charge_effi: 1.0158380605029786
  discharge_effi: 0.6390292700708098
  max_power: 29.663858416086715
  t_arr: 12.271731619740033
  t_dep: 8.053659193132681
