vehicle:
  capacity: 134.82847626074542
  capacity_demand: 66.70694410037711
  charge_effi: 1.0077860694157212
  discharge_effi: 0.6894204411933846
  max_power: 29.784463049169094
  t_arr: 13.771658168751241
  t_dep: 7.925788153948953
