vehicle:
  capacity: 130.2364153723953
  capacity_demand: 76.93621708932352
  charge_effi: 0.9635043540428366
  discharge_effi: 0.6723470961721977
  max_power: 31.983473791441238
  t_arr: 8.13816370323958
  t_dep: 6.4963097106695615
