vehicle:
  capacity: 128.73420692923318
  capacity_demand: 60.68554245480158
  charge_effi: 0.9407013495046456
  discharge_effi: 0.5136085278275412
  max_power: 30.348907045546635
  t_arr: 14.769780440145054
  t_dep: 7.714266713928858
