vehicle:
  capacity: 131.50898032755762
  capacity_demand: 62.49013752947172
  charge_effi: 0.9121036250869599
  discharge_effi: 0.6327151487241229
  max_power: 31.153000714104817
  t_arr: 14.2458101928146
  t_dep: 8.054722893680957
