vehicle:
  capacity: 141.3759016564187
  capacity_demand: 65.6251027853723
  charge_effi: 1.0398084249937014
  discharge_effi: 0.7338610849838217
  max_power: 34.3753982739358
  t_arr: 13.278243211160008
  t_dep: 7.308430478811427
