vehicle:
  capacity: 99.35720616144924
  capacity_demand: 94.01178945682105
  charge_effi: 1.0521848500745574
  discharge_effi: 0.7057954323409876
  max_power: 29.81148661945142
  t_arr: 13.714924616895539
  t_dep: 7.219556410243418
