vehicle:
  capacity: 129.60901178566795
  capacity_demand: 71.4171495091472
  charge_effi: 0.8167457949020004
  discharge_effi: 0.6243421410800158
  max_power: 27.963804397124605
  t_arr: 14.68715119192823
  t_dep: 8.897932393895667
