vehicle:
  capacity: 119.32937753853946
  capacity_demand: 76.32483207525193
  charge_effi: 0.9148669836368322
  discharge_effi: 0.8944656130416918
  max_power: 31.901219337606776
  t_arr: 11.369571669930803
  t_dep: 8.94677546207506
