vehicle:
  capacity: 106.32247359348301
  capacity_demand: 67.62852030320556
  charge_effi: 1.138895502829354
  discharge_effi: 0.7292394932776814
  max_power: 29.578286407374147
  t_arr: 14.36517372464379
  t_dep: 8.900144032908797
