vehicle:
  capacity: 110.21826206248282
  capacity_demand: 81.62047415547563
  charge_effi: 0.9770361996382598
  discharge_effi: 0.750483487229408
  max_power: 33.679523605762384
  t_arr: 13.890054094640696
  t_dep: 8.647344128417311
