vehicle:
  capacity: 128.2395109084703
  capacity_demand: 92.65643845838885
  charge_effi: 0.9797817335018572
  discharge_effi: 0.7600930346385399
  max_power: 30.933837109978654
  t_arr: 15.014227534449386
  t_dep: 8.408376277149856
