vehicle:
  capacity: 115.87968551189361
  capacity_demand: 86.81894974528454
  charge_effi: 0.950134707717203
  discharge_effi: 0.8399404668131875
  max_power: 25.52267288620437
  t_arr: 14.29211755555578
  t_dep: 9.110662069483823
