vehicle:
  capacity: 97.83988486092798
  capacity_demand: 68.58755497716325
  charge_effi: 1.1184224759232635
  discharge_effi: 0.6116232132688578
  max_power: 36.16505621529178
  t_arr: 13.606824498566498
  t_dep: 7.892418371532175
