vehicle:
  capacity: 122.86870395788144
  capacity_demand: 58.564352002695394
  charge_effi: 1.0418552489580228
  discharge_effi: 0.5784939563751678
  max_power: 29.84719573765446
  t_arr: 14.35290249962876
  t_dep: 7.910206390718674
