vehicle:
  capacity: 144.437230643144
  capacity_demand: 77.02943850430569
  charge_effi: 0.9623204702805603
  discharge_effi: 0.6467141104071059
  max_power: 26.131798386036852
  t_arr: 15.20336815227977
  t_dep: 7.564266892753702
