vehicle:
  capacity: 141.08305784537956
  capacity_demand: 81.14608189224548
  charge_effi: 1.0895189083081338
  discharge_effi: 0.7784309638425924
  max_power: 26.72409784648376
  t_arr: 10.913780518304783
  t_dep: 8.275426255813557
