vehicle:
  capacity: 109.89691541643101
  capacity_demand: 78.38003359758123
  charge_effi: 1.0609473427985234
  discharge_effi: 0.8410942282496616
  max_power: 33.09238984339113
  t_arr: 10.822850303560262
  t_dep: 8.798230094686764
