vehicle:
  capacity: 135.09702104544473
  capacity_demand: 83.32512986174184
  charge_effi: 0.9828869897766949
  discharge_effi: 0.803239155336762
  max_power: 31.84558289431824
  t_arr: 13.02221338835883
  t_dep: 8.12865178327057
