vehicle:
  capacity: 102.42878962603591
  capacity_demand: 66.30756486572308
  charge_effi: 1.0277472887475692
  discharge_effi: 0.8550892472428129
  max_power: 24.53048914763359
  t_arr: 12.541117404705773
  t_dep: 7.759807651722486
