vehicle:
  capacity: 108.98989234510684
  capacity_demand: 72.72845570184302
  charge_effi: 1.0280568903567975
  discharge_effi: 0.6648102948805181
  max_power: 32.54175994749205
  t_arr: 12.599181640349016
  t_dep: 8.112397739007134
