vehicle:
  capacity: 140.0485975428322
  capacity_demand: 87.90578678347126
  charge_effi: 0.715969695357969
  discharge_effi: 0.8242266697191739
  max_power: 35.35960082856903
  t_arr: 12.379673158173597
  t_dep: 7.902356950642865
