vehicle:
  capacity: 114.39734599060226
  capacity_demand: 82.00488613783578
  charge_effi: 1.1725322300911318
  discharge_effi: 0.7397002174390018
  max_power: 25.862257330131357
  t_arr: 11.306551355953307
  t_dep: 8.664671464185462
