vehicle:
  capacity: 113.72174744471005
  capacity_demand: 79.70917069503972
  charge_effi: 0.8709008854646688
  discharge_effi: 0.8380125690262888
  max_power: 27.836825119963542
  t_arr: 15.253880275421164
  t_dep: 8.966875402709258
