vehicle:
  capacity: 120.00906265453311
  capacity_demand: 67.7613029754248
  charge_effi: 1.2134920255363992
  discharge_effi: 0.7027223311009169
  max_power: 29.311548159304422
  t_arr: 13.509228943031166
  t_dep: 7.487144050406708
