vehicle:
  capacity: 105.81484189509709
  capacity_demand: 71.94570531775476
  charge_effi: 1.0700969269800822
  discharge_effi: 0.5662059916973756
  max_power: 28.924232897893756
  t_arr: 12.320084474405082
  t_dep: 8.79109589826122
