vehicle:
  capacity: 84.93919106242866
  capacity_demand: 90.16910756542656
  charge_effi: 0.9775051718787523
  discharge_effi: 0.8323763567519047
  max_power: 35.22459293683303
  t_arr: 12.073186434662695
  t_dep: 8.54259978156619
