vehicle:
  capacity: 118.82887172645903
  capacity_demand: 78.6898286166048
  charge_effi: 1.1745141396517047
  discharge_effi: 0.7082878775610574
  max_power: 27.27634511433352
  t_arr: 12.683367400709562
  t_dep: 9.605992218970608
