vehicle:
  capacity: 125.0895697754564
  capacity_demand: 57.368659396859094
  charge_effi: 0.9688260156712791
  discharge_effi: 0.7471013281562907
  max_power: 30.719428001470956
  t_arr: 14.606541022460961
  t_dep: 7.724399571694259
