vehicle:
  capacity: 117.94010218169012
  capacity_demand: 87.51895313444817
  charge_effi: 1.0223101132874126
  discharge_effi: 0.7907819706331463
  max_power: 33.71717207713247
  t_arr: 13.90310591272015
  t_dep: 8.208512955353882
