vehicle:
  capacity: 117.38786083936618
  capacity_demand: 59.82733479434327
  charge_effi: 0.9103357558147501
  discharge_effi: 0.765740643694985
  max_power: 32.17278285869665
  t_arr: 14.877481758798464
  t_dep: 6.290093871453734
