vehicle:
  capacity: 129.31938448123742
  capacity_demand: 78.25497864336016
  charge_effi: 0.9887456916585912
  discharge_effi: 0.7860027420534187
  max_power: 33.863872919473856
  t_arr: 13.342507634315945
  t_dep: 6.741324199493641
