vehicle:
  capacity: 115.06816812653963
  capacity_demand: 85.89414094598823
  charge_effi: 1.0522606732933364
  discharge_effi: 0.7966420989244105
  max_power: 32.195128332938644
  t_arr: 12.837279693200548
  t_dep: 9.899088290263393
