vehicle:
  capacity: 86.04224001997088
  capacity_demand: 68.58366838079674
  charge_effi: 1.0629987135266803
  discharge_effi: 0.7235866739475638
  max_power: 28.71096877826922
  t_arr: 12.120211013708646
  t_dep: 10.335521388920291
