vehicle:
  capacity: 103.6642344764376
  capacity_demand: 71.1626945150874
  charge_effi: 1.062004878773202
  discharge_effi: 0.7742835805024165
  max_power: 31.419389361874124
  t_arr: 14.575632751901813
  t_dep: 9.713803196313176
