vehicle:
  capacity: 114.24332787085332
  capacity_demand: 64.79177278439617
  charge_effi: 1.1336982105056732
  discharge_effi: 0.6484129126943775
  max_power: 28.865992581755616
  t_arr: 16.046059941821554
  t_dep: 7.729423752168866
