vehicle:
  capacity: 141.4914666702883
  capacity_demand: 75.70706688161003
  charge_effi: 1.0078701670244257
  discharge_effi: 0.5558634989593184
  max_power: 27.704803780154528
  t_arr: 14.368604740308763
  t_dep: 7.768441675392732
