vehicle:
  capacity: 121.1244482517052
  capacity_demand: 64.98227637567933
  charge_effi: 1.0362242659399106
  discharge_effi: 0.7033960061937354
  max_power: 32.02485490951668
  t_arr: 14.541404557989768
  t_dep: 6.4929541040813366
