vehicle:
  capacity: 120.460515208425
  capacity_demand: 63.8094304929364
  charge_effi: 0.9543611947031693
  discharge_effi: 0.7152882910577922
  max_power: 34.76661707737489
  t_arr: 14.45484207052568
  t_dep: 8.392683051019473
