vehicle:
  capacity: 123.78493786696409
  capacity_demand: 69.7429085857126
  charge_effi: 1.0255558060259242
  discharge_effi: 0.7890449266985514
  max_power: 30.074278909906848
  t_arr: 14.035667106821336
  t_dep: 7.722666372312877
