vehicle:
  capacity: 94.43524565766755
  capacity_demand: 76.9132826337521
  charge_effi: 0.9063543174301727
  discharge_effi: 0.8209181113093458
  max_power: 28.78436666454086
  t_arr: 14.391458823183552
  t_dep: 9.51902256878508
