vehicle:
  capacity: 137.34850042011854
  capacity_demand: 76.58023340946697
  charge_effi: 1.0196256580825094
  discharge_effi: 0.564697940881666
  max_power: 25.856190196491532
  t_arr: 14.670183460840475
  t_dep: 6.3445317468650035
