vehicle:
  capacity: 96.24658247345349
  capacity_demand: 84.65814834374787
  charge_effi: 0.9785134511127375
  discharge_effi: 0.758280382713533
  max_power: 25.77451332338255
  t_arr: 13.726800680729715
  t_dep: 8.4290850818983
