vehicle:
  capacity: 116.76929381847621
  capacity_demand: 79.17399755354843
  charge_effi: 0.9483364430959896
  discharge_effi: 0.7513850402779768
  max_power: 29.514913442747563
  t_arr: 14.789968981329846
  t_dep: 6.2854289018753065
