vehicle:
  capacity: 104.72926494683168
  capacity_demand: 83.4182414073154
  charge_effi: 0.9526654423475542
  discharge_effi: 0.8509274080946856
  max_power: 29.51588804132398
  t_arr: 14.113619533582455
  t_dep: 9.226043643729769
