vehicle:
  capacity: 126.74808153363715
  capacity_demand: 85.11304142666533
  charge_effi: 1.0276273957803819
  discharge_effi: 0.691662375318998
  max_power: 37.33748113383742
  t_arr: 14.073746078396171
  t_dep: 8.612606785848616
