vehicle:
  capacity: 120.34163422516674
  capacity_demand: 71.28642192307679
  charge_effi: 0.8972679051836306
  discharge_effi: 0.782612627253091
  max_power: 28.692734143122614
  t_arr: 12.976894890219217
  t_dep: 10.018226085510799
