vehicle:
  capacity: 118.20030773836929
  capacity_demand: 87.51782078017618
  charge_effi: 1.0970277160558168
  discharge_effi: 0.6336886952557005
  max_power: 33.19555426724334
  t_arr: 15.862904446013296
  t_dep: 8.121805999248902
