vehicle:
  capacity: 127.37222045496239
  capacity_demand: 70.10442274801731
  charge_effi: 1.121105628980885
  discharge_effi: 0.6941895320852274
  max_power: 31.773609198317132
  t_arr: 11.361974385360684
  t_dep: 7.717732054310201
