vehicle:
  capacity: 123.89791096003951
  capacity_demand: 68.30489961469837
  charge_effi: 0.9933750902788242
  discharge_effi: 0.7037029221658678
  max_power: 27.94614843532013
  t_arr: 15.34412653757808
  t_dep: 7.491756047056926
