vehicle:
  capacity: 115.27535337563067
  capacity_demand: 61.912177968916154
  charge_effi: 1.1275193973257605
  discharge_effi: 0.6301938947761756
  max_power: 28.008055866358166
  t_arr: 13.388333893595297
  t_dep: 8.413235543984008
