vehicle:
  capacity: 144.62095939894414
  capacity_demand: 50.63668216663455
  charge_effi: 1.0348304329518407
  discharge_effi: 0.6834032222652909
  max_power: 28.254056395208288
  t_arr: 11.386892054911895
  t_dep: 7.546601096569521
