vehicle:
  capacity: 112.36451430672867
  capacity_demand: 74.21744206571846
  charge_effi: 0.9758991458930298
  discharge_effi: 0.6784500426921557
  max_power: 26.77232532335386
  t_arr: 13.548242794170967
  t_dep: 7.200355384028736
