vehicle:
  capacity: 106.05587222103341
  capacity_demand: 82.70468025726647
  charge_effi: 1.025551004409532
  discharge_effi: 0.7146705689703587
  max_power: 25.792596538663698
  t_arr: 11.810639469377664
  t_dep: 9.317212045727866
