vehicle:
  capacity: 109.59914171061635
  capacity_demand: 76.69384976313337
  charge_effi: 1.0045656048324363
  discharge_effi: 0.7574747086801119
  max_power: 31.970374682308414
  t_arr: 12.871355838184106
  t_dep: 8.197678763622346
