vehicle:
  capacity: 121.5405752996275
  capacity_demand: 80.48979566120406
  charge_effi: 0.7845596807256341
  discharge_effi: 0.7967595797248597
  max_power: 31.24057264705166
  t_arr: 12.082859884985291
  t_dep: 9.500226161305903
