vehicle:
  capacity: 128.8701364396413
  capacity_demand: 66.34898501354927
  charge_effi: 1.131257885196839
  discharge_effi: 0.5375624797662563
  max_power: 28.99188993614087
  t_arr: 11.875121653900965
  t_dep: 7.942498608378349
