vehicle:
  capacity: 142.78401749442216
  capacity_demand: 64.60872355890186
  charge_effi: 1.0792026912060988
  discharge_effi: 0.6533787812499396
  max_power: 32.731170920778716
  t_arr: 12.982594615445999
  t_dep: 8.756888589718518
