vehicle:
  capacity: 115.54208469060194
  capacity_demand: 66.4995465162576
  charge_effi: 1.0184736017329872
  discharge_effi: 0.7632562145797022
  max_power: 26.748768318591317
  t_arr: 12.58842586766353
  t_dep: 9.139651102289049
