vehicle:
  capacity: 135.69141254452344
  capacity_demand: 69.49617460743964
  charge_effi: 1.061522873831776
  discharge_effi: 0.5889495080760435
  max_power: 33.2409012373184
  t_arr: 12.821627054127742
  t_dep: 7.444615268102973
