vehicle:
  capacity: 100.53420321214297
  capacity_demand: 79.16045857570745
  charge_effi: 1.13462166875992
  discharge_effi: 0.7408257286751153
  max_power: 31.53519543183768
  t_arr: 12.405701622745442
  t_dep: 8.980954221134427
