vehicle:
  capacity: 129.52180834614492
  capacity_demand: 79.32389245842104
  charge_effi: 0.815781816740668
  discharge_effi: 0.6852247547981882
  max_power: 34.40200367743084
  t_arr: 16.105787634429788
  t_dep: 6.876452631882701
