vehicle:
  capacity: 137.15608561343436
  capacity_demand: 90.0740410556699
  charge_effi: 1.03058676949332
  discharge_effi: 0.6565820529338624
  max_power: 33.84605017527387
  t_arr: 13.9921272374113
  t_dep: 8.33169672859824
