vehicle:
  capacity: 112.92498683487118
  capacity_demand: 78.07786335004192
  charge_effi: 1.035108751772972
  discharge_effi: 0.6931265177059177
  max_power: 33.565408984459665
  t_arr: 13.725350062271609
  t_dep: 7.642949522825163
