vehicle:
  capacity: 133.8415180248548
  capacity_demand: 80.10457260775101
  charge_effi: 1.0475502191318529
  discharge_effi: 0.6594704336197872
  max_power: 26.136828506208435
  t_arr: 16.05926876464394
  t_dep: 8.214857900116716
