vehicle:
  capacity: 126.55918560908152
  capacity_demand: 79.86565483100608
  charge_effi: 0.8001019041426558
  discharge_effi: 0.7005641899871179
  max_power: 32.44252520326248
  t_arr: 14.189708390856014
  t_dep: 7.606161257657668
