vehicle:
  capacity: 132.25995417044697
  capacity_demand: 66.14716639214652
  charge_effi: 0.9578305585865438
  discharge_effi: 0.5606963068805315
  max_power: 32.953118591811666
  t_arr: 14.375497112936763
  t_dep: 7.070280830564784
