vehicle:
  capacity: 103.66399060165772
  capacity_demand: 68.12701892912965
  charge_effi: 0.9474334522411513
  discharge_effi: 0.8561606014778718
  max_power: 33.39260203876676
  t_arr: 13.65543741721179
  t_dep: 9.215422682766901
