vehicle:
  capacity: 116.41751739481161
  capacity_demand: 89.83132025461761
  charge_effi: 0.9126399942375906
  discharge_effi: 0.8828934460579259
  max_power: 32.89343513588113
  t_arr: 13.731869293906417
  t_dep: 8.852205842832669
