vehicle:
  capacity: 113.8492652233794
  capacity_demand: 95.96025384221346
  charge_effi: 0.9639059542038866
  discharge_effi: 0.7284608492665284
  max_power: 28.96643552938506
  t_arr: 13.266129323277962
  t_dep: 8.189997989270278
