vehicle:
  capacity: 111.13647771170204
  capacity_demand: 87.0952865279258
  charge_effi: 1.0142012987679652
  discharge_effi: 0.7179225903868441
  max_power: 31.552950452027044
  t_arr: 15.169332289450145
  t_dep: 6.128708373580154
