vehicle:
  capacity: 128.22499378518327
  capacity_demand: 79.47811867832615
  charge_effi: 0.9446062956880724
  discharge_effi: 0.6010711614601766
  max_power: 31.847088542569935
  t_arr: 13.052326083732185
  t_dep: 9.420010846810213
