vehicle:
  capacity: 138.25842693204166
  capacity_demand: 56.76906739779041
  charge_effi: 0.9921317790606357
  discharge_effi: 0.6985504938113128
  max_power: 32.28501807086973
  t_arr: 14.314469215706449
  t_dep: 6.755967298538152
