vehicle:
  capacity: 108.56788477906818
  capacity_demand: 77.07081156071852
  charge_effi: 0.988765459343894
  discharge_effi: 0.7421857193277542
  max_power: 33.72275466355368
  t_arr: 13.72746530212088
  t_dep: 8.591330588378648
