vehicle:
  capacity: 104.76219647719425
  capacity_demand: 81.46632034291517
  charge_effi: 1.0330168656329248
  discharge_effi: 0.6735123410265889
  max_power: 31.41021507561881
  t_arr: 11.602706094802608
  t_dep: 8.434655575916029
