vehicle:
  capacity: 119.96333395594785
  capacity_demand: 70.31456784443635
  charge_effi: 0.962520368935235
  discharge_effi: 0.6890572591238293
  max_power: 26.72075781457887
  t_arr: 13.854162928519179
  t_dep: 7.971605375263738
