vehicle:
  capacity: 111.03727283236763
  capacity_demand: 93.92557569465455
  charge_effi: 0.9157024392089602
  discharge_effi: 0.6635815156157903
  max_power: 32.56537737317329
  t_arr: 13.251670946186678
  t_dep: 6.624880779951201
