vehicle:
  capacity: 117.5005763734196
  capacity_demand: 63.84113550854129
  charge_effi: 1.0890911721469092
  discharge_effi: 0.6777463434735895
  max_power: 26.90365087230261
  t_arr: 15.882836697803459
  t_dep: 8.071641612151705
