vehicle:
  capacity: 135.6705521448532
  capacity_demand: 73.13882404452386
  charge_effi: 1.0195581191844885
  discharge_effi: 0.5858933018684357
  max_power: 34.02157196169209
  t_arr: 14.224811139480353
  t_dep: 6.48867009205691
