vehicle:
  capacity: 137.82188170032933
  capacity_demand: 66.82682841071046
  charge_effi: 1.1849537874201639
  discharge_effi: 0.6433105147620001
  max_power: 28.806764219082154
  t_arr: 14.103349729079103
  t_dep: 8.086171884593673
