vehicle:
  capacity: 142.25066311306807
  capacity_demand: 63.37319429306053
  charge_effi: 0.9662435684393159
  discharge_effi: 0.6253699111273007
  max_power: 34.8814118621816
  t_arr: 14.004581415969206
  t_dep: 6.612305746366561
