vehicle:
  capacity: 108.81338710657015
  capacity_demand: 85.36317146929841
  charge_effi: 1.1903503309799925
  discharge_effi: 0.7704826637461144
  max_power: 28.409026584792212
  t_arr: 15.71279661283547
  t_dep: 7.589049349785267
