vehicle:
  capacity: 110.16435713043775
  capacity_demand: 83.36505552521861
  charge_effi: 0.8770487507356757
  discharge_effi: 0.7714971762859111
  max_power: 28.344562847629113
  t_arr: 13.46611321773386
  t_dep: 8.920765973438286
