vehicle:
  capacity: 111.43799520456878
  capacity_demand: 80.42637859841943
  charge_effi: 0.9820296621598071
  discharge_effi: 0.8340636718725178
  max_power: 33.48729076666157
  t_arr: 15.099090219625955
  t_dep: 7.473668811410234
