vehicle:
  capacity: 147.62504263813017
  capacity_demand: 80.93863489300516
  charge_effi: 1.0931496174643094
  discharge_effi: 0.6943032055304762
  max_power: 35.01585818313884
  t_arr: 11.409414209593583
  t_dep: 7.152679631197633
