vehicle:
  capacity: 124.67543952818298
  capacity_demand: 77.40866308898985
  charge_effi: 1.0869353519853608
  discharge_effi: 0.6318970567288206
  max_power: 33.10511854643821
  t_arr: 11.054654470741648
  t_dep: 6.494116027121544
