vehicle:
  capacity: 148.63285834199874
  capacity_demand: 63.091812892090495
  charge_effi: 1.0233750244439819
  discharge_effi: 0.7326925064667036
  max_power: 29.964790473931558
  t_arr: 13.65272016569989
  t_dep: 6.733838416687632
