vehicle:
  capacity: 129.07008876399064
  capacity_demand: 65.20471986914394
  charge_effi: 1.1123174551061719
  discharge_effi: 0.5996308376921722
  max_power: 30.516279116005474
  t_arr: 12.59473850968182
  t_dep: 7.396754178925524
