vehicle:
  capacity: 110.03761684736715
  capacity_demand: 103.99425721381522
  charge_effi: 1.1213150461884005
  discharge_effi: 0.8485541899664466
  max_power: 28.105634709263466
  t_arr: 10.406931637416829
  t_dep: 10.084115060762052
