vehicle:
  capacity: 98.63364886383273
  capacity_demand: 78.73983421109499
  charge_effi: 1.1532064583972796
  discharge_effi: 0.7113083071610414
  max_power: 38.274292477699966
  t_arr: 12.978507562253329
  t_dep: 8.449301444622836
