vehicle:
  capacity: 134.67668362835698
  capacity_demand: 76.82113657653558
  charge_effi: 0.9867298152673518
  discharge_effi: 0.7337222373468392
  max_power: 25.82023034057832
  t_arr: 14.166094080745983
  t_dep: 7.676333124695429
