vehicle:
  capacity: 104.24435688704166
  capacity_demand: 89.71156339405027
  charge_effi: 1.0294189493333534
  discharge_effi: 0.7723433562834414
  max_power: 35.769800904204814
  t_arr: 12.072726496592182
  t_dep: 8.717566982904698
