vehicle:
  capacity: 138.3034384174145
  capacity_demand: 60.78623202573995
  charge_effi: 0.8990456566640396
  discharge_effi: 0.5613442638702791
  max_power: 32.62589725214383
  t_arr: 14.28719518994184
  t_dep: 8.147144277171737
