vehicle:
  capacity: 140.26211174371028
  capacity_demand: 71.00915097991502
  charge_effi: 1.1556183991001705
  discharge_effi: 0.6179314158468624
  max_power: 25.611093879898895
  t_arr: 15.828751231647397
  t_dep: 7.860010073839709
