vehicle:
  capacity: 127.94127658632065
  capacity_demand: 90.79564449256996
  charge_effi: 0.9528816098345668
  discharge_effi: 0.7051640652333664
  max_power: 34.45021511879235
  t_arr: 13.684501964332165
  t_dep: 9.74645231204091
