vehicle:
  capacity: 130.95926515937253
  capacity_demand: 59.90462796291412
  charge_effi: 1.1195160783051992
  discharge_effi: 0.7123773873615716
  max_power: 26.612375150125782
  t_arr: 13.05008539346171
  t_dep: 7.0478347008313085
