vehicle:
  capacity: 135.14677134047562
  capacity_demand: 68.42839040303689
  charge_effi: 1.0477939472712436
  discharge_effi: 0.5467168855398945
  max_power: 29.39552369951516
  t_arr: 13.602613675783871
  t_dep: 7.729428162275707
