vehicle:
  capacity: 123.39857365139677
  capacity_demand: 78.90021405856237
  charge_effi: 1.1335283791683948
  discharge_effi: 0.7804931711893318
  max_power: 36.70947709564271
  t_arr: 12.241721374259399
  t_dep: 7.917015054191799
