vehicle:
  capacity: 130.83766235054694
  capacity_demand: 63.8244855440158
  charge_effi: 0.8975201703572251
  discharge_effi: 0.7037756880422384
  max_power: 26.799323801066908
  t_arr: 13.911893216281813
  t_dep: 7.039689586155991
