vehicle:
  capacity: 115.80578997257874
  capacity_demand: 89.11375435206722
  charge_effi: 1.0348167969785032
  discharge_effi: 0.7124262885247789
  max_power: 31.005649069445468
  t_arr: 13.097779559829299
  t_dep: 8.77468463485231
