vehicle:
  capacity: 144.67573136454382
  capacity_demand: 74.3267149283789
  charge_effi: 1.1788956966495423
  discharge_effi: 0.5833444746070106
  max_power: 33.60748110137972
  t_arr: 16.601512942686078
  t_dep: 8.2336028374589
