vehicle:
  capacity: 120.485593705218
  capacity_demand: 72.88929226290531
  charge_effi: 1.2069372912703151
  discharge_effi: 0.7888344195529791
  max_power: 31.649363032927155
  t_arr: 13.832613987549141
  t_dep: 7.496775507974726
