vehicle:
  capacity: 142.2806606428409
  capacity_demand: 73.92090604489569
  charge_effi: 1.0161311208314792
  discharge_effi: 0.6934519020873318
  max_power: 31.889809812506638
  t_arr: 12.290521625550518
  t_dep: 6.25985540040368
