vehicle:
  capacity: 128.9360932465884
  capacity_demand: 76.44793466529825
  charge_effi: 0.957301698599293
  discharge_effi: 0.6832649738252675
  max_power: 36.58785499742133
  t_arr: 13.913396223319516
  t_dep: 7.9597655577200594
