vehicle:
  capacity: 117.07090695661924
  capacity_demand: 83.74406020250508
  charge_effi: 0.9949475100060786
  discharge_effi: 0.8314507216143525
  max_power: 31.728799996758823
  t_arr: 12.657998437901437
  t_dep: 9.113171767955036
