vehicle:
  capacity: 123.16476741641917
  capacity_demand: 62.0684743179513
  charge_effi: 1.013489983393679
  discharge_effi: 0.7755299806392831
  max_power: 29.742013972451197
  t_arr: 13.074817580488645
  t_dep: 8.241693538888466
