vehicle:
  capacity: 107.39661695296927
  capacity_demand: 70.29691264504463
  charge_effi: 1.0454550912383815
  discharge_effi: 0.6575745374642177
  max_power: 34.04605797628345
  t_arr: 11.451792132337783
  t_dep: 8.720797759808457
