vehicle:
  capacity: 112.73059958593541
  capacity_demand: 77.55070715613004
  charge_effi: 1.0497972507248357
  discharge_effi: 0.5549891598052806
  max_power: 30.779542189502713
  t_arr: 12.959248450459338
  t_dep: 7.1725717854662765
