vehicle:
  capacity: 123.83274125476572
  capacity_demand: 76.02738657557015
  charge_effi: 1.298824839146759
  discharge_effi: 0.8165719895412218
  max_power: 33.79263133222176
  t_arr: 12.214038540819768
  t_dep: 9.86107436085535
