vehicle:
  capacity: 111.61053096447475
  capacity_demand: 91.90485761637342
  charge_effi: 1.0329649629965927
  discharge_effi: 0.8461779440521193
  max_power: 30.275639283403
  t_arr: 13.436823245807647
  t_dep: 8.921050316037034
