vehicle:
  capacity: 134.59148139063294
  capacity_demand: 70.23375097557694
  charge_effi: 0.9385461774916057
  discharge_effi: 0.7895925785339701
  max_power: 27.29080259449035
  t_arr: 15.165854787535045
  t_dep: 7.757362051038903
