vehicle:
  capacity: 136.34764926660125
  capacity_demand: 71.39450785784403
  charge_effi: 0.9852131031635006
  discharge_effi: 0.6772040532910681
  max_power: 31.384471773277106
  t_arr: 13.951469753015465
  t_dep: 6.513408925241245
