vehicle:
  capacity: 149.4963157226428
  capacity_demand: 63.59284929385965
  charge_effi: 1.0049857601832266
  discharge_effi: 0.6191386764157323
  max_power: 30.120182709172877
  t_arr: 14.805317718557243
  t_dep: 9.093964725433423
