vehicle:
  capacity: 127.17646075979403
  capacity_demand: 62.78341494366276
  charge_effi: 1.1216079113165438
  discharge_effi: 0.6740640802620015
  max_power: 32.96042473830568
  t_arr: 13.69385236543473
  t_dep: 7.373297155119721
