vehicle:
  capacity: 139.18537127289312
  capacity_demand: 84.58778710704628
  charge_effi: 0.8795279286163824
  discharge_effi: 0.7436284560244912
  max_power: 27.325144477945447
  t_arr: 12.635195854087694
  t_dep: 7.531100282407736
