vehicle:
  capacity: 116.67057747519623
  capacity_demand: 66.96499137928126
  charge_effi: 1.0555729560653329
  discharge_effi: 0.7793551835124202
  max_power: 28.601826551821507
  t_arr: 13.506946820573587
  t_dep: 8.224656107937907
