vehicle:
  capacity: 102.74513528998068
  capacity_demand: 68.71531661247596
  charge_effi: 1.0815538159466171
  discharge_effi: 0.7918505633315446
  max_power: 34.24565243860145
  t_arr: 11.90424861341998
  t_dep: 8.108604114555888
