vehicle:
  capacity: 106.24834915259821
  capacity_demand: 78.30417251545921
  charge_effi: 0.861057563734984
  discharge_effi: 0.6762990419448113
  max_power: 27.303073189194453
  t_arr: 13.742733503862656
  t_dep: 8.795245468382829
