vehicle:
  capacity: 112.45280199724482
  capacity_demand: 76.25207841634573
  charge_effi: 0.9650797859760732
  discharge_effi: 0.5430514252918754
  max_power: 29.40372416701718
  t_arr: 14.224755022902116
  t_dep: 7.859233519233196
