vehicle:
  capacity: 164.57311872179736
  capacity_demand: 73.73281135828458
  charge_effi: 0.8548295836237635
  discharge_effi: 0.7918101978370357
  max_power: 31.952501404161758
  t_arr: 12.157590301636374
  t_dep: 6.636721779265269
