vehicle:
  capacity: 108.53729099066913
  capacity_demand: 89.50573497715223
  charge_effi: 0.9752385673820193
  discharge_effi: 0.9433754626116074
  max_power: 30.644058795667018
  t_arr: 12.462451965489667
  t_dep: 7.741445931312358
