vehicle:
  capacity: 90.44788221354156
  capacity_demand: 84.81091014525325
  charge_effi: 0.9327407041435163
  discharge_effi: 0.6765967453598997
  max_power: 24.456254796471143
  t_arr: 12.967482337561101
  t_dep: 8.853081657274245
