vehicle:
  capacity: 136.77476730994783
  capacity_demand: 68.40408693801156
  charge_effi: 0.9087765749116551
  discharge_effi: 0.7064378595602367
  max_power: 24.78484439534152
  t_arr: 14.004607210596403
  t_dep: 7.246188808344932
