vehicle:
  capacity: 115.81084504549541
  capacity_demand: 79.78790157733506
  charge_effi: 1.0115037380384195
  discharge_effi: 0.726600350571807
  max_power: 27.90186915744123
  t_arr: 13.173443715609743
  t_dep: 6.238038769087059
