vehicle:
  capacity: 102.81925346798222
  capacity_demand: 76.45701628464273
  charge_effi: 1.0793422384600828
  discharge_effi: 0.7985116233164744
  max_power: 36.019629210044435
  t_arr: 12.151780826806053
  t_dep: 8.391791519826176
