vehicle:
  capacity: 135.53767010147254
  capacity_demand: 72.0281392799239
  charge_effi: 1.0854899305447612
  discharge_effi: 0.6476307107438383
  max_power: 33.88777099682479
  t_arr: 13.39483632384143
  t_dep: 9.159738799388792
