vehicle:
  capacity: 130.1212717984832
  capacity_demand: 62.20428568614923
  charge_effi: 1.0357711461882395
  discharge_effi: 0.5878091907980304
  max_power: 35.18999559384776
  t_arr: 10.968340483747024
  t_dep: 6.934874528681815
