vehicle:
  capacity: 132.90279763232977
  capacity_demand: 67.37951860191627
  charge_effi: 0.91562087229921
  discharge_effi: 0.6570610452940688
  max_power: 26.820788632938942
  t_arr: 13.34226116855436
  t_dep: 8.22432295893288
