vehicle:
  capacity: 113.286255488981
  capacity_demand: 87.55459810869883
  charge_effi: 0.9828564142021486
  discharge_effi: 0.636975819237693
  max_power: 31.48198549142213
  t_arr: 12.505222025888122
  t_dep: 7.354911922630333
