vehicle:
  capacity: 113.07983840055408
  capacity_demand: 83.78345312664354
  charge_effi: 1.0717937480171391
  discharge_effi: 0.6832800009738098
  max_power: 29.68210145618989
  t_arr: 10.89497479633796
  t_dep: 7.679720159524356
