vehicle:
  capacity: 117.63995581019068
  capacity_demand: 81.64401351157336
  charge_effi: 0.9296333698801589
  discharge_effi: 0.585367649569335
  max_power: 31.146062214641095
  t_arr: 12.48580604046095
  t_dep: 8.13946960528655
