vehicle:
  capacity: 92.87957643885618
  capacity_demand: 77.21827180727047
  charge_effi: 0.8993139993701553
  discharge_effi: 0.7588281884957924
  max_power: 24.478324155115946
  t_arr: 13.885867858153308
  t_dep: 6.686051573566275
