vehicle:
  capacity: 125.854101017632
  capacity_demand: 80.91758824522356
  charge_effi: 0.8861312698181201
  discharge_effi: 0.7147097257468699
  max_power: 30.44402956680847
  t_arr: 11.82612187956008
  t_dep: 7.8906325173820235
