vehicle:
  capacity: 139.82244878827368
  capacity_demand: 78.39726154257603
  charge_effi: 1.0893840423135908
  discharge_effi: 0.6375518979874716
  max_power: 34.44500869795398
  t_arr: 15.112110721488797
  t_dep: 6.7301214346894005
