vehicle:
  capacity: 129.82333299938585
  capacity_demand: 58.836677673614204
  charge_effi: 0.9936433575049755
  discharge_effi: 0.708323467858514
  max_power: 32.87342860544954
  t_arr: 16.688949267524507
  t_dep: 7.287584377463094
