vehicle:
  capacity: 140.59067926562884
  capacity_demand: 74.11267431368532
  charge_effi: 1.094841942267631
  discharge_effi: 0.7329676222213152
  max_power: 34.67851683621034
  t_arr: 16.27920745837305
  t_dep: 7.585855653165449
