vehicle:
  capacity: 100.72399821012587
  capacity_demand: 60.603646656035735
  charge_effi: 0.9535827903745825
  discharge_effi: 0.6719633553735758
  max_power: 32.43910825184925
  t_arr: 13.287280876104072
  t_dep: 7.499829890949897
