vehicle:
  capacity: 116.74931757344098
  capacity_demand: 80.1217083558471
  charge_effi: 0.9557993554648339
  discharge_effi: 0.610007628599977
  max_power: 25.37532411196739
  t_arr: 12.282907756501073
  t_dep: 6.860826291793002
