vehicle:
  capacity: 123.3976455998523
  capacity_demand: 78.44615775748608
  charge_effi: 1.0529211596165235
  discharge_effi: 0.7666555768827691
  max_power: 31.479999625407356
  t_arr: 11.290167040061325
  t_dep: 9.660881156089193
