vehicle:
  capacity: 137.94220467518062
  capacity_demand: 62.97595772096173
  charge_effi: 1.0154097229972294
  discharge_effi: 0.745216727216808
  max_power: 28.473793216035162
  t_arr: 14.44142446810999
  t_dep: 7.890377818361287
