vehicle:
  capacity: 119.08218897950626
  capacity_demand: 80.32279823599556
  charge_effi: 1.0817407621898705
  discharge_effi: 0.7129897949060222
  max_power: 34.29092961810103
  t_arr: 13.270530622642191
  t_dep: 7.9260731790974095
