vehicle:
  capacity: 139.11336556763916
  capacity_demand: 73.75082509850897
  charge_effi: 0.9368168176935455
  discharge_effi: 0.6603229764574421
  max_power: 32.32079735918481
  t_arr: 13.764024410226922
  t_dep: 8.82717960098747
