vehicle:
  capacity: 100.39350058548692
  capacity_demand: 60.69829389445855
  charge_effi: 1.0795892421983073
  discharge_effi: 0.6988186348716211
  max_power: 29.211869163716354
  t_arr: 12.893288952823864
  t_dep: 8.697515754069773
