vehicle:
  capacity: 104.70772492769912
  capacity_demand: 82.39055912978993
  charge_effi: 1.0506601482675555
  discharge_effi: 0.69310837066534
  max_power: 30.177038578892272
  t_arr: 13.18558607798254
  t_dep: 7.370883460089581
