vehicle:
  capacity: 143.8050036863114
  capacity_demand: 68.30115232855024
  charge_effi: 0.9710135320504212
  discharge_effi: 0.5796269228824008
  max_power: 29.871164460775983
  t_arr: 12.682505012527594
  t_dep: 6.453686126692427
