vehicle:
  capacity: 124.88551850932984
  capacity_demand: 78.37087643962761
  charge_effi: 0.9546722566928648
  discharge_effi: 0.7412817974531035
  max_power: 33.03853721483323
  t_arr: 15.190284036184483
  t_dep: 7.292675723570005
