vehicle:
  capacity: 119.51462520000682
  capacity_demand: 57.75084774578936
  charge_effi: 0.8760034113631824
  discharge_effi: 0.6217808597213929
  max_power: 27.558186532219196
  t_arr: 14.805231587626901
  t_dep: 7.602715939448523
