vehicle:
  capacity: 95.68287605250897
  capacity_demand: 72.75192129508412
  charge_effi: 0.955253749580814
  discharge_effi: 0.8765842125242962
  max_power: 35.81339412772703
  t_arr: 12.348134227459102
  t_dep: 7.194701251260425
