vehicle:
  capacity: 109.52015992610782
  capacity_demand: 65.13844529712432
  charge_effi: 0.8937908515666435
  discharge_effi: 0.5327576178656525
  max_power: 35.594158476293075
  t_arr: 13.434069240619403
  t_dep: 7.191088659647574
