vehicle:
  capacity: 102.01104837414839
  capacity_demand: 90.85060537365328
  charge_effi: 1.0201044567961919
  discharge_effi: 0.7580397434916412
  max_power: 34.29747591099129
  t_arr: 13.123096702130576
  t_dep: 7.379265742767821
