vehicle:
  capacity: 118.30246854468457
  capacity_demand: 78.1483406991743
  charge_effi: 0.9118444706767992
  discharge_effi: 0.6538079785031632
  max_power: 30.66363112815009
  t_arr: 15.430728280199006
  t_dep: 8.407444363649564
