vehicle:
  capacity: 100.61109384714312
  capacity_demand: 89.72026852883252
  charge_effi: 1.0254641184496958
  discharge_effi: 0.740018479268079
  max_power: 32.28697253415638
  t_arr: 13.218516843555747
  t_dep: 7.668837785204091
