vehicle:
  capacity: 102.40884775788581
  capacity_demand: 83.54719631054279
  charge_effi: 1.024968435952098
  discharge_effi: 0.899913554699481
  max_power: 30.93778994916078
  t_arr: 12.529581396373269
  t_dep: 10.01242647063202
