vehicle:
  capacity: 128.82023902734394
  capacity_demand: 102.14022939125283
  charge_effi: 0.9995311728313024
  discharge_effi: 0.799785916726575
  max_power: 30.72085651790541
  t_arr: 12.667521719084078
  t_dep: 7.771727120077455
