vehicle:
  capacity: 83.93576804048935
  capacity_demand: 99.51714376885378
  charge_effi: 1.0737841062082243
  discharge_effi: 0.628209714159448
  max_power: 24.140728593860807
  t_arr: 9.492836365237292
  t_dep: 7.469811727882084
