vehicle:
  capacity: 137.1867313093986
  capacity_demand: 70.8021516269236
  charge_effi: 0.9819552036796159
  discharge_effi: 0.6699287396223651
  max_power: 33.34151367016048
  t_arr: 12.285333683519456
  t_dep: 8.195727884735671
