vehicle:
  capacity: 119.28562685275693
  capacity_demand: 69.16143149628687
  charge_effi: 0.8612689325115802
  discharge_effi: 0.827777870526249
  max_power: 33.08027052750353
  t_arr: 12.68423570229574
  t_dep: 9.739082055299528
