vehicle:
  capacity: 128.61258094368404
  capacity_demand: 71.86455504961732
  charge_effi: 0.9417123060287981
  discharge_effi: 0.6659532960219525
  max_power: 31.546743790865495
  t_arr: 13.679915105276182
  t_dep: 7.7776774300928855
