vehicle:
  capacity: 110.97594603270302
  capacity_demand: 77.4235465509476
  charge_effi: 1.0334229012635354
  discharge_effi: 0.5532276684433769
  max_power: 37.93593982548441
  t_arr: 13.939752057436293
  t_dep: 9.61555497911988
