vehicle:
  capacity: 152.73410896849592
  capacity_demand: 58.06520935769692
  charge_effi: 0.9328035050857014
  discharge_effi: 0.5799375335869389
  max_power: 24.643233695812942
  t_arr: 13.608711618860127
  t_dep: 6.178892330097823
