vehicle:
  capacity: 103.2596491778673
  capacity_demand: 80.91834894580302
  charge_effi: 0.9863183090112251
  discharge_effi: 0.8394199015144904
  max_power: 28.606884505784777
  t_arr: 13.715277159745565
  t_dep: 7.183718701960308
