vehicle:
  capacity: 118.96231244311727
  capacity_demand: 80.94210083107015
  charge_effi: 1.1827521503270448
  discharge_effi: 0.6708524406374944
  max_power: 31.27887894604021
  t_arr: 15.324610170488905
  t_dep: 8.530395613511661
