vehicle:
  capacity: 138.49198861487548
  capacity_demand: 71.36312446510992
  charge_effi: 0.9608902775439276
  discharge_effi: 0.6990799672005615
  max_power: 33.72672666856733
  t_arr: 13.75919161456543
  t_dep: 8.390710388832003
