vehicle:
  capacity: 124.84910268480724
  capacity_demand: 75.80717346883418
  charge_effi: 0.8882620269449816
  discharge_effi: 0.7530686895015297
  max_power: 33.13095435204604
  t_arr: 11.92687443235169
  t_dep: 7.692595240916698
