vehicle:
  capacity: 116.27760429815667
  capacity_demand: 58.336106021420164
  charge_effi: 1.077195598502371
  discharge_effi: 0.6713968589975221
  max_power: 33.54282152819372
  t_arr: 12.295941918003658
  t_dep: 7.191146473760903
