vehicle:
  capacity: 123.87413361544348
  capacity_demand: 76.04468933956706
  charge_effi: 0.8519882559169178
  discharge_effi: 0.7264989977845255
  max_power: 31.326786144984172
  t_arr: 13.612338159379826
  t_dep: 7.829876976455219
