vehicle:
  capacity: 107.60038377318484
  capacity_demand: 82.93455591832812
  charge_effi: 1.0523852838251448
  discharge_effi: 0.684181161426624
  max_power: 38.098920024872974
  t_arr: 12.752675747148718
  t_dep: 8.830118424997588
