vehicle:
  capacity: 108.78993235040491
  capacity_demand: 72.78279207833519
  charge_effi: 1.0446684575660479
  discharge_effi: 0.7756771646304005
  max_power: 32.08091938563956
  t_arr: 11.058356000857367
  t_dep: 7.9452515874489
