vehicle:
  capacity: 133.65661514732875
  capacity_demand: 68.66419709818587
  charge_effi: 0.9831964514263541
  discharge_effi: 0.7383074859737843
  max_power: 32.52057515110939
  t_arr: 12.75046545333333
  t_dep: 8.924387603113564
