vehicle:
  capacity: 122.52002562053298
  capacity_demand: 82.76306844314394
  charge_effi: 1.0469453381602272
  discharge_effi: 0.7087227432572667
  max_power: 33.07091278762905
  t_arr: 11.500735223009315
  t_dep: 8.486594609939209
