vehicle:
  capacity: 124.554292064647
  capacity_demand: 51.2553761357889
  charge_effi: 0.9569903177502541
  discharge_effi: 0.7956392207775341
  max_power: 27.810809857070467
  t_arr: 13.739118739679741
  t_dep: 7.674066445319132
