vehicle:
  capacity: 117.97540067573529
  capacity_demand: 72.13133325196743
  charge_effi: 0.779694727257473
  discharge_effi: 0.6739842572819376
  max_power: 28.6353461794438
  t_arr: 13.817211170955671
  t_dep: 6.5749343658485
