vehicle:
  capacity: 121.90762243884039
  capacity_demand: 79.17429297111666
  charge_effi: 0.8601528072018073
  discharge_effi: 0.7874825040564039
  max_power: 30.468348947623273
  t_arr: 13.5819742111055
  t_dep: 9.702365044888147
