vehicle:
  capacity: 122.92750524858586
  capacity_demand: 72.14825989711817
  charge_effi: 0.935374799892899
  discharge_effi: 0.7442263616700491
  max_power: 25.548191197583566
  t_arr: 12.434934398725403
  t_dep: 8.706893287860868
