vehicle:
  capacity: 125.72490866509372
  capacity_demand: 83.25114224125313
  charge_effi: 0.9727647983610026
  discharge_effi: 0.822109924006085
  max_power: 32.589822420262884
  t_arr: 14.204091635175846
  t_dep: 8.372271022508656
