vehicle:
  capacity: 120.52850985401366
  capacity_demand: 69.78400421540894
  charge_effi: 1.0907066943873085
  discharge_effi: 0.6115502954299893
  max_power: 30.805960083679604
  t_arr: 11.071798871068507
  t_dep: 7.398173554962638
