vehicle:
  capacity: 119.93776394380369
  capacity_demand: 73.70318592655651
  charge_effi: 0.8750044996808477
  discharge_effi: 0.7581086852506801
  max_power: 32.08337586665971
  t_arr: 10.88206666531551
  t_dep: 8.508212409824038
