vehicle:
  capacity: 105.35731612937846
  capacity_demand: 88.61465740824248
  charge_effi: 0.868617988536792
  discharge_effi: 0.6457528139748064
  max_power: 31.107142499772067
  t_arr: 13.187181945777091
  t_dep: 7.542338885402649
