vehicle:
  capacity: 111.87743875011654
  capacity_demand: 86.27189015538121
  charge_effi: 0.9722282603595298
  discharge_effi: 0.8200156400886639
  max_power: 29.168548144312023
  t_arr: 12.313405712487025
  t_dep: 8.835407942259312
