vehicle:
  capacity: 107.62658565948239
  capacity_demand: 77.22666128633627
  charge_effi: 0.9248699640314267
  discharge_effi: 0.7402386307454419
  max_power: 32.50309930417518
  t_arr: 12.917141918258725
  t_dep: 10.192821478861942
