vehicle:
  capacity: 132.60742512732259
  capacity_demand: 78.95517511309814
  charge_effi: 1.0297264332705771
  discharge_effi: 0.6895449511957165
  max_power: 32.81509039928686
  t_arr: 13.537470486169497
  t_dep: 9.207925610249607
