vehicle:
  capacity: 121.49768859655167
  capacity_demand: 70.30268695107277
  charge_effi: 1.2182404895153778
  discharge_effi: 0.8447737295406216
  max_power: 32.811694589211406
  t_arr: 12.585978216172535
  t_dep: 8.696079906799204
