vehicle:
  capacity: 141.71207430250007
  capacity_demand: 62.117849897752514
  charge_effi: 1.004101046238147
  discharge_effi: 0.7892108471701635
  max_power: 29.969796559134625
  t_arr: 13.108126349581896
  t_dep: 7.847854645993173
