vehicle:
  capacity: 103.86556208270412
  capacity_demand: 73.58637901592871
  charge_effi: 0.9992061487583258
  discharge_effi: 0.7727504262257053
  max_power: 36.00924376709196
  t_arr: 13.660433423503994
  t_dep: 8.85785447872853
