vehicle:
  capacity: 143.67619368421975
  capacity_demand: 74.93146138838287
  charge_effi: 1.0931560336951238
  discharge_effi: 0.8062286007657303
  max_power: 29.51216522382097
  t_arr: 14.344067861599287
  t_dep: 8.987536123417621
