vehicle:
  capacity: 117.89095780524065
  capacity_demand: 70.3428383313483
  charge_effi: 1.0348889015301128
  discharge_effi: 0.7097118043289719
  max_power: 35.79652955125982
  t_arr: 11.956329379819724
  t_dep: 9.765699474421655
