vehicle:
  capacity: 106.88100725871595
  capacity_demand: 79.72570680827424
  charge_effi: 1.0214389843037925
  discharge_effi: 0.7426183426490655
  max_power: 32.53231118665854
  t_arr: 16.169511644194376
  t_dep: 7.92067829672357
