vehicle:
  capacity: 107.04137801223737
  capacity_demand: 77.75772737957072
  charge_effi: 0.9237364875466991
  discharge_effi: 0.7969129127953878
  max_power: 32.32631917366821
  t_arr: 13.887299244371325
  t_dep: 9.773677486576405
