vehicle:
  capacity: 109.45229072427706
  capacity_demand: 74.08559327417433
  charge_effi: 0.903648221112014
  discharge_effi: 0.8693904694737877
  max_power: 37.05557647965663
  t_arr: 12.716973518568365
  t_dep: 7.9449831584593955
