vehicle:
  capacity: 123.13884378647505
  capacity_demand: 65.61002781486108
  charge_effi: 0.8828092947850598
  discharge_effi: 0.6818581034966015
  max_power: 32.056661590463825
  t_arr: 16.1765195425764
  t_dep: 8.340915384234615
