vehicle:
  capacity: 127.91766553280523
  capacity_demand: 93.06106390772018
  charge_effi: 1.1617834049659364
  discharge_effi: 0.7684127266789316
  max_power: 32.497469712281884
  t_arr: 14.70913802499032
  t_dep: 8.643457636662427
