vehicle:
  capacity: 122.05440127115742
  capacity_demand: 70.9282621901927
  charge_effi: 1.0015003499792234
  discharge_effi: 0.7934519996241276
  max_power: 29.748670199901355
  t_arr: 12.934633211161422
  t_dep: 7.94919167550016
