vehicle:
  capacity: 126.52027313698775
  capacity_demand: 63.568063024142674
  charge_effi: 1.0305950743715488
  discharge_effi: 0.7361662931582541
  max_power: 29.950653294661286
  t_arr: 12.264380332185102
  t_dep: 7.994121282692533
