vehicle:
  capacity: 131.71764043694796
  capacity_demand: 72.23185716313775
  charge_effi: 0.9796435469892801
  discharge_effi: 0.583210433778309
  max_power: 32.54450749641199
  t_arr: 14.37883499116688
  t_dep: 8.61807125747678
