vehicle:
  capacity: 133.0637679588532
  capacity_demand: 73.36382787174226
  charge_effi: 0.9922869218998922
  discharge_effi: 0.6810154643343913
  max_power: 30.57994124967768
  t_arr: 13.370065512441474
  t_dep: 7.759709191102915
