vehicle:
  capacity: 135.28487184935747
  capacity_demand: 75.26676343186234
  charge_effi: 0.9334287331169818
  discharge_effi: 0.7633365839581724
  max_power: 33.80136418305292
  t_arr: 12.787554045156584
  t_dep: 8.722933255927098
