vehicle:
  capacity: 112.70183567379942
  capacity_demand: 94.86234486709174
  charge_effi: 0.8906730526435677
  discharge_effi: 0.766842625694234
  max_power: 40.23401589933422
  t_arr: 11.842043183706245
  t_dep: 8.961301931882211
