vehicle:
  capacity: 126.1746541109613
  capacity_demand: 66.51065143215422
  charge_effi: 0.8050611613167897
  discharge_effi: 0.6434430163251951
  max_power: 30.211160254873697
  t_arr: 14.941190870172113
  t_dep: 7.1825725673106104
