vehicle:
  capacity: 125.95571237039505
  capacity_demand: 66.88076793091166
  charge_effi: 0.9605433312184476
  discharge_effi: 0.7001417893337539
  max_power: 31.601874824302
  t_arr: 13.5165925273178
  t_dep: 7.4994114291854785
