vehicle:
  capacity: 122.02550017396143
  capacity_demand: 61.07810868543133
  charge_effi: 0.9142613848897118
  discharge_effi: 0.6905055996715501
  max_power: 29.742861512426384
  t_arr: 11.301298323035676
  t_dep: 8.17885747146315
