vehicle:
  capacity: 128.15628980735232
  capacity_demand: 62.125396850134834
  charge_effi: 0.8987760557081549
  discharge_effi: 0.6189321423641099
  max_power: 35.702577750789416
  t_arr: 11.811066748497149
  t_dep: 7.461435931489528
