vehicle:
  capacity: 127.80733426593045
  capacity_demand: 65.21736073875249
  charge_effi: 1.175381707275707
  discharge_effi: 0.9697446751316829
  max_power: 31.718141850947003
  t_arr: 11.57476894733122
  t_dep: 8.702937625414796
