vehicle:
  capacity: 116.32245524281602
  capacity_demand: 84.72229528136316
  charge_effi: 1.1647105891090372
  discharge_effi: 0.6389168539700761
  max_power: 29.206862191299045
  t_arr: 16.29837695089005
  t_dep: 8.779042572875957
