vehicle:
  capacity: 132.24330998014045
  capacity_demand: 73.91070502645925
  charge_effi: 0.9217147320948057
  discharge_effi: 0.6360694024277527
  max_power: 30.562719578578463
  t_arr: 14.017924928844282
  t_dep: 7.741509117782767
