vehicle:
  capacity: 121.94772924136488
  capacity_demand: 84.57582001002497
  charge_effi: 0.9780101904945366
  discharge_effi: 0.8454218076579022
  max_power: 29.68759008267126
  t_arr: 14.02129936852734
  t_dep: 6.953935333509
