vehicle:
  capacity: 150.38711688402358
  capacity_demand: 67.05243292602107
  charge_effi: 0.9571820889681862
  discharge_effi: 0.6743051460272479
  max_power: 33.57171723779014
  t_arr: 14.826488666267686
  t_dep: 8.592258035434877
