vehicle:
  capacity: 142.858468081475
  capacity_demand: 71.37489662087802
  charge_effi: 1.0462085098929859
  discharge_effi: 0.6840360594153243
  max_power: 28.592447753791177
  t_arr: 14.75231376232396
  t_dep: 8.211286189152899
