vehicle:
  capacity: 120.7832529575104
  capacity_demand: 84.36692346621275
  charge_effi: 1.0054649233992874
  discharge_effi: 0.608446113490209
  max_power: 32.83846842069064
  t_arr: 13.282594774826656
  t_dep: 7.16964275447186
