vehicle:
  capacity: 131.87997533419383
  capacity_demand: 70.92220615711709
  charge_effi: 0.9998323096441357
  discharge_effi: 0.782739284658727
  max_power: 36.75170348254853
  t_arr: 12.556272044191969
  t_dep: 8.628626376483359
