vehicle:
  capacity: 109.45512441857987
  capacity_demand: 81.89763554763172
  charge_effi: 0.8867922085040703
  discharge_effi: 0.6991642349079397
  max_power: 35.838517719749426
  t_arr: 13.311663760231967
  t_dep: 8.42580780795117
