vehicle:
  capacity: 110.35869536907268
  capacity_demand: 73.09754859827609
  charge_effi: 0.8020755306112661
  discharge_effi: 0.6893188436362643
  max_power: 39.17197043925334
  t_arr: 13.176391495266346
  t_dep: 7.696740121949748
