vehicle:
  capacity: 148.09450429076082
  capacity_demand: 61.105273385666145
  charge_effi: 1.0331478000144976
  discharge_effi: 0.7559536359390993
  max_power: 33.61341272934265
  t_arr: 13.930731887583912
  t_dep: 7.885853189579393
