vehicle:
  capacity: 129.2905665689294
  capacity_demand: 76.59091152587217
  charge_effi: 0.7882209222424259
  discharge_effi: 0.7146633267637097
  max_power: 31.891062261092678
  t_arr: 10.666573972267917
  t_dep: 9.92338005130569
