vehicle:
  capacity: 107.14260183380345
  capacity_demand: 84.45760829307964
  charge_effi: 1.0054224635544735
  discharge_effi: 0.7903156485421919
  max_power: 25.974711255458026
  t_arr: 12.244295242274536
  t_dep: 8.301752166880675
