vehicle:
  capacity: 155.13928861167952
  capacity_demand: 71.82185978675733
  charge_effi: 0.8990974468129826
  discharge_effi: 0.7383966756889231
  max_power: 31.924672571284287
  t_arr: 12.407815041496695
  t_dep: 6.740664204464546
