vehicle:
  capacity: 149.02496635415048
  capacity_demand: 60.962710261277216
  charge_effi: 0.9199070091761272
  discharge_effi: 0.5759878277837068
  max_power: 29.51771170705627
  t_arr: 15.332962100262394
  t_dep: 6.564619482438108
