vehicle:
  capacity: 125.00896593179024
  capacity_demand: 74.29480388544694
  charge_effi: 1.020423410635545
  discharge_effi: 0.6419569651227542
  max_power: 34.84408968459425
  t_arr: 11.866920422514639
  t_dep: 8.390727053663687
