vehicle:
  capacity: 134.95359765153722
  capacity_demand: 77.6463553055329
  charge_effi: 1.1052870617588917
  discharge_effi: 0.6157645607121348
  max_power: 29.29551456275947
  t_arr: 13.081584995532165
  t_dep: 7.630254141581218
