vehicle:
  capacity: 91.19167697132154
  capacity_demand: 69.78206198382112
  charge_effi: 1.056995649822505
  discharge_effi: 0.6160563223499613
  max_power: 35.88367207947813
  t_arr: 10.706388244838198
  t_dep: 7.78804316681
