vehicle:
  capacity: 130.1584808758278
  capacity_demand: 67.66467810741077
  charge_effi: 0.9723782964487909
  discharge_effi: 0.5984667589876145
  max_power: 23.07534013975644
  t_arr: 14.615762034390672
  t_dep: 5.410844108527171
