vehicle:
  capacity: 123.92298201664165
  capacity_demand: 71.01332382545534
  charge_effi: 1.147625300017093
  discharge_effi: 0.7041083926814213
  max_power: 28.52610984302332
  t_arr: 14.3923461774093
  t_dep: 7.466047976059768
