vehicle:
  capacity: 130.62604343247534
  capacity_demand: 75.09337537682235
  charge_effi: 1.1289293913498153
  discharge_effi: 0.6768824994544753
  max_power: 24.805288432363326
  t_arr: 14.223565849005231
  t_dep: 8.559395278692184
