vehicle:
  capacity: 131.95937062543
  capacity_demand: 73.2250262673309
  charge_effi: 1.0504730580942765
  discharge_effi: 0.6298481590200729
  max_power: 25.48628304965394
  t_arr: 14.151610520599519
  t_dep: 6.064027066824488
