vehicle:
  capacity: 146.5455824967066
  capacity_demand: 69.45246216533415
  charge_effi: 1.0175923171682166
  discharge_effi: 0.722485273311824
  max_power: 32.61602283168659
  t_arr: 13.278665076753159
  t_dep: 8.046790365378135
