vehicle:
  capacity: 104.51969884348013
  capacity_demand: 78.08939848759756
  charge_effi: 1.0078903493328488
  discharge_effi: 0.6290709439578148
  max_power: 33.937289032156905
  t_arr: 13.190315236529825
  t_dep: 7.5816868865638645
