vehicle:
  capacity: 130.23272549851947
  capacity_demand: 75.8784419523607
  charge_effi: 0.8946543285246736
  discharge_effi: 0.6120702389942467
  max_power: 20.98368415824784
  t_arr: 13.287692304044873
  t_dep: 7.43362441727473
