vehicle:
  capacity: 96.15489550958367
  capacity_demand: 75.74638984573265
  charge_effi: 0.9788619841661601
  discharge_effi: 0.8065065926913932
  max_power: 34.27039177058502
  t_arr: 10.820840314274037
  t_dep: 8.558678058496854
