vehicle:
  capacity: 114.34494894784795
  capacity_demand: 80.84978716217593
  charge_effi: 1.068119789858023
  discharge_effi: 0.7349197134585632
  max_power: 31.645757787496752
  t_arr: 13.716910366201665
  t_dep: 9.006053398269788
