vehicle:
  capacity: 103.08522816262463
  capacity_demand: 81.22153036901614
  charge_effi: 1.0064840151788275
  discharge_effi: 0.7545299530078148
  max_power: 28.470758107828285
  t_arr: 13.195717370988415
  t_dep: 9.197000904645742
