vehicle:
  capacity: 98.54564383817309
  capacity_demand: 76.70003321792733
  charge_effi: 1.2011912910050422
  discharge_effi: 0.6250035765946836
  max_power: 33.7100327233548
  t_arr: 14.710908710660414
  t_dep: 8.330865363282005
