vehicle:
  capacity: 117.02690095381436
  capacity_demand: 81.8200610566353
  charge_effi: 0.9354188740407259
  discharge_effi: 0.7839209548369529
  max_power: 34.562907048929375
  t_arr: 11.320533629706969
  t_dep: 9.11768453438684
