vehicle:
  capacity: 96.19428904629831
  capacity_demand: 89.91824961368219
  charge_effi: 1.077341672952178
  discharge_effi: 0.6939106324654212
  max_power: 34.93931936565311
  t_arr: 10.99352327601153
  t_dep: 6.980920613092928
