vehicle:
  capacity: 87.37619441986135
  capacity_demand: 76.54345256833857
  charge_effi: 1.174330870686798
  discharge_effi: 0.8197146678949874
  max_power: 30.66518706143959
  t_arr: 14.713498690595912
  t_dep: 7.574266348451543
