vehicle:
  capacity: 133.48865265256535
  capacity_demand: 68.68890678838613
  charge_effi: 1.0322737286978847
  discharge_effi: 0.7864845591091305
  max_power: 30.06974960068966
  t_arr: 13.813499417397724
  t_dep: 7.629338901110992
