vehicle:
  capacity: 147.8008652388534
  capacity_demand: 67.34199917451055
  charge_effi: 0.9350415385714455
  discharge_effi: 0.7093335024248824
  max_power: 26.42969097546538
  t_arr: 13.479355117080376
  t_dep: 8.372573740139098
