vehicle:
  capacity: 129.46835665639912
  capacity_demand: 68.84205480268241
  charge_effi: 1.0444536242048221
  discharge_effi: 0.55009808897739
  max_power: 29.380637009646904
  t_arr: 15.316704492353022
  t_dep: 6.4875665522641635
