vehicle:
  capacity: 89.78300889016626
  capacity_demand: 93.29698757727698
  charge_effi: 0.7893659228776815
  discharge_effi: 0.768044910012853
  max_power: 27.978946126418553
  t_arr: 11.35484418228765
  t_dep: 7.484137960714443
