vehicle:
  capacity: 119.72478275805813
  capacity_demand: 83.30117645654288
  charge_effi: 0.9339115215034679
  discharge_effi: 0.7399107954467119
  max_power: 31.547322476347134
  t_arr: 14.226895371636145
  t_dep: 7.217503634514294
