vehicle:
  capacity: 125.87210223600353
  capacity_demand: 75.49082061703211
  charge_effi: 1.0616733415751591
  discharge_effi: 0.7623792948727703
  max_power: 32.69719169167621
  t_arr: 12.01130822625663
  t_dep: 7.044874606230421
