vehicle:
  capacity: 140.77860548308198
  capacity_demand: 73.75165899279875
  charge_effi: 0.9418981106558688
  discharge_effi: 0.6477615968818019
  max_power: 33.96673050594076
  t_arr: 14.245209198777241
  t_dep: 7.803098430331345
