vehicle:
  capacity: 113.25175456531422
  capacity_demand: 82.08208470018417
  charge_effi: 0.8452646276800921
  discharge_effi: 0.6956974002596854
  max_power: 29.73928962308559
  t_arr: 12.123315633856313
  t_dep: 6.622041459080793
