vehicle:
  capacity: 112.0482227549881
  capacity_demand: 77.87910360637609
  charge_effi: 0.958580292389626
  discharge_effi: 0.854957437851618
  max_power: 33.53769457059713
  t_arr: 15.586062524359868
  t_dep: 8.429371962401277
