vehicle:
  capacity: 100.53456161181785
  capacity_demand: 86.62486830101238
  charge_effi: 0.9823074633456865
  discharge_effi: 0.7302081949626099
  max_power: 37.10096042315927
  t_arr: 15.78978037436108
  t_dep: 9.647412013542292
