vehicle:
  capacity: 124.89817812142905
  capacity_demand: 65.48744784345766
  charge_effi: 0.8878723541746082
  discharge_effi: 0.6449400500123806
  max_power: 30.995945781746556
  t_arr: 14.112089076150795
  t_dep: 8.554472383093383
