vehicle:
  capacity: 119.30739570001246
  capacity_demand: 92.45793168993049
  charge_effi: 1.1006611039464909
  discharge_effi: 0.8021524247130752
  max_power: 35.80831772908536
  t_arr: 13.065643376484667
  t_dep: 8.039328912339807
