vehicle:
  capacity: 109.82683806676343
  capacity_demand: 58.20161911471717
  charge_effi: 0.8725858626214429
  discharge_effi: 0.7606960104746636
  max_power: 35.75737498832427
  t_arr: 12.87611659111578
  t_dep: 10.062388111071323
