vehicle:
  capacity: 124.4862994664065
  capacity_demand: 92.25124628192748
  charge_effi: 1.0350320465684715
  discharge_effi: 0.7213006814772054
  max_power: 34.89852592421373
  t_arr: 11.324171767246737
  t_dep: 7.1271563153003
