vehicle:
  capacity: 132.96337304787224
  capacity_demand: 86.18329045109353
  charge_effi: 1.1517405987315765
  discharge_effi: 0.6253552949794299
  max_power: 32.51912394424567
  t_arr: 13.158119615779372
  t_dep: 7.693807121499385
