vehicle:
  capacity: 106.02178716744457
  capacity_demand: 88.02330529574182
  charge_effi: 0.9802281153809778
  discharge_effi: 0.7117347725480366
  max_power: 27.64174386885156
  t_arr: 12.884115887323674
  t_dep: 7.071452444945715
