vehicle:
  capacity: 114.52120758347891
  capacity_demand: 71.47915559836157
  charge_effi: 1.0583812932968915
  discharge_effi: 0.6046047541761679
  max_power: 34.5548097462444
  t_arr: 13.097761695621607
  t_dep: 7.569720030392416
