vehicle:
  capacity: 137.95544714152524
  capacity_demand: 59.35911670448289
  charge_effi: 1.1009331490935625
  discharge_effi: 0.650519583097736
  max_power: 31.934705947031695
  t_arr: 11.010646456627464
  t_dep: 7.162983246058949
