vehicle:
  capacity: 121.31093222345928
  capacity_demand: 84.5787050284904
  charge_effi: 1.133082710142523
  discharge_effi: 0.7215306523568792
  max_power: 28.99448059458861
  t_arr: 14.37909285351626
  t_dep: 9.228968140254224
