vehicle:
  capacity: 152.63172611309267
  capacity_demand: 58.48015422958509
  charge_effi: 1.1094303839859951
  discharge_effi: 0.6085113390344482
  max_power: 33.512025789201346
  t_arr: 14.407606058003353
  t_dep: 7.839545523725568
