vehicle:
  capacity: 136.52135374609313
  capacity_demand: 58.46357331403653
  charge_effi: 1.0728040369297949
  discharge_effi: 0.5519386675744519
  max_power: 31.640046559890116
  t_arr: 15.491834555427623
  t_dep: 6.710707341613841
