vehicle:
  capacity: 138.59415187638652
  capacity_demand: 64.98154651601934
  charge_effi: 1.1181521411815314
  discharge_effi: 0.6483025971970915
  max_power: 32.070405976106876
  t_arr: 14.875880225841668
  t_dep: 7.3878717595797045
