vehicle:
  capacity: 126.00659681465987
  capacity_demand: 85.23780275257592
  charge_effi: 0.9779240562990907
  discharge_effi: 0.6674623997566295
  max_power: 31.120028675163038
  t_arr: 15.637377862583074
  t_dep: 7.388175044922523
