vehicle:
  capacity: 105.04875574759336
  capacity_demand: 67.3682646654515
  charge_effi: 1.0414953661289723
  discharge_effi: 0.7308781623422587
  max_power: 27.903341394026857
  t_arr: 13.461887635430823
  t_dep: 7.351592802252374
