vehicle:
  capacity: 149.1517944729011
  capacity_demand: 55.04821194254477
  charge_effi: 0.9244318698092762
  discharge_effi: 0.6521069113932332
  max_power: 28.73629690994043
  t_arr: 13.514227613178225
  t_dep: 8.268640972590466
