vehicle:
  capacity: 104.43690822434354
  capacity_demand: 61.956755080847714
  charge_effi: 1.0435892817504673
  discharge_effi: 0.6905978421413478
  max_power: 32.52167877446452
  t_arr: 11.560201082543905
  t_dep: 8.78004996895806
