vehicle:
  capacity: 109.89622539992268
  capacity_demand: 74.28172882630368
  charge_effi: 0.9558914131500001
  discharge_effi: 0.7064996418422722
  max_power: 36.0627410575666
  t_arr: 12.56626195281632
  t_dep: 9.654056257579864
