vehicle:
  capacity: 109.42727531146363
  capacity_demand: 75.0828806680698
  charge_effi: 1.036931797873977
  discharge_effi: 0.7054625654207004
  max_power: 33.004399100673034
  t_arr: 12.02270344789195
  t_dep: 9.422873782869198
