vehicle:
  capacity: 120.75735586259168
  capacity_demand: 71.01979643314957
  charge_effi: 0.8949388266348278
  discharge_effi: 0.7720680903541581
  max_power: 30.874457859157257
  t_arr: 15.022881177493346
  t_dep: 6.782164179860219
