vehicle:
  capacity: 126.77308456236287
  capacity_demand: 68.95364486212698
  charge_effi: 1.1565664880878261
  discharge_effi: 0.6306051289275826
  max_power: 28.326676581878722
  t_arr: 14.951201329671974
  t_dep: 8.036071475706306
