vehicle:
  capacity: 92.56880666252472
  capacity_demand: 54.88973566314022
  charge_effi: 1.094259407071126
  discharge_effi: 0.6254614747806228
  max_power: 35.172452915145456
  t_arr: 12.4493623095159
  t_dep: 7.613467127185876
