vehicle:
  capacity: 109.56891055402001
  capacity_demand: 75.07374609987913
  charge_effi: 0.8078149857129653
  discharge_effi: 0.7353574824610734
  max_power: 36.64946113180908
  t_arr: 15.208334432675105
  t_dep: 8.146062440994736
