vehicle:
  capacity: 110.7874534428811
  capacity_demand: 75.55393408930212
  charge_effi: 0.8947791444723361
  discharge_effi: 0.7901429928594498
  max_power: 32.170287516728294
  t_arr: 13.732944767683248
  t_dep: 7.920015388400622
