vehicle:
  capacity: 150.7553979252821
  capacity_demand: 71.63500186540402
  charge_effi: 0.9557238442447539
  discharge_effi: 0.8077752769878479
  max_power: 34.16371729805953
  t_arr: 16.315016340121563
  t_dep: 8.92992275889598
