vehicle:
  capacity: 120.44758237195231
  capacity_demand: 76.66818383663104
  charge_effi: 1.0642311647163576
  discharge_effi: 0.8049422391931038
  max_power: 33.75414720042542
  t_arr: 11.390639447077135
  t_dep: 8.947253938304435
