vehicle:
  capacity: 108.59606639275145
  capacity_demand: 66.22305956190952
  charge_effi: 0.9720299316504947
  discharge_effi: 0.6552656546077656
  max_power: 33.71150334918505
  t_arr: 14.468908719588226
  t_dep: 7.776194045775542
