vehicle:
  capacity: 107.23131393508382
  capacity_demand: 90.21816351278088
  charge_effi: 1.1959742592803597
  discharge_effi: 0.8329224843379457
  max_power: 30.616401646095706
  t_arr: 12.955271953991373
  t_dep: 8.3469345521622
