vehicle:
  capacity: 159.76552403973028
  capacity_demand: 68.43675789546772
  charge_effi: 0.9778412779633471
  discharge_effi: 0.6432311223232658
  max_power: 26.46350468258198
  t_arr: 12.736344499308919
  t_dep: 6.616487151609078
