vehicle:
  capacity: 133.44944012413256
  capacity_demand: 74.5288279466147
  charge_effi: 0.9629668309269875
  discharge_effi: 0.8422307536325917
  max_power: 32.05791236240107
  t_arr: 12.076586487045645
  t_dep: 7.258100971979368
