vehicle:
  capacity: 94.2245465743022
  capacity_demand: 77.12867930379655
  charge_effi: 0.9214200219117586
  discharge_effi: 0.7135134456697712
  max_power: 30.497423158817156
  t_arr: 15.047343375233824
  t_dep: 9.486669476684211
