vehicle:
  capacity: 153.87581903523892
  capacity_demand: 59.18198008778699
  charge_effi: 1.0254546715968504
  discharge_effi: 0.7349911207709001
  max_power: 31.085406020167447
  t_arr: 12.644999950599654
  t_dep: 8.21571359533485
