vehicle:
  capacity: 121.57973509322906
  capacity_demand: 85.0909248747252
  charge_effi: 0.8686535595844823
  discharge_effi: 0.6917613769235357
  max_power: 35.152419512011406
  t_arr: 9.724755008696334
  t_dep: 9.487811184706832
