vehicle:
  capacity: 117.83856334557686
  capacity_demand: 70.03592929038189
  charge_effi: 1.018841276723252
  discharge_effi: 0.844376840968343
  max_power: 36.987480370844075
  t_arr: 11.573116799708767
  t_dep: 7.915723533242719
