vehicle:
  capacity: 113.44129289137472
  capacity_demand: 68.88284402231814
  charge_effi: 1.0019365757415524
  discharge_effi: 0.763453589068866
  max_power: 37.59404525710454
  t_arr: 13.243543237707323
  t_dep: 8.37675329716318
