vehicle:
  capacity: 115.07904143976425
  capacity_demand: 67.52845469665559
  charge_effi: 1.0092367176921873
  discharge_effi: 0.6085276132062493
  max_power: 33.003954946190404
  t_arr: 14.154712213598852
  t_dep: 7.472031151980952
