vehicle:
  capacity: 140.1983235975088
  capacity_demand: 74.59615407110928
  charge_effi: 1.0941193170221528
  discharge_effi: 0.6386635805963895
  max_power: 36.64519613584205
  t_arr: 14.943009979520061
  t_dep: 8.41175765505409
