vehicle:
  capacity: 122.55727602211888
  capacity_demand: 88.76406563191318
  charge_effi: 0.8808967869677243
  discharge_effi: 0.8708499364662264
  max_power: 35.09451193795922
  t_arr: 13.743065851135686
  t_dep: 8.911000540757296
