vehicle:
  capacity: 156.2066845190129
  capacity_demand: 67.26237439505856
  charge_effi: 1.0553231367356495
  discharge_effi: 0.6543118247238409
  max_power: 29.028743762377495
  t_arr: 15.192325637922437
  t_dep: 7.355513583659561
