vehicle:
  capacity: 129.13192766092538
  capacity_demand: 86.91199763889126
  charge_effi: 1.032851319756805
  discharge_effi: 0.6674875860948084
  max_power: 31.286712258005828
  t_arr: 15.383917060742517
  t_dep: 9.221454807148717
