vehicle:
  capacity: 108.47546031781404
  capacity_demand: 90.9165450400422
  charge_effi: 1.1051166809616595
  discharge_effi: 0.7818954752453291
  max_power: 28.24492561156146
  t_arr: 11.606886088088958
  t_dep: 8.640338965895165
