vehicle:
  capacity: 135.65101907702638
  capacity_demand: 75.22996486131464
  charge_effi: 1.069153650943739
  discharge_effi: 0.6888337438052552
  max_power: 32.3287195105745
  t_arr: 14.966980746894786
  t_dep: 8.137724237383757
