vehicle:
  capacity: 128.53423035773443
  capacity_demand: 82.3429454422953
  charge_effi: 1.1945307035346817
  discharge_effi: 0.6503623529437803
  max_power: 37.90419100089812
  t_arr: 13.793550014470739
  t_dep: 9.059325697261261
