vehicle:
  capacity: 101.93760609140237
  capacity_demand: 80.20763201083437
  charge_effi: 0.9427054125140869
  discharge_effi: 0.7006818704001971
  max_power: 39.43646151435577
  t_arr: 11.344963158439556
  t_dep: 8.475338693524003
