vehicle:
  capacity: 110.83451735600455
  capacity_demand: 75.76048727602763
  charge_effi: 0.9115296093064796
  discharge_effi: 0.73998018356369
  max_power: 27.979570700387857
  t_arr: 13.785795767264094
  t_dep: 8.166208658191467
