vehicle:
  capacity: 119.9068323927121
  capacity_demand: 82.493295570114
  charge_effi: 1.1481451897275874
  discharge_effi: 0.7102040676603569
  max_power: 32.68802639000118
  t_arr: 13.27897294881682
  t_dep: 7.5293003442780675
