vehicle:
  capacity: 130.28310686921031
  capacity_demand: 75.93535632541155
  charge_effi: 0.9497347754415333
  discharge_effi: 0.6284601875529613
  max_power: 30.53053625919093
  t_arr: 15.767432258085176
  t_dep: 7.670095004318745
