vehicle:
  capacity: 116.74931755378661
  capacity_demand: 86.96314964529212
  charge_effi: 0.981102031965088
  discharge_effi: 0.7670639870955083
  max_power: 37.932472064093815
  t_arr: 13.167234904892961
  t_dep: 6.947885351528486
