vehicle:
  capacity: 124.7095723807989
  capacity_demand: 79.01031859718498
  charge_effi: 1.0489032659713713
  discharge_effi: 0.7266129144153157
  max_power: 31.81227480227872
  t_arr: 15.116048419320922
  t_dep: 8.298539947071761
