vehicle:
  capacity: 103.21650056387969
  capacity_demand: 88.66316319976649
  charge_effi: 0.9624057738782666
  discharge_effi: 0.7587861863689036
  max_power: 29.5276214311351
  t_arr: 14.217674764371305
  t_dep: 7.516414899174711
