vehicle:
  capacity: 132.4045496870041
  capacity_demand: 79.99443373387352
  charge_effi: 1.0823746509831753
  discharge_effi: 0.5920900365359121
  max_power: 26.13240792844777
  t_arr: 15.64522068144964
  t_dep: 7.442134039819442
