vehicle:
  capacity: 121.2514526055554
  capacity_demand: 84.81895849056959
  charge_effi: 0.912695630005823
  discharge_effi: 0.7312665412820984
  max_power: 32.033457031207114
  t_arr: 11.735729586960856
  t_dep: 8.890635753399525
