vehicle:
  capacity: 101.0840032428387
  capacity_demand: 75.82412750861037
  charge_effi: 1.1532437810139538
  discharge_effi: 0.7484067587980361
  max_power: 35.048521679204626
  t_arr: 14.169900845009167
  t_dep: 9.052852253827082
