vehicle:
  capacity: 124.93913954937344
  capacity_demand: 73.58731207593084
  charge_effi: 0.961226863912836
  discharge_effi: 0.7379706907900127
  max_power: 26.693875099853905
  t_arr: 15.509728547854904
  t_dep: 8.135117833962894
