vehicle:
  capacity: 121.80858395316538
  capacity_demand: 67.02054007589095
  charge_effi: 0.9215471437878245
  discharge_effi: 0.7221499162270926
  max_power: 28.534148113396586
  t_arr: 13.204237575425894
  t_dep: 7.45971136103757
