vehicle:
  capacity: 99.1780512192535
  capacity_demand: 69.2902867012264
  charge_effi: 0.990841937342443
  discharge_effi: 0.61978263058417
  max_power: 30.22181280045592
  t_arr: 12.656242060895917
  t_dep: 8.501152396156693
