vehicle:
  capacity: 113.08700451965481
  capacity_demand: 67.4630576708129
  charge_effi: 0.9445364641462637
  discharge_effi: 0.6777718405985239
  max_power: 26.934580116036177
  t_arr: 12.692586325161491
  t_dep: 7.558651258442176
