vehicle:
  capacity: 135.3607788234145
  capacity_demand: 73.14014383434328
  charge_effi: 1.0582108310729783
  discharge_effi: 0.6452795089526439
  max_power: 33.20612777657646
  t_arr: 16.713916608176348
  t_dep: 8.379169465267948
