vehicle:
  capacity: 130.18491641448122
  capacity_demand: 80.09318891159519
  charge_effi: 1.1775436528744092
  discharge_effi: 0.5946797003240987
  max_power: 36.699256186369546
  t_arr: 15.276159803106832
  t_dep: 7.487764458890197
