vehicle:
  capacity: 129.38472744574403
  capacity_demand: 56.35119786141669
  charge_effi: 0.9463955127460042
  discharge_effi: 0.6791691047074556
  max_power: 23.495170478622498
  t_arr: 13.527385760974653
  t_dep: 8.526410935431262
