vehicle:
  capacity: 134.00067144313866
  capacity_demand: 70.26919050797686
  charge_effi: 0.7528439555962132
  discharge_effi: 0.6942810999235559
  max_power: 24.832985352574273
  t_arr: 12.882782074940772
  t_dep: 7.412203891504307
