vehicle:
  capacity: 141.32526063948865
  capacity_demand: 78.7786660215982
  charge_effi: 0.9227590702704298
  discharge_effi: 0.5896631265149958
  max_power: 31.147516800633003
  t_arr: 12.761860063941397
  t_dep: 7.327849706207494
