vehicle:
  capacity: 124.14686511839962
  capacity_demand: 65.91645506727441
  charge_effi: 0.9846432497044316
  discharge_effi: 0.6719800377145986
  max_power: 35.97740558124991
  t_arr: 15.5479366278078
  t_dep: 6.851405613518955
