vehicle:
  capacity: 101.9282933113984
  capacity_demand: 84.98850600892919
  charge_effi: 1.159038460890955
  discharge_effi: 0.8776467442133407
  max_power: 36.520754223817654
  t_arr: 10.906992203656676
  t_dep: 9.146680530380518
