vehicle:
  capacity: 122.51380606995636
  capacity_demand: 74.92114981654446
  charge_effi: 0.9542533907904381
  discharge_effi: 0.7738705947895818
  max_power: 28.558410889696404
  t_arr: 15.47090367956114
  t_dep: 7.322045049607087
