vehicle:
  capacity: 108.4676153432984
  capacity_demand: 85.89221472297122
  charge_effi: 1.1295589719886951
  discharge_effi: 0.7943917783313407
  max_power: 29.953323937611668
  t_arr: 11.0742086183027
  t_dep: 8.262437499119528
