vehicle:
  capacity: 122.35802296597804
  capacity_demand: 80.50514522075332
  charge_effi: 0.917623557292365
  discharge_effi: 0.8909285575289295
  max_power: 27.688379180537986
  t_arr: 13.294357818093802
  t_dep: 9.812044126398776
