vehicle:
  capacity: 127.93453204864309
  capacity_demand: 59.46110718395184
  charge_effi: 0.9841981218457225
  discharge_effi: 0.7585768823576772
  max_power: 33.16909584108752
  t_arr: 14.031447398545625
  t_dep: 8.26739608737031
