vehicle:
  capacity: 137.1228929254614
  capacity_demand: 75.88250055725112
  charge_effi: 0.9650329489823097
  discharge_effi: 0.6386045149341679
  max_power: 29.1626066885592
  t_arr: 14.848748159569078
  t_dep: 6.232803649474497
