vehicle:
  capacity: 139.79304411108217
  capacity_demand: 75.42685835101878
  charge_effi: 1.020418634533952
  discharge_effi: 0.6151850242437912
  max_power: 27.901219332466987
  t_arr: 13.575280136471385
  t_dep: 7.982278861390995
