vehicle:
  capacity: 142.6711241998506
  capacity_demand: 74.18150966398835
  charge_effi: 1.0526981973372895
  discharge_effi: 0.6616587540093928
  max_power: 27.29854681689328
  t_arr: 16.494552447171436
  t_dep: 5.936066007999862
