vehicle:
  capacity: 116.3984031146849
  capacity_demand: 74.73031103803311
  charge_effi: 1.238667907851058
  discharge_effi: 0.8091719354111286
  max_power: 32.969965370841365
  t_arr: 14.650674369296652
  t_dep: 8.197514303902295
