vehicle:
  capacity: 111.53450363440565
  capacity_demand: 85.12871321444753
  charge_effi: 1.0607300494799785
  discharge_effi: 0.7868878225002475
  max_power: 34.67496256622146
  t_arr: 12.524776358093918
  t_dep: 8.856900851178095
