vehicle:
  capacity: 106.14518948406341
  capacity_demand: 97.42397917413307
  charge_effi: 0.9092646924198186
  discharge_effi: 0.6469703019690358
  max_power: 30.96347139971503
  t_arr: 13.296329396834704
  t_dep: 8.425595482626715
