vehicle:
  capacity: 108.2341164520869
  capacity_demand: 79.20933551901247
  charge_effi: 0.9059981427659863
  discharge_effi: 0.8935817174663224
  max_power: 32.86141724010692
  t_arr: 13.530453613622115
  t_dep: 7.273611234543399
