vehicle:
  capacity: 109.902840266455
  capacity_demand: 61.5539970904914
  charge_effi: 1.0318831775006245
  discharge_effi: 0.7019848315030311
  max_power: 30.62854335474675
  t_arr: 13.03119136266804
  t_dep: 6.011656056955036
