vehicle:
  capacity: 106.01072432299897
  capacity_demand: 83.89986881804276
  charge_effi: 1.046832641147299
  discharge_effi: 0.9515485760511111
  max_power: 28.700414441244835
  t_arr: 12.71577216717181
  t_dep: 7.145115891040858
