vehicle:
  capacity: 113.56268425611833
  capacity_demand: 79.7013308468448
  charge_effi: 0.9740453218408675
  discharge_effi: 0.6687413187641246
  max_power: 29.871671792603703
  t_arr: 14.835230045518875
  t_dep: 7.494261933776477
