vehicle:
  capacity: 137.342077443334
  capacity_demand: 76.10276270005438
  charge_effi: 0.9694660270425529
  discharge_effi: 0.7963937231003024
  max_power: 34.236703626449774
  t_arr: 14.63075890692802
  t_dep: 8.768087624127126
