vehicle:
  capacity: 125.19616822296526
  capacity_demand: 73.1594257924734
  charge_effi: 0.9165960264411691
  discharge_effi: 0.7721023668482929
  max_power: 28.99633606574011
  t_arr: 13.375143837637406
  t_dep: 7.613138850134902
