vehicle:
  capacity: 111.48516535853605
  capacity_demand: 82.37380928971918
  charge_effi: 0.918732886306807
  discharge_effi: 0.8886331889822287
  max_power: 30.417728055801003
  t_arr: 12.498825248322571
  t_dep: 8.331584064049867
