vehicle:
  capacity: 101.96884120847882
  capacity_demand: 86.51627842295923
  charge_effi: 1.0099568497259637
  discharge_effi: 0.7860687341436448
  max_power: 36.63767504429596
  t_arr: 12.12501672505368
  t_dep: 8.779544137845196
