vehicle:
  capacity: 120.76056748524192
  capacity_demand: 91.54883635917261
  charge_effi: 0.9520181366700372
  discharge_effi: 0.7018632123749108
  max_power: 33.6432125495036
  t_arr: 13.4761398955802
  t_dep: 9.448469753943469
