vehicle:
  capacity: 123.00016077381639
  capacity_demand: 72.96745939753514
  charge_effi: 0.9840281407674755
  discharge_effi: 0.6424765188945442
  max_power: 30.093627918489958
  t_arr: 12.927933852162617
  t_dep: 9.205326874319532
