vehicle:
  capacity: 139.15986928153524
  capacity_demand: 59.21112274489135
  charge_effi: 1.0120955472800655
  discharge_effi: 0.5224838918189415
  max_power: 28.400143669994566
  t_arr: 12.403145467760579
  t_dep: 7.916067563621256
