vehicle:
  capacity: 124.93160730756986
  capacity_demand: 71.2096851091415
  charge_effi: 0.9965180904948147
  discharge_effi: 0.773617266141824
  max_power: 31.56462221495873
  t_arr: 13.963042883136835
  t_dep: 9.29057174099767
