vehicle:
  capacity: 149.70540371711814
  capacity_demand: 63.74677804004957
  charge_effi: 1.116205775944009
  discharge_effi: 0.7968471318084919
  max_power: 33.87055933559485
  t_arr: 14.28633082785197
  t_dep: 7.466122163059705
