vehicle:
  capacity: 128.08618521207666
  capacity_demand: 67.22954950917271
  charge_effi: 0.9547193229227656
  discharge_effi: 0.6619462431607013
  max_power: 29.994112130557898
  t_arr: 15.412948560842752
  t_dep: 6.7771947158234624
