vehicle:
  capacity: 127.84556435711114
  capacity_demand: 72.99293435711951
  charge_effi: 1.0953268383136296
  discharge_effi: 0.8698783773058595
  max_power: 32.8530323404111
  t_arr: 11.11338624059792
  t_dep: 8.386309561431018
