vehicle:
  capacity: 149.07056700633174
  capacity_demand: 67.63071891194576
  charge_effi: 1.0966754321468504
  discharge_effi: 0.7900857468162343
  max_power: 33.55439680101
  t_arr: 16.55025720851029
  t_dep: 7.020483961308864
