vehicle:
  capacity: 127.64258822815619
  capacity_demand: 88.99836260143078
  charge_effi: 0.9131081314293569
  discharge_effi: 0.702889592199962
  max_power: 32.92331341827006
  t_arr: 13.19523846037429
  t_dep: 6.940575763618804
