vehicle:
  capacity: 119.55062371024597
  capacity_demand: 95.31123801212247
  charge_effi: 0.9670669380284779
  discharge_effi: 0.7775490349987301
  max_power: 31.965236954005356
  t_arr: 12.294121746378204
  t_dep: 9.562828882019259
