vehicle:
  capacity: 102.72899296233663
  capacity_demand: 79.54579014521285
  charge_effi: 1.078335066417654
  discharge_effi: 0.7823241311550638
  max_power: 27.349277179408464
  t_arr: 15.51892063735833
  t_dep: 9.23874054143463
