vehicle:
  capacity: 131.48072768914088
  capacity_demand: 81.16907054567388
  charge_effi: 1.0728352247744513
  discharge_effi: 0.8559542094580709
  max_power: 29.365680252286104
  t_arr: 12.072329339412414
  t_dep: 8.631919508722858
