vehicle:
  capacity: 125.8757100807266
  capacity_demand: 86.00207741414087
  charge_effi: 1.0783760021782633
  discharge_effi: 0.8132511227879565
  max_power: 37.633562710785924
  t_arr: 13.492821154777017
  t_dep: 7.6281705447788895
