vehicle:
  capacity: 101.0769826269478
  capacity_demand: 88.6032610300038
  charge_effi: 1.2033954377299787
  discharge_effi: 0.733939387911044
  max_power: 31.089588465872055
  t_arr: 11.605540532181234
  t_dep: 8.183585016908433
