vehicle:
  capacity: 125.54323427242768
  capacity_demand: 90.2773423232072
  charge_effi: 0.9467490460174075
  discharge_effi: 0.8105809175267589
  max_power: 32.56884430234829
  t_arr: 15.740220171062182
  t_dep: 9.025559448898417
