vehicle:
  capacity: 133.18142937487653
  capacity_demand: 70.78614916922737
  charge_effi: 1.0101966754064269
  discharge_effi: 0.7903560613190292
  max_power: 24.036855959100667
  t_arr: 12.627488899610594
  t_dep: 7.0348202401360584
