vehicle:
  capacity: 110.10566116868203
  capacity_demand: 76.82561779723605
  charge_effi: 0.9676785705566014
  discharge_effi: 0.802292126493398
  max_power: 30.086128891537484
  t_arr: 14.398237161453128
  t_dep: 7.926113924154406
