vehicle:
  capacity: 127.52065823503045
  capacity_demand: 61.50517069688712
  charge_effi: 0.9474103305729357
  discharge_effi: 0.7031204230353466
  max_power: 31.424149071993725
  t_arr: 14.075867380206121
  t_dep: 5.829659318061355
