vehicle:
  capacity: 132.91773990073753
  capacity_demand: 73.68337073165631
  charge_effi: 0.8402554612477617
  discharge_effi: 0.7298197826171107
  max_power: 25.766359512987243
  t_arr: 15.163234825936732
  t_dep: 6.447790670905642
