vehicle:
  capacity: 114.19705590911502
  capacity_demand: 74.93465825434929
  charge_effi: 1.0310940368630968
  discharge_effi: 0.7517192549643377
  max_power: 32.63694309391509
  t_arr: 10.94290702837611
  t_dep: 8.006521497392837
