vehicle:
  capacity: 134.36983845282057
  capacity_demand: 77.49601254628153
  charge_effi: 1.0550003542277457
  discharge_effi: 0.7082647974428471
  max_power: 31.77925937702863
  t_arr: 12.486052804000837
  t_dep: 7.520071485095479
