vehicle:
  capacity: 129.02341744129234
  capacity_demand: 80.74742672038937
  charge_effi: 0.8362829925094151
  discharge_effi: 0.7640792390199794
  max_power: 27.29282802705363
  t_arr: 16.020043304851672
  t_dep: 7.331958124983607
