vehicle:
  capacity: 113.02129825400816
  capacity_demand: 78.49125760975588
  charge_effi: 1.1202600413854653
  discharge_effi: 0.8501012411799669
  max_power: 29.251799369418695
  t_arr: 10.863478017702567
  t_dep: 10.595603593052946
