vehicle:
  capacity: 102.82748691630515
  capacity_demand: 87.1313929033175
  charge_effi: 1.1436058353835847
  discharge_effi: 0.8756580678678191
  max_power: 35.5319406852129
  t_arr: 12.052841714873686
  t_dep: 10.002661396025823
