vehicle:
  capacity: 110.1643992641439
  capacity_demand: 76.8155061204478
  charge_effi: 0.9563835449003147
  discharge_effi: 0.5798169991294887
  max_power: 29.592701137504616
  t_arr: 11.72814491786619
  t_dep: 8.767732078454994
