vehicle:
  capacity: 120.03981115035512
  capacity_demand: 70.74667457554983
  charge_effi: 0.9996546820763219
  discharge_effi: 0.7489100479954619
  max_power: 32.110189854217815
  t_arr: 11.473430008581602
  t_dep: 8.809608617951817
