vehicle:
  capacity: 137.43832000015337
  capacity_demand: 70.69843705681923
  charge_effi: 1.0255577861085503
  discharge_effi: 0.6744391145463756
  max_power: 29.361179827759415
  t_arr: 13.517524248387023
  t_dep: 8.066340331085021
