vehicle:
  capacity: 141.44419870150142
  capacity_demand: 64.38496275101744
  charge_effi: 0.9146858569567741
  discharge_effi: 0.6697231532129204
  max_power: 30.416315467599723
  t_arr: 15.572258765986549
  t_dep: 7.753101223931246
