vehicle:
  capacity: 131.24973391481342
  capacity_demand: 64.99903466022536
  charge_effi: 0.9564756167335106
  discharge_effi: 0.6506804302022697
  max_power: 30.421445943884184
  t_arr: 13.035413358823376
  t_dep: 8.134189644956445
