vehicle:
  capacity: 148.13212791373834
  capacity_demand: 77.66570177493543
  charge_effi: 0.9662440656238066
  discharge_effi: 0.725816460056365
  max_power: 27.16716595525552
  t_arr: 14.060219597717733
  t_dep: 6.912398209696984
