vehicle:
  capacity: 117.7290792722103
  capacity_demand: 74.40419892181474
  charge_effi: 1.0451256475255868
  discharge_effi: 0.7018473249621123
  max_power: 35.96332131274126
  t_arr: 14.624711749332924
  t_dep: 8.435007928688686
