vehicle:
  capacity: 141.2670450705997
  capacity_demand: 73.81741774420597
  charge_effi: 0.9338517776337845
  discharge_effi: 0.7445042703064205
  max_power: 27.532952396342758
  t_arr: 14.751234222623602
  t_dep: 7.578452930968538
