vehicle:
  capacity: 106.01998408233652
  capacity_demand: 90.44824543295702
  charge_effi: 1.0708383747218713
  discharge_effi: 0.8696932742922145
  max_power: 30.54448150914934
  t_arr: 13.258146861796117
  t_dep: 10.010219745744715
