vehicle:
  capacity: 106.75085782557545
  capacity_demand: 81.54294892645008
  charge_effi: 1.1195456338282237
  discharge_effi: 0.8356467238014674
  max_power: 34.227102049405495
  t_arr: 14.530999674364727
  t_dep: 8.805317424292163
