vehicle:
  capacity: 115.2269519467986
  capacity_demand: 88.43563827194123
  charge_effi: 1.0118660564246824
  discharge_effi: 0.7276661094268789
  max_power: 28.68324622259272
  t_arr: 9.514943446690987
  t_dep: 8.903926723556786
