vehicle:
  capacity: 114.9796153689059
  capacity_demand: 82.8499889276028
  charge_effi: 0.9543759327506762
  discharge_effi: 0.7550160508214289
  max_power: 28.663640261093974
  t_arr: 12.282191026066975
  t_dep: 8.50327222730581
