vehicle:
  capacity: 110.98065868747939
  capacity_demand: 78.00524132259274
  charge_effi: 1.141699316614586
  discharge_effi: 0.8446437038594045
  max_power: 33.90896196531607
  t_arr: 13.27202044168012
  t_dep: 9.221537250424356
