vehicle:
  capacity: 108.25228342518307
  capacity_demand: 72.56363724976774
  charge_effi: 1.1943513849872867
  discharge_effi: 0.6559763663246095
  max_power: 26.136487007740275
  t_arr: 11.769920974617387
  t_dep: 7.694955155509755
