vehicle:
  capacity: 129.8790111319906
  capacity_demand: 81.78654975934532
  charge_effi: 0.8763503227526622
  discharge_effi: 0.7687161414502864
  max_power: 26.149299300240724
  t_arr: 11.386563606193937
  t_dep: 8.466710177283618
