vehicle:
  capacity: 111.81322264611215
  capacity_demand: 66.03579266546316
  charge_effi: 0.9935906965064805
  discharge_effi: 0.7666784446720718
  max_power: 26.101321572821536
  t_arr: 12.119131674270319
  t_dep: 7.913716042096316
