vehicle:
  capacity: 79.31941166972584
  capacity_demand: 77.75355399098335
  charge_effi: 0.9873910342932228
  discharge_effi: 0.7738974946073097
  max_power: 32.64665599970598
  t_arr: 11.326617205524848
  t_dep: 9.536918320792378
