vehicle:
  capacity: 145.8836682725878
  capacity_demand: 69.76112659225282
  charge_effi: 0.9714673187623546
  discharge_effi: 0.7914638927378176
  max_power: 34.77516344707693
  t_arr: 11.575027086469223
  t_dep: 8.98166805051972
