vehicle:
  capacity: 98.59407050436619
  capacity_demand: 72.62526214266973
  charge_effi: 1.0256050734141509
  discharge_effi: 0.7009022862823547
  max_power: 34.530058008397226
  t_arr: 15.616224437563584
  t_dep: 8.520764146865798
