vehicle:
  capacity: 109.48149657333701
  capacity_demand: 85.26774294927591
  charge_effi: 0.9830197444705453
  discharge_effi: 0.6092156739647934
  max_power: 32.02441628512152
  t_arr: 14.24118116824323
  t_dep: 8.634931933757908
