vehicle:
  capacity: 120.32639957897909
  capacity_demand: 70.14309210998968
  charge_effi: 0.9720830980157669
  discharge_effi: 0.6916022489153733
  max_power: 34.412411799209416
  t_arr: 15.252925976417753
  t_dep: 8.14537842401578
