vehicle:
  capacity: 133.63286083278524
  capacity_demand: 89.40634814312249
  charge_effi: 0.9812101394697618
  discharge_effi: 0.7095662114645586
  max_power: 30.35684916947553
  t_arr: 14.331602094678459
  t_dep: 7.280829103278387
