vehicle:
  capacity: 112.43310652266727
  capacity_demand: 86.4057375378362
  charge_effi: 1.0216492492763591
  discharge_effi: 0.7571471604455784
  max_power: 29.17444357128749
  t_arr: 14.424374465384277
  t_dep: 8.128992722179428
