vehicle:
  capacity: 116.93904182494315
  capacity_demand: 74.27320322746108
  charge_effi: 1.0760031777023658
  discharge_effi: 0.6988235035474918
  max_power: 31.5947993589112
  t_arr: 13.53082079688618
  t_dep: 8.41528709053268
