vehicle:
  capacity: 107.72220395032346
  capacity_demand: 73.792333905072
  charge_effi: 0.8597325020081291
  discharge_effi: 0.8722817699156254
  max_power: 33.094674359683516
  t_arr: 12.30226477028523
  t_dep: 8.635032351254571
