vehicle:
  capacity: 124.50453181035515
  capacity_demand: 86.072980255984
  charge_effi: 0.9318519284288856
  discharge_effi: 0.6944301763611407
  max_power: 28.19027654017457
  t_arr: 12.602662805778849
  t_dep: 10.020419506780026
