vehicle:
  capacity: 136.3851333027097
  capacity_demand: 67.80143269575814
  charge_effi: 0.9251342983873301
  discharge_effi: 0.6207705706686713
  max_power: 33.006903895486715
  t_arr: 12.971753000599803
  t_dep: 7.725422229483679
