vehicle:
  capacity: 117.75995562883897
  capacity_demand: 75.29616478441336
  charge_effi: 0.9678370297437485
  discharge_effi: 0.913089103477339
  max_power: 34.290479872137524
  t_arr: 15.119266120761255
  t_dep: 8.845676223211079
