vehicle:
  capacity: 139.14957420159715
  capacity_demand: 72.72701959269136
  charge_effi: 0.9345470194254671
  discharge_effi: 0.6900911086861805
  max_power: 27.315967290061828
  t_arr: 12.701327400227507
  t_dep: 8.014292636584843
