vehicle:
  capacity: 97.5192449553609
  capacity_demand: 94.46808848156796
  charge_effi: 1.0142905879208046
  discharge_effi: 0.8148660245636438
  max_power: 27.831443005483948
  t_arr: 11.609668962022848
  t_dep: 7.440437129485252
