vehicle:
  capacity: 117.439974190462
  capacity_demand: 75.29278061922511
  charge_effi: 1.0325143499928537
  discharge_effi: 0.7520680742196416
  max_power: 31.12731250849906
  t_arr: 11.029788191127953
  t_dep: 8.247987724547848
