vehicle:
  capacity: 104.38548287156551
  capacity_demand: 83.50895297051663
  charge_effi: 0.9992183479585522
  discharge_effi: 0.7193213396998439
  max_power: 34.721722039018886
  t_arr: 14.564436392597376
  t_dep: 8.907752193020261
