vehicle:
  capacity: 136.75134963318118
  capacity_demand: 77.5275523525538
  charge_effi: 1.0995225243180549
  discharge_effi: 0.7062349376014054
  max_power: 29.189486853737538
  t_arr: 14.023993516817006
  t_dep: 6.097961869524479
