vehicle:
  capacity: 114.05284666276054
  capacity_demand: 79.82338903341682
  charge_effi: 1.0373022489024648
  discharge_effi: 0.7802066229403227
  max_power: 34.670539723269044
  t_arr: 14.223581600694123
  t_dep: 8.201593628843046
