vehicle:
  capacity: 136.82392863069114
  capacity_demand: 58.093259825137615
  charge_effi: 1.055973128393497
  discharge_effi: 0.5887405956901128
  max_power: 28.37819932301663
  t_arr: 14.639253308294052
  t_dep: 6.744280064688146
