vehicle:
  capacity: 118.06401390865929
  capacity_demand: 74.79036498298136
  charge_effi: 1.0664139125163523
  discharge_effi: 0.7213004474800937
  max_power: 28.968460264874647
  t_arr: 10.792916042731878
  t_dep: 8.188896049692893
