vehicle:
  capacity: 127.32637862558302
  capacity_demand: 75.54307144437067
  charge_effi: 0.9550343672284618
  discharge_effi: 0.8794357711000327
  max_power: 36.05498870115352
  t_arr: 11.403596816621338
  t_dep: 9.329853271389737
