vehicle:
  capacity: 106.05187486613396
  capacity_demand: 70.70321265212138
  charge_effi: 0.8651416608889058
  discharge_effi: 0.6897492814669473
  max_power: 28.89190940219062
  t_arr: 11.137838519116174
  t_dep: 8.003596412689006
