vehicle:
  capacity: 121.07298683257257
  capacity_demand: 76.57823368687257
  charge_effi: 0.8219412753786166
  discharge_effi: 0.6802724484784884
  max_power: 38.0831356643138
  t_arr: 14.726111327679408
  t_dep: 8.398631218838066
