vehicle:
  capacity: 108.37014975026824
  capacity_demand: 75.85369166195619
  charge_effi: 0.9956578441625474
  discharge_effi: 0.795262926347129
  max_power: 30.589754795754907
  t_arr: 14.113946927599871
  t_dep: 8.653570456783468
