vehicle:
  capacity: 148.67443354724492
  capacity_demand: 78.1471582973326
  charge_effi: 1.0371758244441587
  discharge_effi: 0.5904688397517719
  max_power: 34.24869323893188
  t_arr: 13.102270481579657
  t_dep: 8.244392236607046
