vehicle:
  capacity: 101.85244996539434
  capacity_demand: 72.38648263912968
  charge_effi: 0.9841102677482729
  discharge_effi: 0.8050334554046815
  max_power: 32.07562193321086
  t_arr: 13.620422388525725
  t_dep: 7.577108185303502
