vehicle:
  capacity: 121.80776095407234
  capacity_demand: 87.61093385790421
  charge_effi: 0.9977511504590532
  discharge_effi: 0.7490623006052378
  max_power: 31.367778976227168
  t_arr: 13.124340807787089
  t_dep: 9.749731991497905
