vehicle:
  capacity: 107.79519994280449
  capacity_demand: 52.93414599522539
  charge_effi: 1.1050646235806982
  discharge_effi: 0.6530722611950864
  max_power: 35.791974958420326
  t_arr: 11.141390740499308
  t_dep: 7.700625580922884
