vehicle:
  capacity: 131.42347333414494
  capacity_demand: 63.65461552834665
  charge_effi: 1.0045972546223425
  discharge_effi: 0.6588124909297812
  max_power: 28.938787678038153
  t_arr: 12.673950540164501
  t_dep: 8.315424838229882
