vehicle:
  capacity: 113.91036190176372
  capacity_demand: 93.09143722732566
  charge_effi: 1.0136187718803245
  discharge_effi: 0.6888796300026038
  max_power: 29.45096567507313
  t_arr: 13.443957318920633
  t_dep: 7.432703708030173
