vehicle:
  capacity: 108.54714207722621
  capacity_demand: 72.59081843904333
  charge_effi: 1.0066547669124517
  discharge_effi: 0.6514334605820591
  max_power: 27.178296220698506
  t_arr: 13.269156871367057
  t_dep: 6.748598408762993
