vehicle:
  capacity: 105.8538641528993
  capacity_demand: 84.27520701255605
  charge_effi: 1.0295326999946326
  discharge_effi: 0.7795862373615616
  max_power: 37.50841715196144
  t_arr: 13.939202567883488
  t_dep: 7.2693314358259915
