vehicle:
  capacity: 124.8254964356445
  capacity_demand: 71.39889692848364
  charge_effi: 1.099635439960927
  discharge_effi: 0.62717093073355
  max_power: 29.803249142284326
  t_arr: 14.051591752352369
  t_dep: 7.761733917249141
