vehicle:
  capacity: 118.61468729417594
  capacity_demand: 71.78092936927793
  charge_effi: 0.8294439075754222
  discharge_effi: 0.6923651491085883
  max_power: 31.383146922787073
  t_arr: 14.612382169180687
  t_dep: 8.786581856209445
