vehicle:
  capacity: 119.33666481079248
  capacity_demand: 76.52724124979314
  charge_effi: 0.9345691760934877
  discharge_effi: 0.6184244817895967
  max_power: 32.07858217801641
  t_arr: 13.531329906997422
  t_dep: 8.078335504827292
