vehicle:
  capacity: 140.46189185109037
  capacity_demand: 58.74572717786583
  charge_effi: 1.1574056723756465
  discharge_effi: 0.6800365393576256
  max_power: 28.638253418196648
  t_arr: 14.417449696277695
  t_dep: 7.272444856567685
