vehicle:
  capacity: 142.68351431735368
  capacity_demand: 73.24258504795132
  charge_effi: 0.756857305474435
  discharge_effi: 0.7518552159133958
  max_power: 29.45802803194409
  t_arr: 13.987974951197836
  t_dep: 6.9996321717472965
