vehicle:
  capacity: 148.21817072347218
  capacity_demand: 64.67551660588364
  charge_effi: 1.0840498898109
  discharge_effi: 0.632079213359807
  max_power: 29.166112688294042
  t_arr: 13.719889133754869
  t_dep: 8.168547411747427
