vehicle:
  capacity: 91.61066378560304
  capacity_demand: 70.47662040222076
  charge_effi: 1.1486622887558273
  discharge_effi: 0.7206184335130699
  max_power: 32.404530227831856
  t_arr: 12.549268242130946
  t_dep: 7.300237730881809
