vehicle:
  capacity: 111.95854082461618
  capacity_demand: 98.34363845825095
  charge_effi: 1.2154986770658374
  discharge_effi: 0.7885233112586116
  max_power: 31.58333012044077
  t_arr: 12.078799130168218
  t_dep: 8.935398476077074
