vehicle:
  capacity: 130.22247399787932
  capacity_demand: 73.0089482667273
  charge_effi: 1.000058901906416
  discharge_effi: 0.6586122409493925
  max_power: 30.61390531999119
  t_arr: 14.10332498189042
  t_dep: 6.679320326420974
