vehicle:
  capacity: 104.19189189586066
  capacity_demand: 71.5059888485917
  charge_effi: 1.171174856186578
  discharge_effi: 0.9076159233693528
  max_power: 31.83940328345506
  t_arr: 12.349300339611663
  t_dep: 9.497967160282343
