vehicle:
  capacity: 102.90931454586942
  capacity_demand: 85.28516267285332
  charge_effi: 1.0012865343589448
  discharge_effi: 0.6612346924417662
  max_power: 36.60704804189924
  t_arr: 14.859218920905342
  t_dep: 8.675144232901388
