vehicle:
  capacity: 121.75871887022606
  capacity_demand: 71.88943252411934
  charge_effi: 0.9665666234328474
  discharge_effi: 0.6247053418888217
  max_power: 29.48440478878375
  t_arr: 14.321739778018888
  t_dep: 7.356371514380609
