vehicle:
  capacity: 111.77152871299907
  capacity_demand: 77.4128633362029
  charge_effi: 1.2291964948759475
  discharge_effi: 0.71981325151671
  max_power: 30.1670720944433
  t_arr: 14.637402435071335
  t_dep: 9.018752923438212
