vehicle:
  capacity: 118.80730154221862
  capacity_demand: 83.35202494614785
  charge_effi: 1.095648364214836
  discharge_effi: 0.7844176027732438
  max_power: 28.381922432943902
  t_arr: 12.781220865128555
  t_dep: 7.722263749342586
