vehicle:
  capacity: 127.76805796154471
  capacity_demand: 55.776683933551276
  charge_effi: 1.1181480600965326
  discharge_effi: 0.5958007862162089
  max_power: 33.953367077079825
  t_arr: 13.503964499490545
  t_dep: 7.471395770426325
