vehicle:
  capacity: 122.7269935775217
  capacity_demand: 74.95425341958115
  charge_effi: 0.8526329261640269
  discharge_effi: 0.5550332452679543
  max_power: 29.751605116640206
  t_arr: 11.589086072354819
  t_dep: 7.6088067584302035
