vehicle:
  capacity: 142.03650487208876
  capacity_demand: 66.1557445526337
  charge_effi: 0.9658332593968791
  discharge_effi: 0.7514103922605967
  max_power: 27.39326982604288
  t_arr: 14.662534043600303
  t_dep: 7.951027824482428
