vehicle:
  capacity: 108.82268054184114
  capacity_demand: 73.0062493407102
  charge_effi: 0.9143039499649218
  discharge_effi: 0.7890284591813893
  max_power: 30.090047262928213
  t_arr: 10.192838489441629
  t_dep: 8.117671400697446
