vehicle:
  capacity: 102.99350835470307
  capacity_demand: 91.13082777664562
  charge_effi: 0.9292275651692182
  discharge_effi: 0.612430368137138
  max_power: 33.74358764928087
  t_arr: 10.488480738875687
  t_dep: 8.027392722084857
