vehicle:
  capacity: 144.18800953702726
  capacity_demand: 70.75898231898115
  charge_effi: 1.0485921826869458
  discharge_effi: 0.6265289891292637
  max_power: 30.210477387912583
  t_arr: 13.064749558196343
  t_dep: 6.25172309683126
