vehicle:
  capacity: 103.48900048798986
  capacity_demand: 91.51528413693542
  charge_effi: 1.0688245355487247
  discharge_effi: 0.6873927638658367
  max_power: 34.70440123086891
  t_arr: 12.465575610238654
  t_dep: 8.132738505677848
