vehicle:
  capacity: 101.95993540099911
  capacity_demand: 93.76012708031087
  charge_effi: 0.9312242791251276
  discharge_effi: 0.7589524180220661
  max_power: 32.333256164551116
  t_arr: 12.63865770814849
  t_dep: 8.48783493948825
