vehicle:
  capacity: 139.18393903818276
  capacity_demand: 67.93894184675251
  charge_effi: 0.9222337358816864
  discharge_effi: 0.7780540402003516
  max_power: 27.933232284302647
  t_arr: 14.914795306043468
  t_dep: 8.065384407049951
