vehicle:
  capacity: 152.6931505485893
  capacity_demand: 53.153530155226676
  charge_effi: 1.1256327970319373
  discharge_effi: 0.5597934661927366
  max_power: 33.42778724875355
  t_arr: 13.808275259140009
  t_dep: 8.846575997930865
