vehicle:
  capacity: 105.37084434542162
  capacity_demand: 68.65045129998967
  charge_effi: 1.0181488629724151
  discharge_effi: 0.8012707115613675
  max_power: 32.62051505414238
  t_arr: 12.77806715883665
  t_dep: 7.44958441183145
