vehicle:
  capacity: 121.30420526712221
  capacity_demand: 68.40833086618156
  charge_effi: 0.8642281736320264
  discharge_effi: 0.7430238311958896
  max_power: 29.930932701673672
  t_arr: 16.25989382095714
  t_dep: 8.240728207225192
