vehicle:
  capacity: 148.4442222827082
  capacity_demand: 77.88910219429985
  charge_effi: 0.9278524298967995
  discharge_effi: 0.7794021501556371
  max_power: 30.83341984525649
  t_arr: 12.783110596673557
  t_dep: 7.5009703012809785
