vehicle:
  capacity: 152.61267431933143
  capacity_demand: 77.15006669077057
  charge_effi: 1.069619160876703
  discharge_effi: 0.6128760021428599
  max_power: 30.363656802463773
  t_arr: 15.4557658228627
  t_dep: 7.602913869192292
