vehicle:
  capacity: 113.27698344483017
  capacity_demand: 68.03676882602868
  charge_effi: 0.838838736169234
  discharge_effi: 0.68072174989031
  max_power: 26.420667381364556
  t_arr: 16.16124815309091
  t_dep: 6.686821764809812
