vehicle:
  capacity: 142.90943201474096
  capacity_demand: 73.00000341915711
  charge_effi: 1.0249161450602253
  discharge_effi: 0.75513016366467
  max_power: 27.44073640016888
  t_arr: 12.188399616638442
  t_dep: 8.323090019867996
