vehicle:
  capacity: 144.94675992597467
  capacity_demand: 69.59039541830622
  charge_effi: 0.8814391667561137
  discharge_effi: 0.8054783636526264
  max_power: 29.42798894579718
  t_arr: 13.87652488316243
  t_dep: 7.457631268386905
