vehicle:
  capacity: 133.09664803658688
  capacity_demand: 72.15198321052694
  charge_effi: 1.0281080785315586
  discharge_effi: 0.6121509100508176
  max_power: 28.040792937697706
  t_arr: 10.461925508056078
  t_dep: 6.226744649418986
