vehicle:
  capacity: 128.02604379705392
  capacity_demand: 83.04891276012044
  charge_effi: 0.9377494994673038
  discharge_effi: 0.7793959449783183
  max_power: 36.51496832615488
  t_arr: 11.458594347357913
  t_dep: 10.046707244634684
