vehicle:
  capacity: 113.0502803484668
  capacity_demand: 66.88731431347088
  charge_effi: 1.0825124295859598
  discharge_effi: 0.7149789817712744
  max_power: 31.551695318936748
  t_arr: 13.049088168996173
  t_dep: 9.906595142590358
