vehicle:
  capacity: 129.5698315749304
  capacity_demand: 56.94548319848946
  charge_effi: 0.9464901781370293
  discharge_effi: 0.7577265314663199
  max_power: 37.5983118970631
  t_arr: 13.489778700794638
  t_dep: 8.693455061277291
