vehicle:
  capacity: 115.43884137309868
  capacity_demand: 74.31010772631396
  charge_effi: 0.9680583752921655
  discharge_effi: 0.8473050135586565
  max_power: 35.603637466451374
  t_arr: 14.330043488019
  t_dep: 8.131230187475278
