vehicle:
  capacity: 131.95627944896538
  capacity_demand: 83.82248230434685
  charge_effi: 0.9499234320837996
  discharge_effi: 0.7792815898322851
  max_power: 35.11754244709421
  t_arr: 10.989039045796533
  t_dep: 8.796404432440665
