vehicle:
  capacity: 117.458799801014
  capacity_demand: 85.2968729609849
  charge_effi: 0.9706213590903636
  discharge_effi: 0.8274812471110204
  max_power: 32.118425537036664
  t_arr: 12.478435327247631
  t_dep: 8.740395944070322
