vehicle:
  capacity: 98.20555274529305
  capacity_demand: 84.07546199405739
  charge_effi: 1.1377127663741315
  discharge_effi: 0.7257263031252719
  max_power: 31.291364747476564
  t_arr: 13.180624284415074
  t_dep: 8.742111959592421
