vehicle:
  capacity: 142.84862684536466
  capacity_demand: 84.84664442616622
  charge_effi: 0.8877571690575364
  discharge_effi: 0.6513408762803663
  max_power: 29.901368096450774
  t_arr: 16.85511613796944
  t_dep: 6.38527149657423
