vehicle:
  capacity: 110.30536341379205
  capacity_demand: 79.51767360321696
  charge_effi: 0.9671895129223381
  discharge_effi: 0.6795483788412994
  max_power: 35.27407725797641
  t_arr: 10.842706786550389
  t_dep: 9.216653666413889
