vehicle:
  capacity: 133.08938529322091
  capacity_demand: 66.80251252054879
  charge_effi: 0.8996722486299912
  discharge_effi: 0.6266506477723676
  max_power: 31.143563540752396
  t_arr: 15.110321965391513
  t_dep: 7.934242066584702
