vehicle:
  capacity: 130.5309532440791
  capacity_demand: 87.15123435632934
  charge_effi: 0.9869917957923289
  discharge_effi: 0.8657186949581279
  max_power: 28.37405206423528
  t_arr: 13.852102768283471
  t_dep: 8.743239575531298
