vehicle:
  capacity: 132.61105652738627
  capacity_demand: 73.79551764152795
  charge_effi: 0.954082930008705
  discharge_effi: 0.7539510947447762
  max_power: 31.15665982351674
  t_arr: 13.179784971605125
  t_dep: 7.426067624277811
