vehicle:
  capacity: 111.5388107599395
  capacity_demand: 97.96677296841929
  charge_effi: 0.9374372687061527
  discharge_effi: 0.7704258099314635
  max_power: 33.704203698134584
  t_arr: 13.707938867382298
  t_dep: 7.235514388526383
