vehicle:
  capacity: 138.62820029675174
  capacity_demand: 79.81218445483691
  charge_effi: 0.9411503863416353
  discharge_effi: 0.8517030858798725
  max_power: 26.76586629451009
  t_arr: 12.328906109045851
  t_dep: 7.862183421837436
