vehicle:
  capacity: 126.49545717576632
  capacity_demand: 63.93641426737876
  charge_effi: 0.8945204946521843
  discharge_effi: 0.69392555993326
  max_power: 29.933324571844988
  t_arr: 12.576532802193794
  t_dep: 7.4277243649282365
