vehicle:
  capacity: 120.15632691174885
  capacity_demand: 79.02385772534396
  charge_effi: 1.0719913788027207
  discharge_effi: 0.6921918604183614
  max_power: 36.14627077042956
  t_arr: 12.501385541865012
  t_dep: 9.42956292963977
