vehicle:
  capacity: 140.1691455065299
  capacity_demand: 51.95456234272466
  charge_effi: 0.8712067972591433
  discharge_effi: 0.6590725664494377
  max_power: 27.497033429822338
  t_arr: 10.691709551466557
  t_dep: 6.806622995925785
