vehicle:
  capacity: 128.4760283029855
  capacity_demand: 68.41071825075154
  charge_effi: 0.9493371090836877
  discharge_effi: 0.6580912538234305
  max_power: 25.17713873450508
  t_arr: 14.256702790316488
  t_dep: 7.852264402722167
