vehicle:
  capacity: 110.98699372217547
  capacity_demand: 91.18632588410408
  charge_effi: 1.0694643961973946
  discharge_effi: 0.6809145309185128
  max_power: 25.998454605002134
  t_arr: 13.02563044278183
  t_dep: 9.295677574999269
