vehicle:
  capacity: 107.91569288219506
  capacity_demand: 74.26351192194748
  charge_effi: 0.9209344925233819
  discharge_effi: 0.6578582765165876
  max_power: 26.80457496458191
  t_arr: 14.198523522843665
  t_dep: 9.022821700074749
