vehicle:
  capacity: 140.71973145973342
  capacity_demand: 65.09102681452094
  charge_effi: 0.9284506329663422
  discharge_effi: 0.7631400434200333
  max_power: 29.988818278892932
  t_arr: 15.782404143645463
  t_dep: 7.647357316631178
