vehicle:
  capacity: 137.7921217328849
  capacity_demand: 81.81003706610012
  charge_effi: 1.2092574723484115
  discharge_effi: 0.8678929861684567
  max_power: 32.65567031844042
  t_arr: 12.367913905978131
  t_dep: 7.698023420074692
