vehicle:
  capacity: 128.44261801698795
  capacity_demand: 69.953827226942
  charge_effi: 1.1913996107380689
  discharge_effi: 0.7824325574242202
  max_power: 29.845102891955275
  t_arr: 12.651877900325285
  t_dep: 7.637945432945982
