vehicle:
  capacity: 122.9923932157775
  capacity_demand: 73.5000068825272
  charge_effi: 1.0656992927400168
  discharge_effi: 0.7089870682800236
  max_power: 30.815574910329772
  t_arr: 12.796775280896439
  t_dep: 8.606293231591412
