vehicle:
  capacity: 103.6224726098562
  capacity_demand: 71.77793794130258
  charge_effi: 0.9617552292571461
  discharge_effi: 0.8159946585731734
  max_power: 39.57398723675081
  t_arr: 12.264045269528816
  t_dep: 9.80864913966286
