vehicle:
  capacity: 121.64910214728918
  capacity_demand: 74.5003725427704
  charge_effi: 1.0668837173862402
  discharge_effi: 0.6931189880659403
  max_power: 31.320193526602235
  t_arr: 12.345777376786023
  t_dep: 8.865198213361174
