vehicle:
  capacity: 109.49926648306092
  capacity_demand: 67.83894410653058
  charge_effi: 0.8522102616155804
  discharge_effi: 0.8236452817593457
  max_power: 31.47699333041649
  t_arr: 13.686359950390226
  t_dep: 8.90055646539358
