vehicle:
  capacity: 129.98830013776163
  capacity_demand: 92.08596635699173
  charge_effi: 1.0619428578280083
  discharge_effi: 0.7609621518092944
  max_power: 33.22845954681799
  t_arr: 13.186994632658912
  t_dep: 6.4041748560022835
