vehicle:
  capacity: 108.90756495042041
  capacity_demand: 88.75807738337357
  charge_effi: 1.1404808165230624
  discharge_effi: 0.8505654184744573
  max_power: 32.45149258501971
  t_arr: 12.283948743487583
  t_dep: 8.262698653000022
