vehicle:
  capacity: 102.10319269711283
  capacity_demand: 81.83036474825516
  charge_effi: 0.966768794592921
  discharge_effi: 0.7954962564362538
  max_power: 27.57691273758975
  t_arr: 13.169264963647139
  t_dep: 8.949920356578287
