vehicle:
  capacity: 119.34999671827335
  capacity_demand: 67.01766141494699
  charge_effi: 0.8935223738388492
  discharge_effi: 0.7715173163440638
  max_power: 30.451441585391745
  t_arr: 11.13423661318155
  t_dep: 7.1726026343197145
