vehicle:
  capacity: 123.12656507853518
  capacity_demand: 78.36971945486037
  charge_effi: 0.9209917503643138
  discharge_effi: 0.7188371757161435
  max_power: 34.797914099386055
  t_arr: 12.480213313184576
  t_dep: 10.177316126699662
