vehicle:
  capacity: 106.83715722507877
  capacity_demand: 70.88963887329989
  charge_effi: 0.9876091104494296
  discharge_effi: 0.5453943380160123
  max_power: 31.006096779027988
  t_arr: 13.608681257034709
  t_dep: 6.642158933622402
