vehicle:
  capacity: 123.98193176677039
  capacity_demand: 75.78954973262478
  charge_effi: 0.977677875668486
  discharge_effi: 0.6823764952962403
  max_power: 28.41636885441295
  t_arr: 12.858257507588153
  t_dep: 7.6839255206482
