vehicle:
  capacity: 125.50555208223788
  capacity_demand: 71.26954436585672
  charge_effi: 1.2187589563476904
  discharge_effi: 0.5888118516685813
  max_power: 27.849872757528587
  t_arr: 14.826131358692452
  t_dep: 7.688576770056127
