vehicle:
  capacity: 118.84649616364578
  capacity_demand: 78.92550912089973
  charge_effi: 1.012817271814126
  discharge_effi: 0.7832889452077427
  max_power: 34.582050769315806
  t_arr: 13.046058636110146
  t_dep: 7.11782691855282
