vehicle:
  capacity: 125.22141337729657
  capacity_demand: 86.2462182742494
  charge_effi: 0.9974308033237301
  discharge_effi: 0.8224110020413652
  max_power: 33.27784212354655
  t_arr: 12.68606887445575
  t_dep: 8.925416073570101
