vehicle:
  capacity: 106.03133570955384
  capacity_demand: 84.42677993372223
  charge_effi: 1.089330052841922
  discharge_effi: 0.6564799754576989
  max_power: 35.85051872137324
  t_arr: 12.56658021620445
  t_dep: 8.677868239492362
