vehicle:
  capacity: 152.7700099451424
  capacity_demand: 60.206202847171234
  charge_effi: 0.9673371463168311
  discharge_effi: 0.8071271278739491
  max_power: 32.99171148650968
  t_arr: 15.758276129390106
  t_dep: 7.804925016854109
