vehicle:
  capacity: 125.14238003225954
  capacity_demand: 65.951030019501
  charge_effi: 0.9587961137093713
  discharge_effi: 0.7056255728408835
  max_power: 30.464075313447374
  t_arr: 13.986712443239762
  t_dep: 7.623627167780756
