vehicle:
  capacity: 134.31139287837703
  capacity_demand: 71.94772726440598
  charge_effi: 1.0162634848549599
  discharge_effi: 0.640042223709964
  max_power: 33.76039672852003
  t_arr: 12.307801152758243
  t_dep: 8.419652211218567
