vehicle:
  capacity: 136.6406586617504
  capacity_demand: 75.24432941999399
  charge_effi: 0.9887268134660759
  discharge_effi: 0.6925190832551031
  max_power: 29.46675450973013
  t_arr: 15.028246762587568
  t_dep: 7.0066915988298115
