vehicle:
  capacity: 118.81038985960035
  capacity_demand: 74.7254448103775
  charge_effi: 0.8911649493355632
  discharge_effi: 0.7434032628163003
  max_power: 32.72459241069369
  t_arr: 16.12163339979104
  t_dep: 7.726540425349962
