vehicle:
  capacity: 93.43408402334346
  capacity_demand: 78.12521544583528
  charge_effi: 0.9681042390589821
  discharge_effi: 0.693458193445868
  max_power: 30.253208940486086
  t_arr: 12.390822405747967
  t_dep: 9.873939216069687
