vehicle:
  capacity: 126.1589804694075
  capacity_demand: 72.15612817418398
  charge_effi: 1.0423725577648926
  discharge_effi: 0.7015579467626868
  max_power: 23.67245560207506
  t_arr: 14.284140213930078
  t_dep: 7.511928646899277
