vehicle:
  capacity: 110.72896519103945
  capacity_demand: 66.89886134058673
  charge_effi: 0.9844191477207175
  discharge_effi: 0.6651666399533344
  max_power: 27.246617034044565
  t_arr: 13.202407240952779
  t_dep: 8.924645643920758
