vehicle:
  capacity: 117.42098162043139
  capacity_demand: 88.45064595464146
  charge_effi: 0.9815940110120764
  discharge_effi: 0.8719517295389727
  max_power: 34.58938014489459
  t_arr: 13.285639905728468
  t_dep: 8.041137574390257
