vehicle:
  capacity: 123.61319091224898
  capacity_demand: 85.31776797568418
  charge_effi: 0.9651858786892229
  discharge_effi: 0.7926239267661621
  max_power: 31.649448763980676
  t_arr: 13.242813069510877
  t_dep: 9.62911888831483
