vehicle:
  capacity: 163.72525161766703
  capacity_demand: 83.63639427814685
  charge_effi: 1.00309336312205
  discharge_effi: 0.6820026923486715
  max_power: 22.233026854128514
  t_arr: 13.865705382686128
  t_dep: 9.097941876994183
