vehicle:
  capacity: 114.30239105693761
  capacity_demand: 96.91410484409984
  charge_effi: 0.9721139103633464
  discharge_effi: 0.7383127855197146
  max_power: 32.02987629388088
  t_arr: 14.038781188130736
  t_dep: 8.322228036924816
