vehicle:
  capacity: 137.8224876923784
  capacity_demand: 64.89500414391614
  charge_effi: 1.0729825886628275
  discharge_effi: 0.6928785019221344
  max_power: 30.729672008436506
  t_arr: 14.449288271070182
  t_dep: 7.657909233303035
