vehicle:
  capacity: 109.66059240882954
  capacity_demand: 75.0639369359575
  charge_effi: 1.0756113279642483
  discharge_effi: 0.7454471296922447
  max_power: 33.9847335388612
  t_arr: 15.773504494831764
  t_dep: 8.740309311011703
