vehicle:
  capacity: 131.3798232214602
  capacity_demand: 88.22262918457876
  charge_effi: 1.0398218567072532
  discharge_effi: 0.7020300910786059
  max_power: 31.148120979221382
  t_arr: 13.02983079131595
  t_dep: 7.71230685195522
