vehicle:
  capacity: 116.60042291528673
  capacity_demand: 72.16563725235828
  charge_effi: 1.0047774698502878
  discharge_effi: 0.7393754961532448
  max_power: 28.401857063214642
  t_arr: 13.684313767700537
  t_dep: 8.4178863306388
