vehicle:
  capacity: 111.82384711912637
  capacity_demand: 79.04147783899684
  charge_effi: 1.0201695641543942
  discharge_effi: 0.7182948744028487
  max_power: 37.7608263625535
  t_arr: 12.52118541759833
  t_dep: 8.906642456045352
