vehicle:
  capacity: 129.7478129097628
  capacity_demand: 92.22033188963272
  charge_effi: 0.9729367945487167
  discharge_effi: 0.7789927579640213
  max_power: 31.042762585822057
  t_arr: 13.351620284314285
  t_dep: 9.115914637109801
