vehicle:
  capacity: 120.50282177206984
  capacity_demand: 77.05331907564549
  charge_effi: 1.115431422829897
  discharge_effi: 0.7432966351764749
  max_power: 41.039647184079044
  t_arr: 10.679980774124154
  t_dep: 8.400726710543356
