vehicle:
  capacity: 131.17996422689612
  capacity_demand: 69.7464573387558
  charge_effi: 1.0211289420256002
  discharge_effi: 0.6904312454341829
  max_power: 30.44058800022947
  t_arr: 13.311150530130426
  t_dep: 7.441681857039276
