vehicle:
  capacity: 111.0262818594174
  capacity_demand: 83.22948793113484
  charge_effi: 0.9203113749763604
  discharge_effi: 0.8719637056521127
  max_power: 31.644348522866522
  t_arr: 12.820313432267586
  t_dep: 8.121410538592375
