vehicle:
  capacity: 99.7166014192929
  capacity_demand: 69.28338316613275
  charge_effi: 1.0055116113715652
  discharge_effi: 0.8896392877761923
  max_power: 32.194227779219524
  t_arr: 13.636485163506682
  t_dep: 8.148250382508936
