vehicle:
  capacity: 98.19650898283405
  capacity_demand: 87.16440417089251
  charge_effi: 1.0563247832768383
  discharge_effi: 0.742260468966908
  max_power: 37.398057617800866
  t_arr: 16.162937871733284
  t_dep: 8.011985151921518
