vehicle:
  capacity: 102.42747069154322
  capacity_demand: 71.62992401443901
  charge_effi: 1.0071972498228825
  discharge_effi: 0.5458331826303207
  max_power: 28.50800400975876
  t_arr: 16.584718721963323
  t_dep: 8.099749406580134
