vehicle:
  capacity: 102.68964738108176
  capacity_demand: 73.21942935386107
  charge_effi: 0.8035013342167787
  discharge_effi: 0.7048592783607048
  max_power: 30.776891236791187
  t_arr: 13.914350509326075
  t_dep: 9.446472941837573
