vehicle:
  capacity: 116.14711220266817
  capacity_demand: 85.72699001504287
  charge_effi: 0.9655254544130862
  discharge_effi: 0.718334061925426
  max_power: 32.37136967690682
  t_arr: 13.020378103725653
  t_dep: 6.890825454383492
