vehicle:
  capacity: 129.581562238871
  capacity_demand: 69.91365760427256
  charge_effi: 0.9060938245897892
  discharge_effi: 0.6874781321445157
  max_power: 30.50697704034425
  t_arr: 12.303012229818647
  t_dep: 7.832725325638007
