vehicle:
  capacity: 120.18580525648584
  capacity_demand: 82.92499440285403
  charge_effi: 1.00308521230061
  discharge_effi: 0.7926355145906345
  max_power: 31.42837663752774
  t_arr: 12.374422464245209
  t_dep: 9.029213257307559
