vehicle:
  capacity: 141.32977480776708
  capacity_demand: 75.80235675624691
  charge_effi: 1.1355827277015478
  discharge_effi: 0.6596483327577096
  max_power: 32.57070781348309
  t_arr: 14.628364463847667
  t_dep: 6.896278092738143
