vehicle:
  capacity: 112.0899850925382
  capacity_demand: 87.38336679512933
  charge_effi: 1.1066540379512484
  discharge_effi: 0.7475256878681504
  max_power: 32.57437629117915
  t_arr: 13.195462458844489
  t_dep: 9.350966160783718
