vehicle:
  capacity: 124.25837150898055
  capacity_demand: 79.37352044086738
  charge_effi: 1.017893046990728
  discharge_effi: 0.6508711852057434
  max_power: 29.572060561559514
  t_arr: 12.97436472008694
  t_dep: 6.9426351844949
