vehicle:
  capacity: 106.43997914580999
  capacity_demand: 75.64248543365815
  charge_effi: 1.0458667558864498
  discharge_effi: 0.6806337070642837
  max_power: 26.69460998135126
  t_arr: 13.60884633707063
  t_dep: 7.153932038514857
