vehicle:
  capacity: 130.12525961499068
  capacity_demand: 72.66412812887008
  charge_effi: 1.1141704452305103
  discharge_effi: 0.5783119496690703
  max_power: 31.848293070917997
  t_arr: 12.46794075305726
  t_dep: 8.588991918239602
