vehicle:
  capacity: 118.11625623794316
  capacity_demand: 67.70002322511122
  charge_effi: 1.0558407393844214
  discharge_effi: 0.7640684078198657
  max_power: 29.439505139772958
  t_arr: 13.269945175377968
  t_dep: 8.899293524097905
