vehicle:
  capacity: 137.06277435002085
  capacity_demand: 67.71674481594323
  charge_effi: 0.9074915455789867
  discharge_effi: 0.7062726431131133
  max_power: 31.1269951158083
  t_arr: 11.578543052915814
  t_dep: 6.097524345013901
