vehicle:
  capacity: 131.6413607265883
  capacity_demand: 92.76150883865556
  charge_effi: 1.0173530602457426
  discharge_effi: 0.7501407484531915
  max_power: 32.062736205294115
  t_arr: 13.738583902371504
  t_dep: 7.048852325741376
