vehicle:
  capacity: 133.73502399899175
  capacity_demand: 65.61387930827752
  charge_effi: 0.9409981680352381
  discharge_effi: 0.663575107413066
  max_power: 36.15755247303399
  t_arr: 14.617615788947546
  t_dep: 8.186185807319085
