vehicle:
  capacity: 139.65979569320135
  capacity_demand: 75.6660456817256
  charge_effi: 1.050065952866009
  discharge_effi: 0.6882864622554162
  max_power: 30.799651625336356
  t_arr: 16.102259314959074
  t_dep: 7.415526183858171
