vehicle:
  capacity: 108.09758816253544
  capacity_demand: 91.50702903679658
  charge_effi: 0.9630888437604973
  discharge_effi: 0.67516115634026
  max_power: 31.35314269641553
  t_arr: 14.443361645796605
  t_dep: 7.450302371615469
