vehicle:
  capacity: 136.13697796666528
  capacity_demand: 73.05736197855433
  charge_effi: 0.7543899877677447
  discharge_effi: 0.7589463191702898
  max_power: 36.49703234112805
  t_arr: 15.917143872237665
  t_dep: 7.382937439841638
