vehicle:
  capacity: 144.90871872267007
  capacity_demand: 72.08549227233996
  charge_effi: 1.0105923089511866
  discharge_effi: 0.6262904077028099
  max_power: 32.231646986698564
  t_arr: 14.317658361894768
  t_dep: 7.71205936957391
