vehicle:
  capacity: 118.98133899258276
  capacity_demand: 73.60149334558615
  charge_effi: 0.9766030464468769
  discharge_effi: 0.5268151458864799
  max_power: 31.789719649387894
  t_arr: 16.955448430058055
  t_dep: 6.63823816653503
