vehicle:
  capacity: 135.59547456096874
  capacity_demand: 76.9647427952354
  charge_effi: 1.0306058576963795
  discharge_effi: 0.7386801472493719
  max_power: 31.61941349424851
  t_arr: 14.931460561084476
  t_dep: 7.84839392888639
