vehicle:
  capacity: 130.3192111670757
  capacity_demand: 76.33738065226227
  charge_effi: 0.9945277559998679
  discharge_effi: 0.5772465018842999
  max_power: 29.7149985149017
  t_arr: 12.645486807445002
  t_dep: 7.850123835909237
