vehicle:
  capacity: 125.67921526745879
  capacity_demand: 66.78254324125086
  charge_effi: 0.8576699312705985
  discharge_effi: 0.6139143546660896
  max_power: 38.457994288316115
  t_arr: 13.180653678247824
  t_dep: 7.224145983098219
