vehicle:
  capacity: 118.30442203436
  capacity_demand: 67.92854890463792
  charge_effi: 1.0263953177294205
  discharge_effi: 0.7104737542776368
  max_power: 32.412338249666064
  t_arr: 13.353495069251812
  t_dep: 9.493676107730073
