vehicle:
  capacity: 105.93280855028145
  capacity_demand: 69.4367229674977
  charge_effi: 1.1559976090878812
  discharge_effi: 0.704300448337742
  max_power: 31.285995590167975
  t_arr: 13.054998445311886
  t_dep: 9.738428120884231
