vehicle:
  capacity: 134.7303026797213
  capacity_demand: 73.59862171410236
  charge_effi: 1.1036709008789738
  discharge_effi: 0.5230274789963634
  max_power: 31.468365631269705
  t_arr: 14.142507864706358
  t_dep: 8.168506770408046
