vehicle:
  capacity: 107.67405974052211
  capacity_demand: 85.91884675029846
  charge_effi: 0.8758059279629624
  discharge_effi: 0.7928469063152915
  max_power: 28.823701231557582
  t_arr: 12.524314407337352
  t_dep: 7.175226405230856
