vehicle:
  capacity: 116.82289878643533
  capacity_demand: 81.87889292085852
  charge_effi: 1.0660081461183604
  discharge_effi: 0.6302355482577119
  max_power: 33.133103004337
  t_arr: 12.784317071199316
  t_dep: 7.750450168715496
