vehicle:
  capacity: 133.3446436532362
  capacity_demand: 86.97743261725202
  charge_effi: 0.8475804491746535
  discharge_effi: 0.6803831888898592
  max_power: 32.716613326138805
  t_arr: 16.18317823313138
  t_dep: 6.806886371766725
