vehicle:
  capacity: 115.59315189039071
  capacity_demand: 71.57224982318067
  charge_effi: 0.884675699044268
  discharge_effi: 0.8583394497936409
  max_power: 36.48591709148239
  t_arr: 13.60644458317855
  t_dep: 9.249302794130555
