vehicle:
  capacity: 127.69556891560987
  capacity_demand: 78.1688992258723
  charge_effi: 0.8594560000160233
  discharge_effi: 0.789221579916963
  max_power: 35.06997821012294
  t_arr: 14.08217499256586
  t_dep: 8.700306924398566
