vehicle:
  capacity: 120.87235500419543
  capacity_demand: 79.0598393998292
  charge_effi: 1.0386763740488891
  discharge_effi: 0.5809798245672151
  max_power: 26.961369267400745
  t_arr: 14.256846357597698
  t_dep: 7.850324842402779
