vehicle:
  capacity: 129.19975985938294
  capacity_demand: 82.6260167603801
  charge_effi: 1.0782395773998503
  discharge_effi: 0.8455918457343529
  max_power: 36.63205716307865
  t_arr: 12.091348661177868
  t_dep: 8.902215833599183
