vehicle:
  capacity: 153.58153082201594
  capacity_demand: 63.702331077352206
  charge_effi: 1.1325901133991034
  discharge_effi: 0.5898929790733851
  max_power: 33.18609334661271
  t_arr: 11.521102716265007
  t_dep: 7.836406190693626
