vehicle:
  capacity: 133.28580587277372
  capacity_demand: 80.75015413898323
  charge_effi: 0.8773242195249538
  discharge_effi: 0.6830802934039957
  max_power: 28.76611766564248
  t_arr: 12.069007779177564
  t_dep: 7.397241863551977
