vehicle:
  capacity: 126.45652818273159
  capacity_demand: 65.48628465028386
  charge_effi: 0.9535984472872338
  discharge_effi: 0.687219292421365
  max_power: 33.87857356507704
  t_arr: 12.871200900015458
  t_dep: 6.558586632654052
