vehicle:
  capacity: 131.5114560657601
  capacity_demand: 67.42413052728372
  charge_effi: 1.1238080189490587
  discharge_effi: 0.6889738123436602
  max_power: 27.808719025745543
  t_arr: 14.103892426851914
  t_dep: 7.236399180524693
