vehicle:
  capacity: 108.29468951775935
  capacity_demand: 81.29509656099235
  charge_effi: 0.977326438019891
  discharge_effi: 0.6445508951692763
  max_power: 29.795871494244363
  t_arr: 13.694967593350988
  t_dep: 7.274315389556295
