vehicle:
  capacity: 86.02137387681668
  capacity_demand: 80.54346545508334
  charge_effi: 0.8585340122582533
  discharge_effi: 0.8037846275141509
  max_power: 29.947741413429092
  t_arr: 14.123532294772453
  t_dep: 7.4980058614706335
