vehicle:
  capacity: 150.0373577571008
  capacity_demand: 79.10732517567355
  charge_effi: 0.9923617851792392
  discharge_effi: 0.7321757444719964
  max_power: 31.94170342819581
  t_arr: 15.504333609110752
  t_dep: 7.0295500555681345
