vehicle:
  capacity: 138.48127277259965
  capacity_demand: 68.44898443603903
  charge_effi: 1.147007055296567
  discharge_effi: 0.5995538974606629
  max_power: 32.9408391961279
  t_arr: 12.679467095328809
  t_dep: 7.374875618000696
