vehicle:
  capacity: 124.7036404499336
  capacity_demand: 85.11661859436806
  charge_effi: 0.9229226212040356
  discharge_effi: 0.8555806004985703
  max_power: 29.979598034454394
  t_arr: 11.981470884158211
  t_dep: 7.490559656416545
