vehicle:
  capacity: 116.32933736724694
  capacity_demand: 90.59810779289252
  charge_effi: 0.9477274266503786
  discharge_effi: 0.6768539782659804
  max_power: 29.863255895986413
  t_arr: 13.221166916941911
  t_dep: 8.755234939784941
