vehicle:
  capacity: 138.4670643580506
  capacity_demand: 74.30414818257263
  charge_effi: 0.7743641382289113
  discharge_effi: 0.6592955290968241
  max_power: 33.712938476159444
  t_arr: 13.226826887733672
  t_dep: 6.171468513557574
