vehicle:
  capacity: 150.7381820676805
  capacity_demand: 72.87857674178484
  charge_effi: 0.9996970042286216
  discharge_effi: 0.7094100804997624
  max_power: 33.05171002290535
  t_arr: 13.536106607039876
  t_dep: 7.788067914021882
