vehicle:
  capacity: 95.82492427775445
  capacity_demand: 74.24417015169777
  charge_effi: 0.9890970634733156
  discharge_effi: 0.7618835059261372
  max_power: 38.02513993473143
  t_arr: 11.956933512583806
  t_dep: 8.704236279174474
