vehicle:
  capacity: 98.02113178616055
  capacity_demand: 76.2332518445478
  charge_effi: 1.0035849865416362
  discharge_effi: 0.7269721851441446
  max_power: 30.44977222463769
  t_arr: 16.648485168507367
  t_dep: 7.147482077725729
