vehicle:
  capacity: 112.02967076739392
  capacity_demand: 73.74837263895832
  charge_effi: 0.9905445163920563
  discharge_effi: 0.6700731806674645
  max_power: 31.304387896198982
  t_arr: 13.072658536016812
  t_dep: 8.1936537488434
