vehicle:
  capacity: 128.31345232751048
  capacity_demand: 74.77959845082289
  charge_effi: 1.0009466826878115
  discharge_effi: 0.6479847611643307
  max_power: 31.670293418917513
  t_arr: 11.930593211269592
  t_dep: 8.799977934774635
