vehicle:
  capacity: 97.5148206815175
  capacity_demand: 80.09624852406097
  charge_effi: 1.2175889829533817
  discharge_effi: 0.6242249741671274
  max_power: 28.99150415591414
  t_arr: 13.070187058797178
  t_dep: 9.405528507150532
