vehicle:
  capacity: 121.7975137598058
  capacity_demand: 65.22172887468815
  charge_effi: 0.9296681755915748
  discharge_effi: 0.7587444274497179
  max_power: 31.943758028713894
  t_arr: 12.843100957796626
  t_dep: 7.299925829297687
