vehicle:
  capacity: 98.15586591900302
  capacity_demand: 73.32916899064827
  charge_effi: 0.9977826084827844
  discharge_effi: 0.6854495474333198
  max_power: 30.435507394884578
  t_arr: 12.314051532189366
  t_dep: 8.53590593800832
