vehicle:
  capacity: 125.24224316154239
  capacity_demand: 74.57225411679174
  charge_effi: 1.009611695887996
  discharge_effi: 0.6505457206402854
  max_power: 29.103922856616087
  t_arr: 12.706305924764994
  t_dep: 7.782722955964604
