vehicle:
  capacity: 113.3095698548805
  capacity_demand: 74.44326002927144
  charge_effi: 0.9174207134240293
  discharge_effi: 0.7638740310667216
  max_power: 25.615191307280455
  t_arr: 11.847872311191626
  t_dep: 7.456558516106551
