vehicle:
  capacity: 123.90833224871896
  capacity_demand: 80.64443228877226
  charge_effi: 0.7804637378598751
  discharge_effi: 0.6074715935973364
  max_power: 31.134709613875774
  t_arr: 12.966101192247576
  t_dep: 5.911664263594242
