vehicle:
  capacity: 118.48452630846039
  capacity_demand: 91.67798080853223
  charge_effi: 1.1454758420411513
  discharge_effi: 0.8601595435230236
  max_power: 33.70560036013754
  t_arr: 13.064447281346608
  t_dep: 8.271039444833688
