vehicle:
  capacity: 111.21063695743644
  capacity_demand: 64.71521051828461
  charge_effi: 1.103599136951282
  discharge_effi: 0.6543583330584714
  max_power: 31.12362502797882
  t_arr: 16.72410423308302
  t_dep: 8.942870819511453
