vehicle:
  capacity: 122.27099549557647
  capacity_demand: 77.84833419571996
  charge_effi: 0.8857297831497534
  discharge_effi: 0.702817308285274
  max_power: 25.557319439671826
  t_arr: 11.104538339820897
  t_dep: 8.14425060377658
