vehicle:
  capacity: 106.58679033701091
  capacity_demand: 69.18333146144005
  charge_effi: 1.1094039435003658
  discharge_effi: 0.7149443613892764
  max_power: 31.642115285637193
  t_arr: 13.103280585391428
  t_dep: 7.698676848915962
