vehicle:
  capacity: 133.27859296162327
  capacity_demand: 65.27385325977117
  charge_effi: 1.0686112289465348
  discharge_effi: 0.7548518019002872
  max_power: 30.893551677802673
  t_arr: 14.966954355121198
  t_dep: 7.52846149507066
