vehicle:
  capacity: 130.39144366078435
  capacity_demand: 73.68864616968798
  charge_effi: 1.1149017019006637
  discharge_effi: 0.8867225120887041
  max_power: 29.612599922727863
  t_arr: 17.33293492746608
  t_dep: 6.523225814612497
