vehicle:
  capacity: 151.95921422781058
  capacity_demand: 63.48984364451889
  charge_effi: 1.0852875440276712
  discharge_effi: 0.6084371385789441
  max_power: 31.493413459831576
  t_arr: 14.604120833525402
  t_dep: 7.774323754830079
