vehicle:
  capacity: 128.66707158703122
  capacity_demand: 84.9079636934833
  charge_effi: 0.9290210941693441
  discharge_effi: 0.920979973758446
  max_power: 33.996798099668716
  t_arr: 13.162769031692257
  t_dep: 8.434874170936475
