vehicle:
  capacity: 131.2627530849754
  capacity_demand: 74.85116039970956
  charge_effi: 0.9577966741935028
  discharge_effi: 0.6240635522091222
  max_power: 35.15444763048192
  t_arr: 14.403915819202902
  t_dep: 8.865453781596347
