vehicle:
  capacity: 145.95630048923223
  capacity_demand: 74.04207833614585
  charge_effi: 1.0086963169944356
  discharge_effi: 0.7200956060976161
  max_power: 26.917073819128348
  t_arr: 14.630419678428643
  t_dep: 6.990907892071871
