vehicle:
  capacity: 127.92362284781012
  capacity_demand: 71.26959291877888
  charge_effi: 0.9191260698986949
  discharge_effi: 0.677216878203857
  max_power: 27.555217204445558
  t_arr: 14.267089984658691
  t_dep: 6.7992632572438385
