vehicle:
  capacity: 108.13798271276764
  capacity_demand: 68.59801090330402
  charge_effi: 0.8621316756484638
  discharge_effi: 0.7632284719099897
  max_power: 32.26576028327928
  t_arr: 12.357486118499743
  t_dep: 7.223809935815178
