vehicle:
  capacity: 108.51931267860223
  capacity_demand: 81.45046891970564
  charge_effi: 1.0640368432093785
  discharge_effi: 0.726939488140147
  max_power: 31.998649328378363
  t_arr: 12.29557204643213
  t_dep: 10.055060459279018
