vehicle:
  capacity: 143.79156051965455
  capacity_demand: 70.4346126080247
  charge_effi: 1.0958382929902675
  discharge_effi: 0.7461960172602776
  max_power: 34.008891905442745
  t_arr: 14.666791790792296
  t_dep: 7.819120460368168
