vehicle:
  capacity: 125.58055361790582
  capacity_demand: 88.27898487822488
  charge_effi: 0.884282272815509
  discharge_effi: 0.8437597063023135
  max_power: 30.788784648977398
  t_arr: 13.05429604227662
  t_dep: 9.35147390157439
