vehicle:
  capacity: 121.54336047770052
  capacity_demand: 72.70215478557715
  charge_effi: 1.0643104036805278
  discharge_effi: 0.7053733587938877
  max_power: 30.825340402926166
  t_arr: 12.619009513848166
  t_dep: 8.085003448890728
