vehicle:
  capacity: 125.56414581567587
  capacity_demand: 73.4400946886902
  charge_effi: 1.0804867589013931
  discharge_effi: 0.6144342455156355
  max_power: 28.798178825648016
  t_arr: 12.950025306812185
  t_dep: 6.702087540434278
