vehicle:
  capacity: 134.7067696797236
  capacity_demand: 81.72819322192802
  charge_effi: 1.0239226492652371
  discharge_effi: 0.9001387482006081
  max_power: 35.77937841745824
  t_arr: 13.468396627103164
  t_dep: 7.101282948408491
