vehicle:
  capacity: 106.27749652008184
  capacity_demand: 74.8329828124304
  charge_effi: 0.7651203131434848
  discharge_effi: 0.8354725016773245
  max_power: 34.60551217069019
  t_arr: 13.404848712169294
  t_dep: 7.3205948513463825
