vehicle:
  capacity: 125.76459251550203
  capacity_demand: 78.55397653122321
  charge_effi: 1.1580178398418213
  discharge_effi: 0.6117901906321048
  max_power: 36.90127135052955
  t_arr: 16.493099293393595
  t_dep: 7.033773282568361
