vehicle:
  capacity: 121.97400281420546
  capacity_demand: 86.13139459619157
  charge_effi: 0.8424410831263063
  discharge_effi: 0.6214122977720007
  max_power: 31.114781899885035
  t_arr: 13.187960196152495
  t_dep: 7.550717916355453
