vehicle:
  capacity: 127.32752974303716
  capacity_demand: 74.57346171634954
  charge_effi: 1.0700064854750875
  discharge_effi: 0.777873286720015
  max_power: 35.82407828097267
  t_arr: 13.725182296316891
  t_dep: 6.400298335955669
