vehicle:
  capacity: 129.8031120375632
  capacity_demand: 77.90420826847205
  charge_effi: 0.9775721572337088
  discharge_effi: 0.6067094493904434
  max_power: 28.396898807300428
  t_arr: 13.568997100453121
  t_dep: 7.525005772185743
