vehicle:
  capacity: 110.35143574561681
  capacity_demand: 77.18170962707536
  charge_effi: 1.073508015022039
  discharge_effi: 0.8404471383980744
  max_power: 34.84296753105697
  t_arr: 12.13505596484944
  t_dep: 9.62391442033876
