vehicle:
  capacity: 126.21728694522622
  capacity_demand: 75.8194418090749
  charge_effi: 1.17698886027584
  discharge_effi: 0.7978846910167344
  max_power: 31.985933851016522
  t_arr: 13.005338988911795
  t_dep: 8.261610384689241
