vehicle:
  capacity: 103.27617155665708
  capacity_demand: 84.05365403123383
  charge_effi: 1.0312121431712251
  discharge_effi: 0.7714233981212764
  max_power: 24.61685077992233
  t_arr: 13.12326219584313
  t_dep: 9.339089311469635
