vehicle:
  capacity: 141.8514616711702
  capacity_demand: 91.35849159369631
  charge_effi: 0.8223704551361157
  discharge_effi: 0.8327179692986193
  max_power: 31.67138573479436
  t_arr: 12.029628499187792
  t_dep: 6.994272873260175
