vehicle:
  capacity: 121.86197704706058
  capacity_demand: 98.24527752904537
  charge_effi: 1.0733846931690927
  discharge_effi: 0.7093715466366379
  max_power: 37.46994471824787
  t_arr: 11.712379025880942
  t_dep: 7.995825701104743
