vehicle:
  capacity: 114.31496026906544
  capacity_demand: 84.54290934091463
  charge_effi: 1.0010383071796545
  discharge_effi: 0.9142745339960813
  max_power: 27.675427065600722
  t_arr: 11.328837964765956
  t_dep: 8.586857978625977
