vehicle:
  capacity: 109.76787421306925
  capacity_demand: 82.58442242391118
  charge_effi: 1.0689142457326837
  discharge_effi: 0.6220462597993993
  max_power: 31.25605165285853
  t_arr: 13.58467484431803
  t_dep: 8.370069906347311
