vehicle:
  capacity: 106.73671652219593
  capacity_demand: 63.049144704818715
  charge_effi: 1.0817641466464887
  discharge_effi: 0.6247634366751412
  max_power: 32.27436294645593
  t_arr: 16.494665453497447
  t_dep: 7.220589461656182
