vehicle:
  capacity: 99.48317751702044
  capacity_demand: 79.95436038897182
  charge_effi: 0.8602106727432844
  discharge_effi: 0.8303077612062719
  max_power: 32.02394804994764
  t_arr: 12.596759778713592
  t_dep: 7.707166537301815
