vehicle:
  capacity: 130.2633714358825
  capacity_demand: 78.29342460544764
  charge_effi: 1.0912421550344056
  discharge_effi: 0.7385968608779536
  max_power: 29.540838881480457
  t_arr: 13.99312692657717
  t_dep: 8.778738888185158
