vehicle:
  capacity: 104.78729842680626
  capacity_demand: 77.40431672155523
  charge_effi: 1.1242704450015975
  discharge_effi: 0.8811632209504853
  max_power: 35.5778681853431
  t_arr: 13.142308732022247
  t_dep: 7.565854849354237
