vehicle:
  capacity: 107.45668065639917
  capacity_demand: 93.61507016906515
  charge_effi: 1.2048485256489763
  discharge_effi: 0.6491074714576108
  max_power: 33.03911506868753
  t_arr: 14.477670792979092
  t_dep: 8.91425938235192
