vehicle:
  capacity: 127.21139201235687
  capacity_demand: 56.26873031176983
  charge_effi: 1.1353743035262378
  discharge_effi: 0.7174258026530967
  max_power: 26.489163437118215
  t_arr: 11.779643125036866
  t_dep: 7.543528578695073
