vehicle:
  capacity: 141.9716051195328
  capacity_demand: 84.24172799896286
  charge_effi: 1.0690193438583167
  discharge_effi: 0.7410240926311779
  max_power: 29.880746130083033
  t_arr: 14.466691589711504
  t_dep: 8.387785906713946
