vehicle:
  capacity: 123.12042435823284
  capacity_demand: 68.31547890705062
  charge_effi: 1.0501131950410667
  discharge_effi: 0.8996028687525462
  max_power: 36.90683592194297
  t_arr: 13.495656452935279
  t_dep: 9.815857563678753
