vehicle:
  capacity: 125.05082028712792
  capacity_demand: 77.53922269401622
  charge_effi: 0.9486516011809272
  discharge_effi: 0.7699985450329166
  max_power: 31.530874146328674
  t_arr: 12.110595527113063
  t_dep: 8.248759750136527
