vehicle:
  capacity: 136.10634615456925
  capacity_demand: 69.63423382234889
  charge_effi: 0.9019773342585929
  discharge_effi: 0.6965846182387632
  max_power: 32.65288485210583
  t_arr: 12.435707917901121
  t_dep: 6.58849522158951
