vehicle:
  capacity: 99.77891902173484
  capacity_demand: 63.67841589877634
  charge_effi: 1.046131222624758
  discharge_effi: 0.7327165134407477
  max_power: 34.426813885353695
  t_arr: 11.630660243803579
  t_dep: 6.9664111477766735
