vehicle:
  capacity: 117.90553446199281
  capacity_demand: 76.76123599975215
  charge_effi: 1.001299429696446
  discharge_effi: 0.695529237540339
  max_power: 33.51415832569207
  t_arr: 14.133232493623707
  t_dep: 7.4374496379698
