vehicle:
  capacity: 114.21670092524799
  capacity_demand: 78.16519175882533
  charge_effi: 0.9413576727219473
  discharge_effi: 0.8068927997235755
  max_power: 31.867650350314015
  t_arr: 10.766744187301683
  t_dep: 8.751406686773162
