vehicle:
  capacity: 101.06208785779198
  capacity_demand: 78.15446561989808
  charge_effi: 1.0512772846907592
  discharge_effi: 0.7360446257421126
  max_power: 32.8640551516935
  t_arr: 13.49434943431227
  t_dep: 10.24903970014888
