vehicle:
  capacity: 112.93705314381384
  capacity_demand: 87.72004088724701
  charge_effi: 1.0603736956058898
  discharge_effi: 0.6147045198949617
  max_power: 32.02131132508073
  t_arr: 14.014374522927465
  t_dep: 9.130555271972659
