vehicle:
  capacity: 83.01017162212216
  capacity_demand: 78.19815536036992
  charge_effi: 0.959571105511936
  discharge_effi: 0.904169529311233
  max_power: 30.513918295062698
  t_arr: 10.559832050431629
  t_dep: 7.861641870765833
