vehicle:
  capacity: 122.07079396181845
  capacity_demand: 77.00686495540593
  charge_effi: 0.9796000849588657
  discharge_effi: 0.6669082050759295
  max_power: 30.46878597417111
  t_arr: 16.109340446207298
  t_dep: 6.978124656946961
