vehicle:
  capacity: 111.45187022366606
  capacity_demand: 74.46377290005778
  charge_effi: 0.9401740266433959
  discharge_effi: 0.7233473794736782
  max_power: 28.416082545208052
  t_arr: 14.160523063157534
  t_dep: 7.535703396689334
