vehicle:
  capacity: 96.42611778690237
  capacity_demand: 64.86305123205679
  charge_effi: 1.1031213372239983
  discharge_effi: 0.7005070170596102
  max_power: 31.590695929237615
  t_arr: 13.980655840682987
  t_dep: 7.749690059069972
