vehicle:
  capacity: 118.3177974952264
  capacity_demand: 96.44898157743084
  charge_effi: 1.004367209805516
  discharge_effi: 0.8149034004633193
  max_power: 32.19577217949524
  t_arr: 10.800049846214122
  t_dep: 10.466694020487655
