vehicle:
  capacity: 129.24386813628
  capacity_demand: 58.32228344756388
  charge_effi: 0.9571325432092538
  discharge_effi: 0.709993561055763
  max_power: 30.584833178251955
  t_arr: 13.49672255824341
  t_dep: 7.018461250594142
