vehicle:
  capacity: 97.79443958570651
  capacity_demand: 83.11203658150812
  charge_effi: 1.0823918999073463
  discharge_effi: 0.5998540003727999
  max_power: 29.40862509510429
  t_arr: 12.713248614530649
  t_dep: 9.205891392699655
