vehicle:
  capacity: 102.80553963903176
  capacity_demand: 84.03215202688781
  charge_effi: 1.1484136679381165
  discharge_effi: 0.7552664718990473
  max_power: 37.43445388514657
  t_arr: 12.21530542768523
  t_dep: 9.040335996189137
