vehicle:
  capacity: 119.93650777844724
  capacity_demand: 77.16811994452254
  charge_effi: 0.9388222339359374
  discharge_effi: 0.7010986302659635
  max_power: 37.11098346434968
  t_arr: 12.134749072940703
  t_dep: 8.046403215278405
