vehicle:
  capacity: 114.03422903197212
  capacity_demand: 89.75715510476654
  charge_effi: 0.9156679002548468
  discharge_effi: 0.6645395962811064
  max_power: 29.05112000051969
  t_arr: 12.600662702561204
  t_dep: 7.991392043657079
