vehicle:
  capacity: 137.7342734157611
  capacity_demand: 68.53120073835554
  charge_effi: 1.1956616406610385
  discharge_effi: 0.6207206385086463
  max_power: 34.19254884516214
  t_arr: 13.828391224137997
  t_dep: 7.870308605498096
