vehicle:
  capacity: 126.95234400950893
  capacity_demand: 64.22927776199852
  charge_effi: 1.0795488320047706
  discharge_effi: 0.7713629065579727
  max_power: 24.998678284666987
  t_arr: 14.30250141178697
  t_dep: 7.657751847348078
