vehicle:
  capacity: 116.30273738942398
  capacity_demand: 75.34921101923507
  charge_effi: 0.9280858335303251
  discharge_effi: 0.682991145658106
  max_power: 32.824707850433526
  t_arr: 14.781786297926768
  t_dep: 7.8952330297219895
