vehicle:
  capacity: 146.4739026560516
  capacity_demand: 63.83486755263787
  charge_effi: 0.9542150392086691
  discharge_effi: 0.7488985929780411
  max_power: 40.81050751642645
  t_arr: 13.882494104023767
  t_dep: 8.872982290694491
