vehicle:
  capacity: 109.03004751540335
  capacity_demand: 75.38422928107116
  charge_effi: 1.0339949565504618
  discharge_effi: 0.7882156287620444
  max_power: 36.24856761607218
  t_arr: 14.221368140204103
  t_dep: 7.911174612493956
