vehicle:
  capacity: 136.07509018167735
  capacity_demand: 71.16387349780787
  charge_effi: 1.0879273238418
  discharge_effi: 0.6526051376637796
  max_power: 35.311901463019055
  t_arr: 11.684415935687113
  t_dep: 8.342966719273655
