vehicle:
  capacity: 117.24310819291568
  capacity_demand: 76.33286689227903
  charge_effi: 1.0747046322547267
  discharge_effi: 0.7810285029386042
  max_power: 29.04618409498528
  t_arr: 11.913527036011633
  t_dep: 5.427143998911652
