vehicle:
  capacity: 107.46428705472579
  capacity_demand: 84.13549492842012
  charge_effi: 0.9693041248388854
  discharge_effi: 0.7752911515980672
  max_power: 36.959864920657196
  t_arr: 13.427853597693744
  t_dep: 9.17701905395518
