vehicle:
  capacity: 108.40241573225603
  capacity_demand: 71.18631445450046
  charge_effi: 0.9393808805742694
  discharge_effi: 0.6448989372319929
  max_power: 29.79344103574467
  t_arr: 13.24738448300491
  t_dep: 6.590325696932239
