vehicle:
  capacity: 125.57693865837092
  capacity_demand: 83.89886389852545
  charge_effi: 0.9103484308857237
  discharge_effi: 0.7671452552405449
  max_power: 24.59867967518181
  t_arr: 12.843907334741967
  t_dep: 7.9271570823567705
