vehicle:
  capacity: 141.9774304974628
  capacity_demand: 79.96149558172942
  charge_effi: 1.091583702326618
  discharge_effi: 0.6680995525652105
  max_power: 27.37673505858393
  t_arr: 12.910726320393644
  t_dep: 7.498524997859339
