vehicle:
  capacity: 107.95880940609044
  capacity_demand: 74.06251046628441
  charge_effi: 0.9950827714626087
  discharge_effi: 0.6782044342401468
  max_power: 34.11753312591534
  t_arr: 13.743166139403424
  t_dep: 9.71312803137333
