vehicle:
  capacity: 121.45714773876763
  capacity_demand: 72.00655109835256
  charge_effi: 0.9449102788794016
  discharge_effi: 0.6202513201821221
  max_power: 30.622280150408983
  t_arr: 15.22636814223215
  t_dep: 8.49799618849536
