vehicle:
  capacity: 104.28827347338893
  capacity_demand: 79.34140581053795
  charge_effi: 1.0125539110939568
  discharge_effi: 0.8745486705607717
  max_power: 35.812620140542506
  t_arr: 12.793468263888727
  t_dep: 8.854737094108502
