vehicle:
  capacity: 118.67315439878956
  capacity_demand: 63.68650258526271
  charge_effi: 1.1025826565054855
  discharge_effi: 0.7036470958512445
  max_power: 29.843853021231183
  t_arr: 16.51526323785143
  t_dep: 8.556072016282947
