vehicle:
  capacity: 131.9808222077226
  capacity_demand: 70.75314772583738
  charge_effi: 1.0727914260666074
  discharge_effi: 0.5396073582443957
  max_power: 28.891953953984228
  t_arr: 14.361386090850242
  t_dep: 7.380474690470012
