vehicle:
  capacity: 110.29407113032761
  capacity_demand: 91.64442240806825
  charge_effi: 1.05791898392925
  discharge_effi: 0.7981727093837899
  max_power: 33.90676225672308
  t_arr: 11.10734900492763
  t_dep: 8.863475425811393
