vehicle:
  capacity: 108.52813338750852
  capacity_demand: 86.38083027611151
  charge_effi: 1.0367498289934582
  discharge_effi: 0.7858158192104816
  max_power: 30.131073140492525
  t_arr: 13.508751876771809
  t_dep: 8.700811019375793
