vehicle:
  capacity: 122.72304583619693
  capacity_demand: 69.26716633965404
  charge_effi: 0.8797998644223284
  discharge_effi: 0.8016095655542728
  max_power: 31.097958860718677
  t_arr: 13.577001471334318
  t_dep: 8.335622573868191
