vehicle:
  capacity: 128.77937484322007
  capacity_demand: 79.82152498984732
  charge_effi: 0.8011380786006148
  discharge_effi: 0.6503363573272813
  max_power: 27.08897253104628
  t_arr: 12.984431014251964
  t_dep: 6.729443097348086
