vehicle:
  capacity: 98.56667076654321
  capacity_demand: 85.65539089525942
  charge_effi: 1.0174632078549262
  discharge_effi: 0.805552261742691
  max_power: 30.96545963065962
  t_arr: 11.98884752107115
  t_dep: 8.605323777247223
