vehicle:
  capacity: 130.8909616063494
  capacity_demand: 67.7531962780459
  charge_effi: 1.0442540592921792
  discharge_effi: 0.5787438653072181
  max_power: 31.503218299683677
  t_arr: 13.49249354798665
  t_dep: 7.2486900268594585
