vehicle:
  capacity: 115.83045924070856
  capacity_demand: 91.98057081231129
  charge_effi: 0.9929936818576708
  discharge_effi: 0.7174248148825483
  max_power: 29.952814487354868
  t_arr: 12.554288150132196
  t_dep: 7.272514966982544
