vehicle:
  capacity: 117.59865943364682
  capacity_demand: 88.05673906061513
  charge_effi: 1.2527890570349027
  discharge_effi: 0.7246647334495184
  max_power: 33.230877027875444
  t_arr: 14.950755833096647
  t_dep: 7.664550296138031
