vehicle:
  capacity: 134.46218309780417
  capacity_demand: 69.87345310769368
  charge_effi: 1.1472602314300795
  discharge_effi: 0.629241519382628
  max_power: 29.440109001881808
  t_arr: 11.735648286846608
  t_dep: 7.870208532973461
