vehicle:
  capacity: 136.30824063101377
  capacity_demand: 69.96016996159217
  charge_effi: 1.1184837306692537
  discharge_effi: 0.6441272757254565
  max_power: 32.630005107121384
  t_arr: 15.250712006474888
  t_dep: 7.885495200394055
