vehicle:
  capacity: 132.04937915057326
  capacity_demand: 70.72274135717304
  charge_effi: 1.048893737537378
  discharge_effi: 0.6339074065718063
  max_power: 28.88525570894459
  t_arr: 13.230972037567499
  t_dep: 8.277449418049017
