vehicle:
  capacity: 115.76488126255289
  capacity_demand: 88.34697313645266
  charge_effi: 0.8953983084021235
  discharge_effi: 0.7881252044160983
  max_power: 35.43563128896316
  t_arr: 12.50090279509433
  t_dep: 8.319778879798708
