vehicle:
  capacity: 100.9479972373185
  capacity_demand: 76.51065998122259
  charge_effi: 0.9915133470530936
  discharge_effi: 0.6901555184160565
  max_power: 32.99169256230081
  t_arr: 13.73503740574107
  t_dep: 8.87774337164173
