vehicle:
  capacity: 147.35156744965298
  capacity_demand: 62.300032246068334
  charge_effi: 1.1211845184532088
  discharge_effi: 0.6325099506730043
  max_power: 33.114915009300326
  t_arr: 16.318481099690867
  t_dep: 8.216856474068138
