vehicle:
  capacity: 108.2457024891017
  capacity_demand: 84.07305443262308
  charge_effi: 1.0698661134309901
  discharge_effi: 0.7237049200545282
  max_power: 28.974949328310935
  t_arr: 10.203799565638592
  t_dep: 8.682587592916459
