vehicle:
  capacity: 98.74061076807666
  capacity_demand: 79.45252392452346
  charge_effi: 0.9436569379617543
  discharge_effi: 0.788846251798754
  max_power: 37.25771741880494
  t_arr: 14.028018152670155
  t_dep: 10.37164280552344
