vehicle:
  capacity: 121.84021782778925
  capacity_demand: 85.71680785953554
  charge_effi: 0.920451862706345
  discharge_effi: 0.8017877516031346
  max_power: 35.36599401745078
  t_arr: 12.75146914277728
  t_dep: 7.66022977607669
