vehicle:
  capacity: 130.828618833649
  capacity_demand: 77.88973432548684
  charge_effi: 1.1352686900192042
  discharge_effi: 0.7661866060560116
  max_power: 32.15441891149609
  t_arr: 11.631362807990206
  t_dep: 7.659536267115389
