vehicle:
  capacity: 142.044850959702
  capacity_demand: 85.23904290428571
  charge_effi: 0.928252675177987
  discharge_effi: 0.6091738021881709
  max_power: 33.51809524474196
  t_arr: 15.505948450999862
  t_dep: 8.500743143690563
