vehicle:
  capacity: 132.84502589359016
  capacity_demand: 72.5548354718999
  charge_effi: 1.0371388148240885
  discharge_effi: 0.7384556344352703
  max_power: 29.3576490871518
  t_arr: 13.556727789878138
  t_dep: 7.385191085659628
