vehicle:
  capacity: 116.22658782907372
  capacity_demand: 71.58616776953939
  charge_effi: 0.9945203676775769
  discharge_effi: 0.7612035521479984
  max_power: 30.053123624992
  t_arr: 14.204138761364055
  t_dep: 6.179615798443088
