vehicle:
  capacity: 117.07171085289222
  capacity_demand: 84.5663795592637
  charge_effi: 1.100914671622396
  discharge_effi: 0.6314532335383408
  max_power: 28.471417404979466
  t_arr: 14.60298386067369
  t_dep: 8.692682664475484
