vehicle:
  capacity: 112.86319508153733
  capacity_demand: 76.92316685685788
  charge_effi: 1.0299594606003764
  discharge_effi: 0.7721895033036219
  max_power: 33.182433312551964
  t_arr: 14.295803569832078
  t_dep: 7.780828498664182
