vehicle:
  capacity: 155.50250742374908
  capacity_demand: 78.56293233928912
  charge_effi: 1.1177008121881689
  discharge_effi: 0.7133073497928527
  max_power: 36.93008477135917
  t_arr: 11.678071415433894
  t_dep: 8.497319591665335
