vehicle:
  capacity: 126.57450849912271
  capacity_demand: 82.26816942506144
  charge_effi: 0.9157396211740726
  discharge_effi: 0.7137150754591552
  max_power: 29.33246467395882
  t_arr: 14.644381407188375
  t_dep: 7.854284620570055
