vehicle:
  capacity: 125.83066082640151
  capacity_demand: 91.39250614669291
  charge_effi: 0.9112545206169604
  discharge_effi: 0.8527814677970859
  max_power: 32.7180586815679
  t_arr: 13.267130817825517
  t_dep: 8.99021375053673
