vehicle:
  capacity: 117.98784974520183
  capacity_demand: 74.06045671245433
  charge_effi: 1.1418181833909808
  discharge_effi: 0.773157470011627
  max_power: 33.38114769301724
  t_arr: 12.250949811622531
  t_dep: 8.024783456229752
