vehicle:
  capacity: 103.74054210176061
  capacity_demand: 67.1771897815103
  charge_effi: 0.8948927737641768
  discharge_effi: 0.6700049864704921
  max_power: 33.5244649928618
  t_arr: 14.091456557444172
  t_dep: 8.042542141238687
