vehicle:
  capacity: 125.55987157625077
  capacity_demand: 78.42713610751929
  charge_effi: 1.0496078412775403
  discharge_effi: 0.8422952251999998
  max_power: 29.542402012079823
  t_arr: 14.71430475327457
  t_dep: 7.776755894298214
