vehicle:
  capacity: 117.18131630127345
  capacity_demand: 92.83892746869266
  charge_effi: 1.0230106318999637
  discharge_effi: 0.810655422478023
  max_power: 33.47641333234695
  t_arr: 12.923783557407626
  t_dep: 7.816396756614224
