vehicle:
  capacity: 123.77924729807772
  capacity_demand: 69.94755782200257
  charge_effi: 0.954178573080908
  discharge_effi: 0.667294489226762
  max_power: 27.80108534087276
  t_arr: 16.460273627561588
  t_dep: 7.436248220930275
