vehicle:
  capacity: 133.5105295658599
  capacity_demand: 65.9496336653474
  charge_effi: 0.9933498518940367
  discharge_effi: 0.7481070478919772
  max_power: 31.6206178315054
  t_arr: 12.286124467437908
  t_dep: 8.471037604453295
