vehicle:
  capacity: 148.85045360247355
  capacity_demand: 65.30270993130337
  charge_effi: 0.8035085612712575
  discharge_effi: 0.8680669297897379
  max_power: 26.89723239633524
  t_arr: 12.98741244613537
  t_dep: 7.662971934239214
