vehicle:
  capacity: 133.8776667245159
  capacity_demand: 66.78529328841053
  charge_effi: 0.9166190091587038
  discharge_effi: 0.8434044486613268
  max_power: 30.58152895192018
  t_arr: 13.343477224471423
  t_dep: 7.698337860162461
