vehicle:
  capacity: 110.25217627094072
  capacity_demand: 76.8001623631466
  charge_effi: 1.134155466279491
  discharge_effi: 0.6847028623549718
  max_power: 29.214671306776573
  t_arr: 12.573313822733773
  t_dep: 7.80224117398572
