vehicle:
  capacity: 135.25307744580837
  capacity_demand: 54.17355525524798
  charge_effi: 1.062099691412684
  discharge_effi: 0.5330082614389924
  max_power: 34.12414645569119
  t_arr: 15.407010860458835
  t_dep: 8.36599480783902
