vehicle:
  capacity: 117.95547981569219
  capacity_demand: 63.76061040264797
  charge_effi: 0.9467587441508529
  discharge_effi: 0.6359124004309866
  max_power: 25.139252110071705
  t_arr: 13.320087105691803
  t_dep: 7.986348665173808
