vehicle:
  capacity: 110.68649716097228
  capacity_demand: 88.35582986514224
  charge_effi: 1.1350143877099272
  discharge_effi: 0.8218304153661846
  max_power: 28.608841479711977
  t_arr: 12.58618453378664
  t_dep: 7.248682575364699
