vehicle:
  capacity: 152.69531384429763
  capacity_demand: 70.38920640661348
  charge_effi: 1.0428837953703283
  discharge_effi: 0.6365896972303874
  max_power: 26.958230039617852
  t_arr: 12.730121870286743
  t_dep: 7.965133955710596
