vehicle:
  capacity: 114.56651810305243
  capacity_demand: 71.94327364966065
  charge_effi: 1.0272140322802652
  discharge_effi: 0.5529624194858651
  max_power: 30.488525948517125
  t_arr: 14.894813352013598
  t_dep: 7.692189805601296
