vehicle:
  capacity: 130.69339315894268
  capacity_demand: 69.42752475205954
  charge_effi: 0.934354472760643
  discharge_effi: 0.6979383547377795
  max_power: 35.11698677861687
  t_arr: 12.706733840511102
  t_dep: 7.251312711592969
