vehicle:
  capacity: 138.9325341095188
  capacity_demand: 82.76312722870033
  charge_effi: 1.1599348284502549
  discharge_effi: 0.7040210909688535
  max_power: 28.916312257886798
  t_arr: 11.89442911642367
  t_dep: 7.185795942105773
