vehicle:
  capacity: 107.78106442959113
  capacity_demand: 86.56795633847727
  charge_effi: 1.033368721902765
  discharge_effi: 0.7820699520993596
  max_power: 33.61280485889354
  t_arr: 12.740519874476922
  t_dep: 8.062503391155088
