vehicle:
  capacity: 143.51065642413988
  capacity_demand: 70.93082737394131
  charge_effi: 1.1006857698461026
  discharge_effi: 0.6702716000781055
  max_power: 27.738606385580777
  t_arr: 13.472706542260559
  t_dep: 7.506570646156643
