vehicle:
  capacity: 125.86194668067779
  capacity_demand: 81.17039346353761
  charge_effi: 1.148831920279373
  discharge_effi: 0.5931979476522099
  max_power: 27.817269753841355
  t_arr: 13.324492767835205
  t_dep: 7.3112114059183275
