vehicle:
  capacity: 107.1292786609311
  capacity_demand: 78.88061717255843
  charge_effi: 0.9905762291853206
  discharge_effi: 0.7146758533844528
  max_power: 30.877408445428262
  t_arr: 15.330943630832422
  t_dep: 6.313009029790115
