vehicle:
  capacity: 134.2804388125464
  capacity_demand: 68.0137455919074
  charge_effi: 0.9137470220214821
  discharge_effi: 0.7551814101979967
  max_power: 34.318298769290166
  t_arr: 15.027862922990364
  t_dep: 7.22426148909346
