vehicle:
  capacity: 101.0885719478027
  capacity_demand: 95.46808649586748
  charge_effi: 0.9583932207985373
  discharge_effi: 0.760042954046758
  max_power: 36.82497043902228
  t_arr: 11.585192495827327
  t_dep: 7.041970055470824
