vehicle:
  capacity: 126.56666636076564
  capacity_demand: 73.22991861623244
  charge_effi: 1.0807510874542086
  discharge_effi: 0.7277901454503354
  max_power: 30.708477652928025
  t_arr: 12.4843964321546
  t_dep: 6.623986754381811
