vehicle:
  capacity: 157.85091322522678
  capacity_demand: 71.49489231622398
  charge_effi: 0.8995766796623927
  discharge_effi: 0.6828381542906597
  max_power: 29.03287818194488
  t_arr: 13.583945282347441
  t_dep: 6.596029891398003
