vehicle:
  capacity: 119.74814042180918
  capacity_demand: 63.26305680162441
  charge_effi: 0.9846193613718719
  discharge_effi: 0.7253457515987867
  max_power: 33.05764872007985
  t_arr: 12.796857086368675
  t_dep: 7.930969682163934
