vehicle:
  capacity: 116.89494032099995
  capacity_demand: 82.03468885669503
  charge_effi: 0.813885355225367
  discharge_effi: 0.7737718519632754
  max_power: 31.400185122955076
  t_arr: 12.846517857169728
  t_dep: 8.059416537356698
