vehicle:
  capacity: 118.08210292167806
  capacity_demand: 92.49805418982021
  charge_effi: 0.9410883468981514
  discharge_effi: 0.7937183357531687
  max_power: 32.386510188270314
  t_arr: 12.449418673635885
  t_dep: 8.134355242141275
