vehicle:
  capacity: 109.5506677997542
  capacity_demand: 80.73401427490597
  charge_effi: 1.0885962664600377
  discharge_effi: 0.7767873119645266
  max_power: 33.400727502077615
  t_arr: 13.208831862932763
  t_dep: 9.272021552186569
