vehicle:
  capacity: 114.57756182160728
  capacity_demand: 83.01743701181425
  charge_effi: 1.0273609223891265
  discharge_effi: 0.7504322805840286
  max_power: 34.19156880646939
  t_arr: 13.189310798745245
  t_dep: 9.049376621334513
