vehicle:
  capacity: 108.30259520238397
  capacity_demand: 79.45877384296178
  charge_effi: 1.0943880779001225
  discharge_effi: 0.7797117495893989
  max_power: 32.0034662001986
  t_arr: 10.331416785129322
  t_dep: 7.372759133752398
