vehicle:
  capacity: 111.64395072363567
  capacity_demand: 66.6897294053069
  charge_effi: 1.0306674094977832
  discharge_effi: 0.7292990679311259
  max_power: 35.04849177033965
  t_arr: 14.764746907844055
  t_dep: 6.364154869428572
