vehicle:
  capacity: 121.22537194633374
  capacity_demand: 75.42996040429716
  charge_effi: 0.9806222328037879
  discharge_effi: 0.5818478467258735
  max_power: 34.43550993676007
  t_arr: 13.921079584125335
  t_dep: 8.128349695956384
