vehicle:
  capacity: 132.68629048142722
  capacity_demand: 73.14306819140008
  charge_effi: 1.0685326470593115
  discharge_effi: 0.7235328145580606
  max_power: 34.65816210590866
  t_arr: 12.416128210410562
  t_dep: 7.210755730916461
