vehicle:
  capacity: 143.96359713616786
  capacity_demand: 69.80256328012167
  charge_effi: 1.0301045104935276
  discharge_effi: 0.6971979612693064
  max_power: 27.684291845048655
  t_arr: 14.595262942650033
  t_dep: 8.26420646559919
