vehicle:
  capacity: 111.79082310112025
  capacity_demand: 75.315519611038
  charge_effi: 1.1708504593872915
  discharge_effi: 0.6823925180976061
  max_power: 27.45533554835856
  t_arr: 12.129597224541126
  t_dep: 8.575897114674708
