vehicle:
  capacity: 101.04410847196226
  capacity_demand: 78.92825576493398
  charge_effi: 0.8925019819576545
  discharge_effi: 0.7909483041999291
  max_power: 27.15784469316425
  t_arr: 12.540900339451946
  t_dep: 7.688648640476066
