vehicle:
  capacity: 139.12329147808023
  capacity_demand: 72.7587823551447
  charge_effi: 1.126288870945986
  discharge_effi: 0.6596671621444803
  max_power: 25.634062170416808
  t_arr: 12.11382777103178
  t_dep: 7.52097976104516
