vehicle:
  capacity: 129.37016306148473
  capacity_demand: 71.36232316558757
  charge_effi: 0.965965045438786
  discharge_effi: 0.7142176230413563
  max_power: 36.384219293196196
  t_arr: 14.064348733539275
  t_dep: 7.89342571509452
