vehicle:
  capacity: 117.23978166524986
  capacity_demand: 86.13976183767824
  charge_effi: 1.0466874528870531
  discharge_effi: 0.6784046386208127
  max_power: 25.897444312612308
  t_arr: 14.10653824798721
  t_dep: 6.262794482236829
