vehicle:
  capacity: 91.41871375939446
  capacity_demand: 81.01650132878474
  charge_effi: 0.9485635736468168
  discharge_effi: 0.7685929304272442
  max_power: 30.718262966002516
  t_arr: 13.149918524913359
  t_dep: 8.605203686649283
