vehicle:
  capacity: 114.58245715950805
  capacity_demand: 88.66106645642658
  charge_effi: 0.9282991119881759
  discharge_effi: 0.8116341899869511
  max_power: 24.040625721273162
  t_arr: 12.953048581152194
  t_dep: 8.396211041263891
