vehicle:
  capacity: 101.1288904485063
  capacity_demand: 86.23000644742089
  charge_effi: 0.9775215943309282
  discharge_effi: 0.7215873964394326
  max_power: 31.816704657016157
  t_arr: 14.8597533787462
  t_dep: 8.276735645968344
