vehicle:
  capacity: 105.46129560337947
  capacity_demand: 86.76186500060976
  charge_effi: 0.9191691186929893
  discharge_effi: 0.7763324602922999
  max_power: 28.300748883032856
  t_arr: 11.432393596790492
  t_dep: 7.976855628278179
