vehicle:
  capacity: 111.90798863663018
  capacity_demand: 79.02645091840836
  charge_effi: 0.9461219174402543
  discharge_effi: 0.8590682277735503
  max_power: 25.01407703899891
  t_arr: 13.052271529088015
  t_dep: 9.23717419522693
