vehicle:
  capacity: 93.71615526191407
  capacity_demand: 77.60280068606953
  charge_effi: 1.0252337843846715
  discharge_effi: 0.6971314897460348
  max_power: 30.51289628388576
  t_arr: 12.740264543761691
  t_dep: 8.516570027842087
