vehicle:
  capacity: 124.07710174197886
  capacity_demand: 85.53534077548674
  charge_effi: 0.8063405547879143
  discharge_effi: 0.8942257873648717
  max_power: 27.704291923663895
  t_arr: 12.394962479519172
  t_dep: 7.998407267392092
