vehicle:
  capacity: 113.74305506766073
  capacity_demand: 79.07653936243531
  charge_effi: 1.089282801514971
  discharge_effi: 0.679947101129489
  max_power: 30.70579104198907
  t_arr: 12.677449785140308
  t_dep: 6.640824304602221
