vehicle:
  capacity: 124.85231331737067
  capacity_demand: 64.31570559266059
  charge_effi: 1.0092097280990808
  discharge_effi: 0.6485883050561083
  max_power: 30.838623209782572
  t_arr: 14.813994274150906
  t_dep: 6.864289807779422
