vehicle:
  capacity: 131.2443986242586
  capacity_demand: 76.3622741570573
  charge_effi: 1.0832677426264754
  discharge_effi: 0.6875745364050696
  max_power: 28.377575194483406
  t_arr: 14.912895750294021
  t_dep: 9.120106775887509
