vehicle:
  capacity: 121.9300301047719
  capacity_demand: 78.10546745436444
  charge_effi: 1.1410330884908209
  discharge_effi: 0.8600456753169302
  max_power: 32.89299394588307
  t_arr: 11.735603008756291
  t_dep: 8.318816251633965
