vehicle:
  capacity: 130.01804393872857
  capacity_demand: 67.48915100003052
  charge_effi: 0.8187640812755964
  discharge_effi: 0.6106214474288648
  max_power: 25.355812149104942
  t_arr: 15.734114078171288
  t_dep: 5.922305407340277
