vehicle:
  capacity: 113.24419507842603
  capacity_demand: 80.81962592836616
  charge_effi: 0.9356770019562232
  discharge_effi: 0.7818270487204111
  max_power: 32.40867444982359
  t_arr: 13.963885260928771
  t_dep: 9.024617970246265
