vehicle:
  capacity: 159.6527781841389
  capacity_demand: 62.3912301684581
  charge_effi: 1.1540554149657425
  discharge_effi: 0.711037492146563
  max_power: 35.22951309264907
  t_arr: 13.558542535963587
  t_dep: 6.509242007830588
