vehicle:
  capacity: 114.94932274659834
  capacity_demand: 77.08063353982904
  charge_effi: 1.1171585138559026
  discharge_effi: 0.7863191540416796
  max_power: 33.637641904140395
  t_arr: 13.218838495979298
  t_dep: 7.674548938210213
