vehicle:
  capacity: 137.46215792284815
  capacity_demand: 79.76902030388709
  charge_effi: 1.0036794316474182
  discharge_effi: 0.6961326169418403
  max_power: 29.854230417079556
  t_arr: 14.933718229106075
  t_dep: 6.4205131507893
