vehicle:
  capacity: 123.29561218030392
  capacity_demand: 101.52285763176386
  charge_effi: 1.0245816183412728
  discharge_effi: 0.8397046152500149
  max_power: 29.575954118157274
  t_arr: 11.378490399681661
  t_dep: 7.332119160690467
