vehicle:
  capacity: 122.8559577390811
  capacity_demand: 82.00432699621832
  charge_effi: 0.8539855573937403
  discharge_effi: 0.7159801507370611
  max_power: 34.210359783594214
  t_arr: 13.924615753322371
  t_dep: 9.523592542896859
