vehicle:
  capacity: 103.90503984881998
  capacity_demand: 84.16555786674857
  charge_effi: 1.0805666207782818
  discharge_effi: 0.6714082637523759
  max_power: 29.183535963673638
  t_arr: 12.813035217258804
  t_dep: 9.038835686688879
