vehicle:
  capacity: 129.73090720426057
  capacity_demand: 75.94538200582521
  charge_effi: 1.1251912676954456
  discharge_effi: 0.5316128491089875
  max_power: 29.347626206624458
  t_arr: 13.743203467418388
  t_dep: 7.865533509727209
