vehicle:
  capacity: 118.80587870082961
  capacity_demand: 72.37376111181366
  charge_effi: 0.8895830471913049
  discharge_effi: 0.7897136324404143
  max_power: 36.614607056565035
  t_arr: 11.586898305348948
  t_dep: 8.354264730295323
