vehicle:
  capacity: 151.58391011329002
  capacity_demand: 66.9523649795703
  charge_effi: 1.0126581464474758
  discharge_effi: 0.8234429663111639
  max_power: 31.08655449449276
  t_arr: 14.595700173772286
  t_dep: 8.492619077179247
