vehicle:
  capacity: 109.51825576378617
  capacity_demand: 71.2475188676874
  charge_effi: 0.7961957305208431
  discharge_effi: 0.724789821372263
  max_power: 32.305982477949634
  t_arr: 15.437814243717312
  t_dep: 7.576547936755246
