vehicle:
  capacity: 110.42973807500303
  capacity_demand: 85.70652418010668
  charge_effi: 1.012401708638858
  discharge_effi: 0.7130276629631964
  max_power: 26.56875672676743
  t_arr: 12.91411900985609
  t_dep: 7.6385262548469735
