vehicle:
  capacity: 131.82524720780668
  capacity_demand: 79.02848160429899
  charge_effi: 0.9601322394212376
  discharge_effi: 0.7019355534180813
  max_power: 36.94556939413769
  t_arr: 13.565584528033577
  t_dep: 8.319751508054203
