vehicle:
  capacity: 117.04363923417154
  capacity_demand: 71.08696226345292
  charge_effi: 1.2100005159817757
  discharge_effi: 0.7379073560842365
  max_power: 35.272276829221276
  t_arr: 12.590399019145522
  t_dep: 9.365427407944626
