vehicle:
  capacity: 105.78876168686953
  capacity_demand: 76.33103105856566
  charge_effi: 1.0506293849185087
  discharge_effi: 0.7154628649516723
  max_power: 29.935219063810397
  t_arr: 14.141221742522008
  t_dep: 6.847886734100381
