vehicle:
  capacity: 125.80517184491865
  capacity_demand: 67.8541713997079
  charge_effi: 0.8975716680023527
  discharge_effi: 0.5496869305644125
  max_power: 26.027642980046394
  t_arr: 14.076453540005051
  t_dep: 7.7651868619492035
