vehicle:
  capacity: 100.68780072403148
  capacity_demand: 79.3126399234899
  charge_effi: 1.0916610542971585
  discharge_effi: 0.7748272068308185
  max_power: 33.80312060409811
  t_arr: 11.885618107258226
  t_dep: 8.627201229735883
