vehicle:
  capacity: 112.04061944492555
  capacity_demand: 90.85351835121739
  charge_effi: 1.0739873508201363
  discharge_effi: 0.7214426896483401
  max_power: 29.53408791259305
  t_arr: 14.403642295596606
  t_dep: 7.903702860797675
