vehicle:
  capacity: 145.50310822422773
  capacity_demand: 63.619245457649754
  charge_effi: 0.9829865240824434
  discharge_effi: 0.6764091681626415
  max_power: 29.0680687723948
  t_arr: 13.869052209226021
  t_dep: 7.053876186975879
