vehicle:
  capacity: 132.1232660243482
  capacity_demand: 78.27469415475838
  charge_effi: 0.9306829812149207
  discharge_effi: 0.8026859736144516
  max_power: 31.001173729389276
  t_arr: 14.9445604636693
  t_dep: 7.483478978692699
