vehicle:
  capacity: 141.09165937875068
  capacity_demand: 72.5160384800645
  charge_effi: 1.0641210420246061
  discharge_effi: 0.6904740750348387
  max_power: 32.34121032659311
  t_arr: 12.786267116223355
  t_dep: 9.341489357396568
