vehicle:
  capacity: 142.8800391230702
  capacity_demand: 56.08088385060323
  charge_effi: 0.8889418733947418
  discharge_effi: 0.6240901508251389
  max_power: 25.358088495867158
  t_arr: 14.39788413719564
  t_dep: 7.652851762632961
