vehicle:
  capacity: 96.79770171959771
  capacity_demand: 73.61217342466843
  charge_effi: 1.007050345435614
  discharge_effi: 0.7257005534491966
  max_power: 29.154378310047417
  t_arr: 11.278382075372106
  t_dep: 7.932526478621059
