vehicle:
  capacity: 129.19224360450832
  capacity_demand: 76.61849352275217
  charge_effi: 0.9976427677723636
  discharge_effi: 0.5730127761792263
  max_power: 31.087729486236494
  t_arr: 15.820186727164355
  t_dep: 7.763653836547208
