vehicle:
  capacity: 110.65910037018683
  capacity_demand: 81.31715035553583
  charge_effi: 1.176867802348787
  discharge_effi: 0.572358264151242
  max_power: 39.0323781718255
  t_arr: 13.382682684065133
  t_dep: 8.18633766277946
