vehicle:
  capacity: 129.3351149070761
  capacity_demand: 63.74842805282916
  charge_effi: 1.0423465362521427
  discharge_effi: 0.6580755614529489
  max_power: 29.6376225670274
  t_arr: 15.344564765620726
  t_dep: 7.380421548159479
