vehicle:
  capacity: 121.57619154845045
  capacity_demand: 69.83834178507591
  charge_effi: 0.9289110847614273
  discharge_effi: 0.7081046174797879
  max_power: 31.64058232585059
  t_arr: 11.579002565734998
  t_dep: 7.915259252317217
