vehicle:
  capacity: 92.30977587075505
  capacity_demand: 77.2740896835768
  charge_effi: 1.1092765529462763
  discharge_effi: 0.7386316336155141
  max_power: 32.63871201091839
  t_arr: 14.77540860064916
  t_dep: 10.202576786174319
