vehicle:
  capacity: 105.76938973513919
  capacity_demand: 82.08534127896694
  charge_effi: 0.865741750083116
  discharge_effi: 0.864434878108667
  max_power: 31.107160528776994
  t_arr: 11.376788880974944
  t_dep: 8.637817326339677
