vehicle:
  capacity: 105.34922773272102
  capacity_demand: 81.5628384651316
  charge_effi: 1.1046113801489972
  discharge_effi: 0.8402468402701513
  max_power: 33.25192228361084
  t_arr: 14.299078437193982
  t_dep: 8.388634580503396
