vehicle:
  capacity: 121.88500422950273
  capacity_demand: 68.06298481839707
  charge_effi: 0.984550014359381
  discharge_effi: 0.6568701780998909
  max_power: 33.51438473398868
  t_arr: 14.95171663565209
  t_dep: 7.975200410295753
