vehicle:
  capacity: 143.6731195555253
  capacity_demand: 67.13959403749868
  charge_effi: 0.9810299959265507
  discharge_effi: 0.7558746818448254
  max_power: 31.82076121384926
  t_arr: 14.70237462189334
  t_dep: 7.908679768862687
