vehicle:
  capacity: 150.9995964273423
  capacity_demand: 78.99065507866801
  charge_effi: 1.0353859838859516
  discharge_effi: 0.5430477278649446
  max_power: 27.788673851030406
  t_arr: 13.415704599557358
  t_dep: 7.202502359394089
