vehicle:
  capacity: 116.0888429370547
  capacity_demand: 85.21542178726403
  charge_effi: 0.9668756718509316
  discharge_effi: 0.8415935792251727
  max_power: 30.21259897757678
  t_arr: 12.233797677945295
  t_dep: 9.29074874662288
