vehicle:
  capacity: 109.55804797613266
  capacity_demand: 68.61102995838456
  charge_effi: 1.0380910712630265
  discharge_effi: 0.86005156297747
  max_power: 34.38783760585671
  t_arr: 12.769120730363015
  t_dep: 8.575530390535334
