vehicle:
  capacity: 110.30065491082578
  capacity_demand: 68.2306376100687
  charge_effi: 1.03711873533437
  discharge_effi: 0.723660584279362
  max_power: 32.30565628535928
  t_arr: 12.894331806773717
  t_dep: 7.233186497569278
