vehicle:
  capacity: 108.92747920952847
  capacity_demand: 70.83638666896535
  charge_effi: 0.956235035722078
  discharge_effi: 0.7672157231335779
  max_power: 30.035788856473484
  t_arr: 14.204827398262573
  t_dep: 8.36141396273558
