vehicle:
  capacity: 129.9816678620079
  capacity_demand: 68.83227452624192
  charge_effi: 0.9249446002057752
  discharge_effi: 0.7051264338272484
  max_power: 25.85421285769704
  t_arr: 13.664456198864114
  t_dep: 7.785911480692598
