vehicle:
  capacity: 107.91463992624747
  capacity_demand: 70.38363166889033
  charge_effi: 1.1051649613098111
  discharge_effi: 0.6860160481955663
  max_power: 29.656422966832835
  t_arr: 14.125163065417363
  t_dep: 9.177132319911236
