vehicle:
  capacity: 123.980889108195
  capacity_demand: 71.20680535056843
  charge_effi: 1.0557432621927003
  discharge_effi: 0.6592534914463509
  max_power: 26.279248516539838
  t_arr: 11.983574480937632
  t_dep: 8.546133874131499
