vehicle:
  capacity: 109.77787534656521
  capacity_demand: 72.29678463079706
  charge_effi: 1.0074702010834513
  discharge_effi: 0.938829380237434
  max_power: 29.67984774104789
  t_arr: 13.096954980638962
  t_dep: 7.050228387255369
