vehicle:
  capacity: 115.3475208622902
  capacity_demand: 86.15177105290861
  charge_effi: 0.9819247775959243
  discharge_effi: 0.8432710744467932
  max_power: 36.29577718967581
  t_arr: 13.42248477532
  t_dep: 8.060669440522524
