vehicle:
  capacity: 99.4396705052945
  capacity_demand: 81.16621335106011
  charge_effi: 0.9221693070827214
  discharge_effi: 0.879477560486202
  max_power: 31.09372231554244
  t_arr: 11.135899042243539
  t_dep: 8.923491445821584
