vehicle:
  capacity: 120.25628997025674
  capacity_demand: 81.46001414304463
  charge_effi: 0.9934829155117818
  discharge_effi: 0.8699162477499635
  max_power: 34.29927427280462
  t_arr: 12.43119912800711
  t_dep: 7.9267944067837215
