vehicle:
  capacity: 122.78829576173622
  capacity_demand: 58.81068067654929
  charge_effi: 1.0021209156690325
  discharge_effi: 0.862770874742273
  max_power: 30.630704895113137
  t_arr: 12.178241454253795
  t_dep: 8.11411498852585
