vehicle:
  capacity: 99.42437597433539
  capacity_demand: 90.49832726452995
  charge_effi: 1.0851758300262975
  discharge_effi: 0.7033619977588805
  max_power: 32.32591853534035
  t_arr: 11.89037924017429
  t_dep: 9.260682408716676
