vehicle:
  capacity: 112.69770595268828
  capacity_demand: 89.86331267765644
  charge_effi: 0.9834161662080468
  discharge_effi: 0.7439811830002011
  max_power: 31.07705434614375
  t_arr: 13.223603168465397
  t_dep: 9.082359523854425
