vehicle:
  capacity: 137.4411433281701
  capacity_demand: 66.76905168211543
  charge_effi: 0.932109370963315
  discharge_effi: 0.6444902113582737
  max_power: 26.117025068656826
  t_arr: 15.938252666022903
  t_dep: 7.651495172983417
