vehicle:
  capacity: 137.6955362522522
  capacity_demand: 55.58776867137994
  charge_effi: 1.1664533611950862
  discharge_effi: 0.7843019476045328
  max_power: 31.134010661695374
  t_arr: 12.702678178199395
  t_dep: 7.046640295471171
