vehicle:
  capacity: 135.06187884678218
  capacity_demand: 69.35194429977975
  charge_effi: 0.9518299415477548
  discharge_effi: 0.8692817974471118
  max_power: 26.47003130254986
  t_arr: 14.55255078372396
  t_dep: 7.796576150167872
