vehicle:
  capacity: 115.52439452024453
  capacity_demand: 68.94397142912317
  charge_effi: 1.075559716186187
  discharge_effi: 0.7746000716279318
  max_power: 31.205138706252143
  t_arr: 13.770039734339052
  t_dep: 9.019457693521653
