vehicle:
  capacity: 111.67938030668942
  capacity_demand: 61.939848221802556
  charge_effi: 1.0164537822851079
  discharge_effi: 0.6843296131939455
  max_power: 27.953841250470735
  t_arr: 14.556637892949597
  t_dep: 6.761774862264038
