vehicle:
  capacity: 143.10125879104726
  capacity_demand: 75.139520044963
  charge_effi: 1.0299624574782171
  discharge_effi: 0.68157418058043
  max_power: 29.303725586243864
  t_arr: 13.887212075664808
  t_dep: 7.510900486688394
