vehicle:
  capacity: 111.10146931270242
  capacity_demand: 92.42845271358237
  charge_effi: 0.9470889973125586
  discharge_effi: 0.7769294021580035
  max_power: 29.176623739785846
  t_arr: 13.006551210266196
  t_dep: 8.891454563994033
