vehicle:
  capacity: 113.95279534193399
  capacity_demand: 71.593523580855
  charge_effi: 1.1300422062311484
  discharge_effi: 0.7043995025237159
  max_power: 31.332327063021427
  t_arr: 15.00476751559492
  t_dep: 7.944527731220466
