vehicle:
  capacity: 110.7084072044853
  capacity_demand: 88.19268227310215
  charge_effi: 0.884192473110384
  discharge_effi: 0.8848421895215985
  max_power: 30.36976882740716
  t_arr: 11.086459827356437
  t_dep: 7.247786287897746
