vehicle:
  capacity: 113.40617214743591
  capacity_demand: 96.31364244516142
  charge_effi: 0.9542431942587849
  discharge_effi: 0.7053204785568493
  max_power: 28.3572268429664
  t_arr: 13.663086269596928
  t_dep: 8.911186505834111
