vehicle:
  capacity: 105.61256375101797
  capacity_demand: 83.89858915160892
  charge_effi: 1.2073929934721988
  discharge_effi: 0.6585586456392456
  max_power: 34.87128359035341
  t_arr: 12.769750908505479
  t_dep: 9.04454142416908
