vehicle:
  capacity: 119.03276183157992
  capacity_demand: 85.9700921841438
  charge_effi: 0.8046566633103631
  discharge_effi: 0.6315133035501322
  max_power: 30.515120062409338
  t_arr: 11.462786822980311
  t_dep: 8.939216722678381
