vehicle:
  capacity: 120.99301092333079
  capacity_demand: 86.382790973167
  charge_effi: 0.9966301592102867
  discharge_effi: 0.8278382400777499
  max_power: 31.815463813072107
  t_arr: 11.371662413137415
  t_dep: 7.877335176926309
