vehicle:
  capacity: 119.81543205039473
  capacity_demand: 84.52256556926845
  charge_effi: 1.1295578334112641
  discharge_effi: 0.8746407644401702
  max_power: 32.74435330052382
  t_arr: 13.846365862773313
  t_dep: 8.548038250427544
