vehicle:
  capacity: 114.34023338984983
  capacity_demand: 82.86923564089818
  charge_effi: 1.0603127601647706
  discharge_effi: 0.802897892714838
  max_power: 28.136775049117
  t_arr: 11.631210014736093
  t_dep: 7.471884880088869
