vehicle:
  capacity: 120.7820616526217
  capacity_demand: 86.42966545424491
  charge_effi: 1.1477966982935606
  discharge_effi: 0.7235039004760221
  max_power: 32.661889355302606
  t_arr: 11.058788054022797
  t_dep: 8.049859223174977
