vehicle:
  capacity: 124.2251674726716
  capacity_demand: 71.71824759257755
  charge_effi: 0.9993965020032683
  discharge_effi: 0.6833645929591929
  max_power: 34.2571615020094
  t_arr: 11.373697702909029
  t_dep: 8.886113705008192
