vehicle:
  capacity: 120.71568491825485
  capacity_demand: 79.56061772442023
  charge_effi: 1.1195555072440329
  discharge_effi: 0.639290165361906
  max_power: 41.02916472456214
  t_arr: 12.634442628111358
  t_dep: 9.41088917943197
