vehicle:
  capacity: 139.40824323579253
  capacity_demand: 64.41056566325142
  charge_effi: 0.9282546614043274
  discharge_effi: 0.6667457023841722
  max_power: 30.889250562549506
  t_arr: 12.938783448289977
  t_dep: 7.16611148225434
