vehicle:
  capacity: 105.75743489498346
  capacity_demand: 71.5392781548771
  charge_effi: 0.9149046743167912
  discharge_effi: 0.5882595940807651
  max_power: 29.53606208084487
  t_arr: 12.236152395253725
  t_dep: 8.856634407238332
