vehicle:
  capacity: 129.18722549188627
  capacity_demand: 65.56537034314637
  charge_effi: 1.0934408000689964
  discharge_effi: 0.6622589988303911
  max_power: 34.14273605012901
  t_arr: 15.452558498592253
  t_dep: 8.198396627536576
