vehicle:
  capacity: 124.03799101112773
  capacity_demand: 76.87410982628371
  charge_effi: 1.1524050650134117
  discharge_effi: 0.8063361861356683
  max_power: 32.74246259346941
  t_arr: 9.124958715328606
  t_dep: 8.57587341352495
