vehicle:
  capacity: 84.26596779085557
  capacity_demand: 85.18944775450548
  charge_effi: 0.8746684446592284
  discharge_effi: 0.6890555056407438
  max_power: 29.08394828553492
  t_arr: 12.732341597790537
  t_dep: 6.322708584272748
