vehicle:
  capacity: 110.85366899741425
  capacity_demand: 91.43425615582458
  charge_effi: 0.946793881303453
  discharge_effi: 0.7400626872547054
  max_power: 32.90764678907517
  t_arr: 13.090944165788905
  t_dep: 8.324466413408391
