vehicle:
  capacity: 135.80659731593903
  capacity_demand: 88.00972601648897
  charge_effi: 1.0600100563917805
  discharge_effi: 0.734517794555521
  max_power: 33.020204312619754
  t_arr: 14.406226843187161
  t_dep: 8.125537506857096
