vehicle:
  capacity: 117.86486188498722
  capacity_demand: 78.28956178831035
  charge_effi: 1.0212790707363217
  discharge_effi: 0.5551176775706982
  max_power: 24.504278170487826
  t_arr: 16.448911854064036
  t_dep: 7.925327566882001
