vehicle:
  capacity: 110.35415773434268
  capacity_demand: 82.5395217126284
  charge_effi: 1.0577667051707573
  discharge_effi: 0.8881052138848619
  max_power: 29.98306691549868
  t_arr: 11.395493967545022
  t_dep: 9.423551769426659
