vehicle:
  capacity: 102.27821370760722
  capacity_demand: 87.8887838458078
  charge_effi: 0.93833840676758
  discharge_effi: 0.7465403751574998
  max_power: 30.23167905078322
  t_arr: 14.084497019121777
  t_dep: 9.295120007076097
