vehicle:
  capacity: 111.83679966584988
  capacity_demand: 79.62504373356285
  charge_effi: 0.9241360940210931
  discharge_effi: 0.8095952459810807
  max_power: 31.715002864855126
  t_arr: 11.965573310908661
  t_dep: 8.50547698347519
