vehicle:
  capacity: 110.49339569846714
  capacity_demand: 81.7924630206422
  charge_effi: 0.9740070287215975
  discharge_effi: 0.7705405249052203
  max_power: 33.90662725139037
  t_arr: 12.84530064250543
  t_dep: 7.350377227122494
