vehicle:
  capacity: 108.46320394917092
  capacity_demand: 81.08836555960602
  charge_effi: 1.165867467864611
  discharge_effi: 0.6819071738803569
  max_power: 29.51433977238428
  t_arr: 11.05975826068982
  t_dep: 7.013147588250734
