vehicle:
  capacity: 97.17930040842593
  capacity_demand: 98.52088808874029
  charge_effi: 0.8673029930859146
  discharge_effi: 0.6816199385257676
  max_power: 28.835476415141276
  t_arr: 13.764700252389728
  t_dep: 8.865485711926324
