vehicle:
  capacity: 113.95884531243696
  capacity_demand: 91.22173199602895
  charge_effi: 1.1418775048992578
  discharge_effi: 0.7289381983942516
  max_power: 36.52790436572681
  t_arr: 13.674067576929215
  t_dep: 8.327494170399238
