vehicle:
  capacity: 100.28432938927216
  capacity_demand: 78.29430020636075
  charge_effi: 0.9373840203233714
  discharge_effi: 0.6966982637914306
  max_power: 35.582865593959525
  t_arr: 14.396703635975024
  t_dep: 8.262526006266608
