vehicle:
  capacity: 124.57422269995969
  capacity_demand: 78.194325618955
  charge_effi: 0.8409821215752867
  discharge_effi: 0.6212454849348454
  max_power: 30.37249500814809
  t_arr: 14.664421689173002
  t_dep: 7.7860216765359995
