vehicle:
  capacity: 121.75974387795881
  capacity_demand: 89.71861654821056
  charge_effi: 0.9899382284215152
  discharge_effi: 0.703506339450628
  max_power: 33.94569370518686
  t_arr: 12.112131841901823
  t_dep: 10.414578230568653
