vehicle:
  capacity: 114.5717232353012
  capacity_demand: 76.4694181236488
  charge_effi: 0.9916162238739221
  discharge_effi: 0.7572733217573829
  max_power: 34.272569330307284
  t_arr: 13.943178822734406
  t_dep: 8.189480787644092
