vehicle:
  capacity: 115.49371593802475
  capacity_demand: 64.42729007299587
  charge_effi: 0.954727277106942
  discharge_effi: 0.6541634733444072
  max_power: 28.19081974553593
  t_arr: 13.63887446854871
  t_dep: 8.322132992133298
