vehicle:
  capacity: 134.1913280268056
  capacity_demand: 87.73575248387101
  charge_effi: 0.8741597639252333
  discharge_effi: 0.9238695748329308
  max_power: 34.17257778432663
  t_arr: 12.181442390707058
  t_dep: 9.11866187967917
