vehicle:
  capacity: 107.64133912069057
  capacity_demand: 84.39976093968431
  charge_effi: 1.1267647244012298
  discharge_effi: 0.6872462361664533
  max_power: 29.91619193073122
  t_arr: 15.253641729912605
  t_dep: 10.156657306315568
