vehicle:
  capacity: 124.85999045760263
  capacity_demand: 63.94362290790887
  charge_effi: 0.6719072728901045
  discharge_effi: 0.586321227763853
  max_power: 31.99943459942008
  t_arr: 13.33025571153571
  t_dep: 6.870152906107209
