vehicle:
  capacity: 140.08197586057983
  capacity_demand: 57.870149988649274
  charge_effi: 0.8019077321339558
  discharge_effi: 0.5460124624473076
  max_power: 32.544306497127515
  t_arr: 12.66404586853812
  t_dep: 7.338783104683355
