vehicle:
  capacity: 118.58321544873839
  capacity_demand: 94.19757846803344
  charge_effi: 1.1779506095991528
  discharge_effi: 0.7511237578829025
  max_power: 37.83171066578621
  t_arr: 12.74213939571251
  t_dep: 9.830616774760472
