vehicle:
  capacity: 126.7352106857308
  capacity_demand: 81.43476845972215
  charge_effi: 0.9691578863912509
  discharge_effi: 0.6708534446854086
  max_power: 28.45378489706835
  t_arr: 13.710494529374497
  t_dep: 7.825911842102712
