vehicle:
  capacity: 139.018968233474
  capacity_demand: 82.45542178121077
  charge_effi: 1.0476894921766915
  discharge_effi: 0.6157261430651345
  max_power: 28.982591488854048
  t_arr: 12.685683254592988
  t_dep: 8.86138788718309
