vehicle:
  capacity: 109.95617604068455
  capacity_demand: 98.36195855135357
  charge_effi: 0.8270030366112727
  discharge_effi: 0.8555434055382163
  max_power: 33.23463852717459
  t_arr: 14.05649060123804
  t_dep: 8.076024421566599
