vehicle:
  capacity: 85.68210111401753
  capacity_demand: 86.61643346763688
  charge_effi: 1.03688708010182
  discharge_effi: 0.6786912498889208
  max_power: 29.578164339810776
  t_arr: 11.702638730024402
  t_dep: 8.919902957425133
