vehicle:
  capacity: 112.73074439782216
  capacity_demand: 68.60876653930426
  charge_effi: 0.9335140967025076
  discharge_effi: 0.734681531522407
  max_power: 33.976676521726084
  t_arr: 13.272803295928757
  t_dep: 7.704091480699472
