vehicle:
  capacity: 98.99924823290816
  capacity_demand: 95.4905769520402
  charge_effi: 1.0453247072583458
  discharge_effi: 0.814914355741141
  max_power: 30.890729446865404
  t_arr: 12.201654516171144
  t_dep: 8.023064347969003
