vehicle:
  capacity: 123.63833938242617
  capacity_demand: 83.02933024840279
  charge_effi: 1.0722864713417304
  discharge_effi: 0.8373157115959424
  max_power: 37.10948316681189
  t_arr: 15.75201081149966
  t_dep: 8.573108419159764
