vehicle:
  capacity: 136.65676834970006
  capacity_demand: 70.96093111421914
  charge_effi: 1.1016518455817124
  discharge_effi: 0.6962136418005804
  max_power: 30.623518801197278
  t_arr: 14.972959022130402
  t_dep: 7.140159194718426
