vehicle:
  capacity: 143.10032147347508
  capacity_demand: 65.73604384158575
  charge_effi: 0.9768377278189321
  discharge_effi: 0.5643267622858044
  max_power: 29.410066196593384
  t_arr: 14.008332348399074
  t_dep: 8.444738044309135
