vehicle:
  capacity: 121.87073690089625
  capacity_demand: 67.68328651900413
  charge_effi: 0.965523376295869
  discharge_effi: 0.50431009332314
  max_power: 30.234819477768397
  t_arr: 12.171823975912151
  t_dep: 7.779288572702953
