vehicle:
  capacity: 101.18469449912253
  capacity_demand: 70.08457891438542
  charge_effi: 1.0434401315299713
  discharge_effi: 0.7330358603805656
  max_power: 33.85885990386982
  t_arr: 13.605903800200117
  t_dep: 9.2929267050369
