vehicle:
  capacity: 116.0869367080524
  capacity_demand: 79.61433978084871
  charge_effi: 1.2257048661413208
  discharge_effi: 0.8867582642409322
  max_power: 31.679975302270762
  t_arr: 12.960428566718841
  t_dep: 8.952451894254692
