vehicle:
  capacity: 134.40993761805444
  capacity_demand: 69.98790720626242
  charge_effi: 1.0011264400461894
  discharge_effi: 0.6748093500925081
  max_power: 32.08907611057586
  t_arr: 14.05945180931266
  t_dep: 6.675041411917752
