vehicle:
  capacity: 131.86649749515541
  capacity_demand: 72.99573702382526
  charge_effi: 1.0810309841079249
  discharge_effi: 0.5750241111155442
  max_power: 35.07588674841239
  t_arr: 12.493104148733266
  t_dep: 7.414323918302278
