vehicle:
  capacity: 114.72089093362911
  capacity_demand: 62.69765243916765
  charge_effi: 0.9805024195597285
  discharge_effi: 0.6957146250998353
  max_power: 32.508689744641956
  t_arr: 12.53622423135763
  t_dep: 7.729930965129836
