vehicle:
  capacity: 128.0724854903368
  capacity_demand: 75.46206674574437
  charge_effi: 1.0506820993207102
  discharge_effi: 0.6982136689858186
  max_power: 31.784198486842524
  t_arr: 12.147099228578714
  t_dep: 9.431736103216425
