vehicle:
  capacity: 127.24995427208664
  capacity_demand: 81.25605014774041
  charge_effi: 0.9521958556937262
  discharge_effi: 0.7572635124181729
  max_power: 31.294481403767804
  t_arr: 13.104122743291104
  t_dep: 6.50780781300621
