vehicle:
  capacity: 143.72034355358227
  capacity_demand: 68.47218132325594
  charge_effi: 1.1259697459134834
  discharge_effi: 0.720176294238225
  max_power: 29.798298120338018
  t_arr: 12.450931752804122
  t_dep: 6.4169891858992045
