vehicle:
  capacity: 90.5634127106636
  capacity_demand: 70.8683546145831
  charge_effi: 1.1039027970809248
  discharge_effi: 0.6865619086330433
  max_power: 27.584685647072234
  t_arr: 12.6608367585094
  t_dep: 7.354440578828473
