vehicle:
  capacity: 158.4290801550031
  capacity_demand: 75.7085262958489
  charge_effi: 0.8809544570370198
  discharge_effi: 0.5807204014469831
  max_power: 31.315697880710623
  t_arr: 12.87584600045458
  t_dep: 6.175796075877862
