vehicle:
  capacity: 103.44823375776707
  capacity_demand: 86.57386795369021
  charge_effi: 0.8549911382313911
  discharge_effi: 0.7464895175293073
  max_power: 35.311705419744754
  t_arr: 12.081292005104116
  t_dep: 8.01804804708566
