vehicle:
  capacity: 143.92619879699038
  capacity_demand: 68.15387700843492
  charge_effi: 0.990080769310141
  discharge_effi: 0.6685175716868874
  max_power: 27.255997130812084
  t_arr: 15.216413174285686
  t_dep: 7.138139658816074
