vehicle:
  capacity: 96.27705591017993
  capacity_demand: 69.77118749960952
  charge_effi: 1.1520207621846237
  discharge_effi: 0.7391244243548701
  max_power: 38.75520443301581
  t_arr: 13.889186301947285
  t_dep: 8.016565628584187
