vehicle:
  capacity: 130.3160396240604
  capacity_demand: 78.19640045006999
  charge_effi: 0.9038124078833142
  discharge_effi: 0.795205062134701
  max_power: 30.50940005451367
  t_arr: 12.552408512578399
  t_dep: 7.596086693409438
