vehicle:
  capacity: 119.79762089636613
  capacity_demand: 80.58577786838273
  charge_effi: 0.9494180231166397
  discharge_effi: 0.8533401458832038
  max_power: 32.4072295859713
  t_arr: 11.457594601446685
  t_dep: 9.359983632231582
