vehicle:
  capacity: 111.39699195914356
  capacity_demand: 78.16672332517881
  charge_effi: 1.0020085966442918
  discharge_effi: 0.7063878371215034
  max_power: 37.85079127213503
  t_arr: 13.190734712694281
  t_dep: 8.761777256280253
