vehicle:
  capacity: 128.37445813046077
  capacity_demand: 76.28955443616934
  charge_effi: 1.119916333058979
  discharge_effi: 0.8473748556060329
  max_power: 31.69830023681036
  t_arr: 13.555841416997536
  t_dep: 7.277920046991364
