vehicle:
  capacity: 119.87345225384612
  capacity_demand: 74.87907387345234
  charge_effi: 0.9980895462946158
  discharge_effi: 0.6264014000409087
  max_power: 35.12583176442761
  t_arr: 13.034099049549011
  t_dep: 9.065783120906287
