vehicle:
  capacity: 111.35459626144572
  capacity_demand: 78.0103943586002
  charge_effi: 0.9791105386134987
  discharge_effi: 0.5868882392187771
  max_power: 32.04056216575932
  t_arr: 17.127660344811865
  t_dep: 6.795810073811733
