vehicle:
  capacity: 112.18976036226249
  capacity_demand: 73.24824303515356
  charge_effi: 1.040520170563078
  discharge_effi: 0.801328461025873
  max_power: 33.21174398758403
  t_arr: 12.423969857484439
  t_dep: 9.424613093589395
