vehicle:
  capacity: 124.4967621565799
  capacity_demand: 75.02282057567847
  charge_effi: 1.0474386492066203
  discharge_effi: 0.7412506214857719
  max_power: 34.98061656998844
  t_arr: 14.626543227230167
  t_dep: 8.454096051555196
