vehicle:
  capacity: 106.85028539627503
  capacity_demand: 80.26420847264201
  charge_effi: 0.9033212863285843
  discharge_effi: 0.6780406061910584
  max_power: 31.56099519531118
  t_arr: 10.719762866857158
  t_dep: 7.43330061899647
