vehicle:
  capacity: 128.28902400068316
  capacity_demand: 79.97276540827242
  charge_effi: 0.8565693277592848
  discharge_effi: 0.6494992620807082
  max_power: 34.58263308247569
  t_arr: 11.136436653216427
  t_dep: 8.12795753016076
