vehicle:
  capacity: 107.01113483300486
  capacity_demand: 93.86622071729826
  charge_effi: 1.0692641036589796
  discharge_effi: 0.7073575307272201
  max_power: 31.576306899767115
  t_arr: 12.988023786906462
  t_dep: 8.601458205689632
