vehicle:
  capacity: 106.6127220946988
  capacity_demand: 71.55198989860978
  charge_effi: 0.8866173816413536
  discharge_effi: 0.6738912506310708
  max_power: 33.94957996501065
  t_arr: 13.13413402255791
  t_dep: 7.825066540433681
