vehicle:
  capacity: 143.4775891892277
  capacity_demand: 76.22005144534252
  charge_effi: 0.9391581943764205
  discharge_effi: 0.7228047548698848
  max_power: 22.178607089420552
  t_arr: 13.461805106235174
  t_dep: 7.212574407962006
