vehicle:
  capacity: 117.7339531886561
  capacity_demand: 81.10009697731894
  charge_effi: 0.8424909006243181
  discharge_effi: 0.7488974794713251
  max_power: 28.067121572115262
  t_arr: 13.556961505578734
  t_dep: 8.100903980828642
