vehicle:
  capacity: 98.90288171410805
  capacity_demand: 85.40427309286765
  charge_effi: 0.9228897595633037
  discharge_effi: 0.7472714544638971
  max_power: 33.01811428490695
  t_arr: 14.490923467055
  t_dep: 8.912239343538829
