vehicle:
  capacity: 88.95334560570561
  capacity_demand: 72.33177112962176
  charge_effi: 0.8065929249273661
  discharge_effi: 0.8197518553353569
  max_power: 31.223246625986857
  t_arr: 13.27143626477791
  t_dep: 9.216177567082275
