vehicle:
  capacity: 118.27790057579628
  capacity_demand: 69.11822372986002
  charge_effi: 1.19591818936024
  discharge_effi: 0.704244767165889
  max_power: 29.628031215674113
  t_arr: 13.51269993077212
  t_dep: 8.018265317374974
