vehicle:
  capacity: 128.66527883426875
  capacity_demand: 75.24855887938328
  charge_effi: 0.9788010122310784
  discharge_effi: 0.6750092275020483
  max_power: 30.068035900641448
  t_arr: 12.1113270366236
  t_dep: 7.261562874848872
