vehicle:
  capacity: 122.70408213756271
  capacity_demand: 66.99014306830036
  charge_effi: 0.8164688782951379
  discharge_effi: 0.6878606306219891
  max_power: 32.55976727745776
  t_arr: 12.446581560691854
  t_dep: 7.513656511148157
