vehicle:
  capacity: 95.07821258903874
  capacity_demand: 78.34192729309251
  charge_effi: 1.2018268137847141
  discharge_effi: 0.8352979803563845
  max_power: 30.53607931832734
  t_arr: 14.163282273157064
  t_dep: 8.26333213763632
