vehicle:
  capacity: 104.64540694084596
  capacity_demand: 74.90290287011504
  charge_effi: 1.1511861508384444
  discharge_effi: 0.7753632827844484
  max_power: 32.19115371853091
  t_arr: 12.223018473180048
  t_dep: 8.471803214649073
