vehicle:
  capacity: 109.11286080572238
  capacity_demand: 97.43194868940928
  charge_effi: 1.1086252531252998
  discharge_effi: 0.7176307566535887
  max_power: 31.99833153933034
  t_arr: 12.94739384402047
  t_dep: 8.934356878410036
