vehicle:
  capacity: 121.76468721548835
  capacity_demand: 81.10027903130975
  charge_effi: 1.0038569616148085
  discharge_effi: 0.611284928048777
  max_power: 33.987533803644396
  t_arr: 16.793408564382194
  t_dep: 7.419423680637549
