vehicle:
  capacity: 114.4195341300426
  capacity_demand: 73.35765674854147
  charge_effi: 0.937840581128865
  discharge_effi: 0.7016327520803981
  max_power: 29.220082160986546
  t_arr: 14.243959238474465
  t_dep: 6.714547250505008
