vehicle:
  capacity: 126.44515355833356
  capacity_demand: 72.47843605179634
  charge_effi: 0.9886409341803096
  discharge_effi: 0.7153508975656243
  max_power: 24.357654293597804
  t_arr: 17.154853584325846
  t_dep: 6.892917231391078
