vehicle:
  capacity: 99.01072828290218
  capacity_demand: 83.42621670722329
  charge_effi: 1.0334342706949344
  discharge_effi: 0.7021980343874707
  max_power: 34.772285139060614
  t_arr: 11.837360087625642
  t_dep: 8.381293420828037
