vehicle:
  capacity: 120.81765750960326
  capacity_demand: 68.20411713408167
  charge_effi: 1.0526154538328516
  discharge_effi: 0.6728953429353274
  max_power: 28.26556450244023
  t_arr: 14.514881842269727
  t_dep: 7.392418849822195
