vehicle:
  capacity: 115.58339464230293
  capacity_demand: 67.37880023602963
  charge_effi: 0.9069801504619665
  discharge_effi: 0.8119466898897202
  max_power: 25.84054816821401
  t_arr: 14.904837524790521
  t_dep: 6.519684637425759
