vehicle:
  capacity: 110.51331177270582
  capacity_demand: 80.39161972686391
  charge_effi: 1.0506004394727244
  discharge_effi: 0.915800720299395
  max_power: 35.78901325011878
  t_arr: 10.902105447260103
  t_dep: 8.048912813515857
