vehicle:
  capacity: 121.44362264271462
  capacity_demand: 64.95249073002718
  charge_effi: 1.1033968569737886
  discharge_effi: 0.7790153509902089
  max_power: 31.835570953360136
  t_arr: 15.720243258261696
  t_dep: 9.08745539122947
