vehicle:
  capacity: 108.10073632491148
  capacity_demand: 90.0138920987602
  charge_effi: 1.16839109738518
  discharge_effi: 0.6762376814015355
  max_power: 36.19097584183543
  t_arr: 11.033467623363688
  t_dep: 8.955208372541481
