vehicle:
  capacity: 116.85945657653414
  capacity_demand: 81.46736441367673
  charge_effi: 0.877148499287133
  discharge_effi: 0.7137972434927626
  max_power: 28.718988019914306
  t_arr: 11.533800911889378
  t_dep: 8.561009655689803
