vehicle:
  capacity: 132.41841000337988
  capacity_demand: 86.74789744504183
  charge_effi: 1.0174315830037692
  discharge_effi: 0.7293199611377627
  max_power: 36.00204550764257
  t_arr: 11.615143217768923
  t_dep: 8.831544381285113
