vehicle:
  capacity: 134.5422128875557
  capacity_demand: 79.87206444062471
  charge_effi: 1.0144100262116171
  discharge_effi: 0.694763462154153
  max_power: 24.712750109186302
  t_arr: 14.829815243347984
  t_dep: 9.257719351727623
