vehicle:
  capacity: 104.63962505430557
  capacity_demand: 87.09509042317072
  charge_effi: 1.0953576222299664
  discharge_effi: 0.8541062267318896
  max_power: 31.419479688417375
  t_arr: 15.413829563995971
  t_dep: 8.335731098184086
