vehicle:
  capacity: 102.3004894087775
  capacity_demand: 82.87732750423233
  charge_effi: 0.8934708173075016
  discharge_effi: 0.8293445731560707
  max_power: 33.45285466636673
  t_arr: 13.123024622238606
  t_dep: 9.389489496934113
