vehicle:
  capacity: 107.49201715068637
  capacity_demand: 69.6745992580794
  charge_effi: 1.0745999786535188
  discharge_effi: 0.7510707581221068
  max_power: 29.78705014889025
  t_arr: 10.908346851746707
  t_dep: 7.017409645656626
