vehicle:
  capacity: 119.19224805955713
  capacity_demand: 78.85066660475417
  charge_effi: 1.0210506188604356
  discharge_effi: 0.6700200646500521
  max_power: 34.44742287960374
  t_arr: 12.361789631581631
  t_dep: 8.439810035572837
