vehicle:
  capacity: 125.66981225949964
  capacity_demand: 77.70603128273407
  charge_effi: 0.9960706413565932
  discharge_effi: 0.5940953168087381
  max_power: 29.889109991514893
  t_arr: 16.615730047300865
  t_dep: 7.817572798301953
