vehicle:
  capacity: 154.22391412114368
  capacity_demand: 63.79349735176206
  charge_effi: 0.9529146541882504
  discharge_effi: 0.6472727717364812
  max_power: 31.75375066273551
  t_arr: 12.283069067585991
  t_dep: 7.52720143339101
