vehicle:
  capacity: 94.33904715930373
  capacity_demand: 86.1345086059701
  charge_effi: 1.083824502345785
  discharge_effi: 0.7327130802345653
  max_power: 36.73953269610836
  t_arr: 15.308390396350912
  t_dep: 9.318292933665566
