vehicle:
  capacity: 117.61689691394456
  capacity_demand: 83.5380927412328
  charge_effi: 1.009671650049364
  discharge_effi: 0.5750941233519036
  max_power: 29.468611408118388
  t_arr: 14.484019277629379
  t_dep: 7.402825442785597
