vehicle:
  capacity: 107.47768823623744
  capacity_demand: 79.20615650583905
  charge_effi: 0.9594249455390297
  discharge_effi: 0.8241827047892295
  max_power: 36.74535309489683
  t_arr: 12.80319196547646
  t_dep: 7.1037489326191725
