vehicle:
  capacity: 97.46605039949905
  capacity_demand: 87.43458180082727
  charge_effi: 0.9206238913793913
  discharge_effi: 0.81209765688407
  max_power: 29.504517040403524
  t_arr: 13.65001148444918
  t_dep: 8.201851304844482
