vehicle:
  capacity: 125.10957964415913
  capacity_demand: 68.1786414205308
  charge_effi: 0.9846925949189871
  discharge_effi: 0.7012121519401637
  max_power: 30.730555911588223
  t_arr: 10.473474425598384
  t_dep: 7.770673725656455
