vehicle:
  capacity: 122.57721531747745
  capacity_demand: 75.57334429002178
  charge_effi: 1.0772918230044426
  discharge_effi: 0.74841377827522
  max_power: 30.775839219686937
  t_arr: 14.125262360606445
  t_dep: 7.775646479697478
