vehicle:
  capacity: 121.88823485417838
  capacity_demand: 74.82013826806747
  charge_effi: 1.1850819980094807
  discharge_effi: 0.763139041840431
  max_power: 36.5467084449371
  t_arr: 13.300580141855296
  t_dep: 8.150808679581411
