AC:
  C: 0.33643077101394453
  H_max: 25.77883673401149
  H_min: 20.192996795729965
  R: 12.48270893286928
  effi: 0.10641847629395311
  power_max: 33.979993452547
