AC:
  C: 0.2875681359904861
  H_max: 23.987266043320183
  H_min: 16.565230876190228
  R: 14.956276736424153
  effi: 0.11296928161405453
  power_max: 23.587869191235935
