AC:
  C: 0.3659351795948619
  H_max: 26.819857150493704
  H_min: 19.495997302183806
  R: 14.346317170689291
  effi: 0.13341726432065784
  power_max: 29.058967371813825
