AC:
  C: 0.38640882659898473
  H_max: 29.21917241415753
  H_min: 18.861016494398033
  R: 13.101571170324176
  effi: 0.07959465590249186
  power_max: 32.645763621326594
