AC:
  C: 0.46261418174746244
  H_max: 20.91877459339167
  H_min: 16.05953251292726
  R: 20.02927895465014
  effi: 0.1253460741449521
  power_max: 34.07188554317418
