AC:
  C: 0.3490238705389832
  H_max: 24.997844769014765
  H_min: 17.690304606110345
  R: 20.81793595628842
  effi: 0.09258140865155283
  power_max: 18.725675534623345
