AC:
  C: 0.26108516404401233
  H_max: 20.30738634704874
  H_min: 18.316778230790405
  R: 14.227984866973406
  effi: 0.09444441700508587
  power_max: 21.37320637820705
