AC:
  C: 0.28096478834088773
  H_max: 21.57721016792592
  H_min: 19.169867200420637
  R: 14.486211632541362
  effi: 0.07866525118160217
  power_max: 24.443735962397916
