AC:
  C: 0.2734621005898875
  H_max: 19.601901746802966
  H_min: 16.756475085360986
  R: 11.523621281974574
  effi: 0.07451914033956548
  power_max: 30.321226680401754
