AC:
  C: 0.23591474933609033
  H_max: 24.785817229035587
  H_min: 18.6024488137674
  R: 14.075281213659414
  effi: 0.08552075965243537
  power_max: 23.343879413080863
