AC:
  C: 0.2682621970156646
  H_max: 24.992880199877877
  H_min: 16.190629805284388
  R: 13.528820525180254
  effi: 0.09246448577098842
  power_max: 27.853675954379074
