AC:
  C: 0.3138153159244509
  H_max: 23.260256367035208
  H_min: 14.719655733285096
  R: 15.225693423271203
  effi: 0.1022239896922149
  power_max: 28.819516329548545
