AC:
  C: 0.21250335230850587
  H_max: 20.79888556237907
  H_min: 19.24792553915208
  R: 13.771261051287533
  effi: 0.1013100970403477
  power_max: 24.70361987204855
