AC:
  C: 0.27525307965077417
  H_max: 23.090515199524756
  H_min: 16.438713485648528
  R: 16.158602270145582
  effi: 0.09226280868508177
  power_max: 30.887628584525235
