AC:
  C: 0.25633829423388915
  H_max: 19.339209635694452
  H_min: 18.689212181855297
  R: 13.05568611625923
  effi: 0.07332352060557415
  power_max: 22.522794225352666
