AC:
  C: 0.25433710347870264
  H_max: 21.280019634384615
  H_min: 15.625456388485853
  R: 15.948763235061795
  effi: 0.09394450843286926
  power_max: 21.992644653808913
