AC:
  C: 0.29369036437785084
  H_max: 22.440250105350977
  H_min: 18.650944656817373
  R: 11.996055506926451
  effi: 0.08752115365032442
  power_max: 30.560528061753846
