AC:
  C: 0.3171155441516886
  H_max: 24.53945320137709
  H_min: 18.52787907118805
  R: 14.506154574974975
  effi: 0.07522199423946516
  power_max: 24.977990441292576
