AC:
  C: 0.2563478354817952
  H_max: 22.084099090208014
  H_min: 15.9032179080994
  R: 15.244458031965255
  effi: 0.07242475777012172
  power_max: 27.06480986191816
