AC:
  C: 0.2762786442083077
  H_max: 21.177055358248353
  H_min: 18.012423372452233
  R: 14.849546724430912
  effi: 0.08911012124363397
  power_max: 27.621347805495738
