AC:
  C: 0.2285370213013879
  H_max: 19.598180785759315
  H_min: 18.614214303060372
  R: 15.25457775641768
  effi: 0.08246887642154759
  power_max: 25.537366907641758
