AC:
  C: 0.28279072610916434
  H_max: 22.327483940530847
  H_min: 15.26570343519292
  R: 13.68093624703734
  effi: 0.08376466224795091
  power_max: 27.34073452244642
