AC:
  C: 0.22939915686499407
  H_max: 19.83602376370941
  H_min: 16.82793595237029
  R: 13.033712810472752
  effi: 0.07231367344739555
  power_max: 29.452492203824153
