AC:
  C: 0.30326611458477476
  H_max: 27.651661418499987
  H_min: 13.914447776633951
  R: 12.320873893551726
  effi: 0.08061847924636288
  power_max: 26.22002278928155
