AC:
  C: 0.28930790615940877
  H_max: 22.52061530998107
  H_min: 15.94087326718204
  R: 10.518775251661467
  effi: 0.091677686263884
  power_max: 31.214492445633354
