AC:
  C: 0.2262806844055351
  H_max: 24.419549643327663
  H_min: 18.597157046696292
  R: 13.517893566774864
  effi: 0.08265343462785742
  power_max: 26.983555025423193
