AC:
  C: 0.2732192665572308
  H_max: 19.716425212948835
  H_min: 16.102599187080266
  R: 14.955052590628766
  effi: 0.08677017957306035
  power_max: 27.15887831831474
