AC:
  C: 0.282105599627386
  H_max: 21.695940056217825
  H_min: 17.365177402690122
  R: 14.946970620534099
  effi: 0.09124878638391648
  power_max: 25.12451458344417
