AC:
  C: 0.258156307040659
  H_max: 19.86569751880781
  H_min: 16.71022674354998
  R: 12.432607286152306
  effi: 0.07756785386505803
  power_max: 28.192196218638756
