AC:
  C: 0.2830143192548332
  H_max: 20.096144667341996
  H_min: 18.510658089472404
  R: 13.975503666174792
  effi: 0.0945540595521018
  power_max: 26.29386524774409
