AC:
  C: 0.25151037461534786
  H_max: 21.582315414700375
  H_min: 16.97835557196733
  R: 14.16321616741564
  effi: 0.0770673547077016
  power_max: 25.607046465863213
