AC:
  C: 0.2368996485651355
  H_max: 15.620750215072542
  H_min: 17.68799925191048
  R: 12.044115504280146
  effi: 0.09309722670896826
  power_max: 20.990577320419284
