AC:
  C: 0.25901620002065684
  H_max: 19.152670938226727
  H_min: 13.545460669827383
  R: 12.39841538604895
  effi: 0.0837064728233748
  power_max: 24.42668908967771
