AC:
  C: 0.3023773663985007
  H_max: 24.19154589980719
  H_min: 16.222196603287326
  R: 17.439078946284507
  effi: 0.07313490613096811
  power_max: 27.96305217496244
