AC:
  C: 0.2940873619096184
  H_max: 23.226748176092944
  H_min: 14.471761335674882
  R: 14.115356576940462
  effi: 0.08433163313809369
  power_max: 22.751079232976355
