AC:
  C: 0.22520283954564904
  H_max: 22.275033522904877
  H_min: 20.030362111985504
  R: 14.235874627157818
  effi: 0.07526136615550044
  power_max: 27.3366514671737
