AC:
  C: 0.2794840753542258
  H_max: 18.541842408775043
  H_min: 16.494247575232073
  R: 12.88635849945434
  effi: 0.07197057317370686
  power_max: 24.733634794583075
