AC:
  C: 0.28542223525552446
  H_max: 20.552722603233022
  H_min: 14.835314207733948
  R: 13.52391110089556
  effi: 0.08368507317260149
  power_max: 32.06001772698223
