AC:
  C: 0.25241083224441113
  H_max: 23.53263948304438
  H_min: 16.142799833900515
  R: 12.80755895085764
  effi: 0.08565482265789336
  power_max: 29.60040277926293
