AC:
  C: 0.22838528105471584
  H_max: 22.773962593948422
  H_min: 16.497981524351186
  R: 14.874109709374682
  effi: 0.07741159428279944
  power_max: 28.342068551473925
