AC:
  C: 0.2471444669864851
  H_max: 22.671533837433497
  H_min: 14.466944023062016
  R: 13.415662524122661
  effi: 0.08328690603009775
  power_max: 32.00537372208924
