AC:
  C: 0.30805093957496044
  H_max: 19.748160581534428
  H_min: 17.783170191267537
  R: 13.148602862187628
  effi: 0.08689065218507531
  power_max: 25.930948531833476
