AC:
  C: 0.3069331497847761
  H_max: 20.277884371008057
  H_min: 17.236944080717812
  R: 16.72555770422689
  effi: 0.0862661270593027
  power_max: 26.174885679832336
