AC:
  C: 0.22085612521876952
  H_max: 18.76608387259797
  H_min: 14.78353998027956
  R: 12.439452644392098
  effi: 0.09108477627458278
  power_max: 27.07947211756756
