AC:
  C: 0.24300210565852556
  H_max: 20.160412392046247
  H_min: 17.827832609041945
  R: 12.852379210449707
  effi: 0.08018838761524953
  power_max: 24.924232444075816
