AC:
  C: 0.264727385426701
  H_max: 20.587658319907185
  H_min: 13.646033283503732
  R: 13.710781553828692
  effi: 0.09263061370412413
  power_max: 28.506916126255728
