AC:
  C: 0.30088367925323667
  H_max: 19.599844163610832
  H_min: 16.543556728340846
  R: 12.675539452541555
  effi: 0.08229138225780125
  power_max: 29.450168693175154
