AC:
  C: 0.2838748700765978
  H_max: 23.89846774703152
  H_min: 16.542513898139354
  R: 15.893807371079202
  effi: 0.0756041319788075
  power_max: 23.415451266409182
