AC:
  C: 0.2518279295039873
  H_max: 22.12044452739788
  H_min: 18.448530364976193
  R: 13.90890186323336
  effi: 0.09106909902444808
  power_max: 24.244087369203836
