AC:
  C: 0.2288023048568506
  H_max: 23.20738139880883
  H_min: 17.316586614776675
  R: 13.250620927195504
  effi: 0.08848679647237179
  power_max: 28.48045547260314
