AC:
  C: 0.24220735377015673
  H_max: 23.595457260567564
  H_min: 19.11701179044581
  R: 15.76638121887577
  effi: 0.07642957969141162
  power_max: 27.735420344538024
