AC:
  C: 0.24546797952871063
  H_max: 22.717065439382605
  H_min: 18.575229609133288
  R: 13.46103201549239
  effi: 0.0850677210377828
  power_max: 29.15517911150781
