AC:
  C: 0.24650925633498805
  H_max: 19.990226121471483
  H_min: 18.605082632970184
  R: 12.409965043068214
  effi: 0.08252116262901622
  power_max: 23.37566080713168
