AC:
  C: 0.24367769495824634
  H_max: 20.161477800847734
  H_min: 17.634390790712832
  R: 14.479155879426015
  effi: 0.09224941151541431
  power_max: 23.898772732130222
