AC:
  C: 0.25552190161227584
  H_max: 24.50021403896116
  H_min: 16.904265834019252
  R: 14.400208811318834
  effi: 0.08854430584592207
  power_max: 32.503309243891955
