AC:
  C: 0.2633970546965538
  H_max: 19.451441261910908
  H_min: 16.67906630693689
  R: 13.035671630190171
  effi: 0.07456531469119951
  power_max: 20.738911560229212
