AC:
  C: 0.27122241402509084
  H_max: 21.08722358957226
  H_min: 17.14308492179806
  R: 14.017696891649813
  effi: 0.06217207330787549
  power_max: 18.733826934775376
