AC:
  C: 0.25742790674308735
  H_max: 18.933036280642977
  H_min: 19.40777463738957
  R: 14.097652687865448
  effi: 0.08671429513413727
  power_max: 28.318680502944385
