AC:
  C: 0.23385603217716872
  H_max: 20.740839347919287
  H_min: 14.406131245067783
  R: 12.779166078943199
  effi: 0.07646149063638559
  power_max: 25.9776722887431
