AC:
  C: 0.21539046940913464
  H_max: 22.158428217820337
  H_min: 19.72700914171455
  R: 14.991426729407387
  effi: 0.09132476416659906
  power_max: 30.16953082466724
