AC:
  C: 0.2303549526800052
  H_max: 19.788852097871345
  H_min: 16.332802100560723
  R: 16.204188390460057
  effi: 0.07632816596577939
  power_max: 24.344491376029634
