AC:
  C: 0.28331250940110403
  H_max: 23.284336059498337
  H_min: 16.04913400319178
  R: 14.496455010944231
  effi: 0.09877587580775508
  power_max: 27.021947709812174
