AC:
  C: 0.2555334454813648
  H_max: 17.688121589766453
  H_min: 18.90115457940782
  R: 14.321541599063707
  effi: 0.07943610444842984
  power_max: 30.551212288667248
