AC:
  C: 0.21059841708687327
  H_max: 22.743203715737913
  H_min: 18.370932419479736
  R: 16.083971878815472
  effi: 0.09137484061672463
  power_max: 30.464003521405
