AC:
  C: 0.276765737428116
  H_max: 19.071886389287336
  H_min: 17.31122300860752
  R: 14.107207561136955
  effi: 0.09042231974572004
  power_max: 29.57136729949728
