AC:
  C: 0.2559182037609695
  H_max: 21.530679727439
  H_min: 17.646898794744615
  R: 12.816754952917705
  effi: 0.08133997291024163
  power_max: 26.76139410015667
