AC:
  C: 0.2616237546392304
  H_max: 21.846132670066037
  H_min: 16.9370545317086
  R: 13.328862088153853
  effi: 0.08192913705298845
  power_max: 23.312972284037766
