AC:
  C: 0.22767612627919395
  H_max: 23.43534205999729
  H_min: 16.333325658128555
  R: 11.787571962258156
  effi: 0.07465046451413943
  power_max: 26.30331069343551
