AC:
  C: 0.2739353356333455
  H_max: 22.48366671053552
  H_min: 17.83459627575749
  R: 13.805497565669139
  effi: 0.094042799089412
  power_max: 23.023393189519872
