AC:
  C: 0.22168522268511734
  H_max: 21.067601655657256
  H_min: 17.811178599643814
  R: 16.350038959682244
  effi: 0.07200393915339234
  power_max: 34.207974459381155
