AC:
  C: 0.274273990757899
  H_max: 21.050297716385966
  H_min: 16.094035817136565
  R: 12.85411870027199
  effi: 0.07667535406492458
  power_max: 26.103644881314136
