AC:
  C: 0.2546663356697125
  H_max: 18.294018873305046
  H_min: 18.659435304644653
  R: 14.411823371270309
  effi: 0.07365967293211952
  power_max: 29.079086795073973
