AC:
  C: 0.2532970798735472
  H_max: 21.214609738795655
  H_min: 16.919225915998048
  R: 15.296198991467284
  effi: 0.08536523467962104
  power_max: 29.01916661406435
