AC:
  C: 0.29082116844815387
  H_max: 22.00698582627075
  H_min: 16.317834833406216
  R: 15.16223878915305
  effi: 0.08710824413013098
  power_max: 22.408381738233093
