AC:
  C: 0.2497711568382101
  H_max: 16.87039742056595
  H_min: 17.42195325891711
  R: 15.456382475984967
  effi: 0.08308047442630323
  power_max: 24.57275259482908
