AC:
  C: 0.25402861602801124
  H_max: 22.065458528348877
  H_min: 17.212455982551454
  R: 17.16307336252335
  effi: 0.08274947718398419
  power_max: 27.398022607451008
