AC:
  C: 0.28252017934557455
  H_max: 13.11535601431932
  H_min: 16.744702987085684
  R: 10.520754314430294
  effi: 0.08938216618659213
  power_max: 28.618008298388588
