AC:
  C: 0.26472465248041493
  H_max: 15.747170015306112
  H_min: 18.541719525412685
  R: 14.63582445757022
  effi: 0.07241881426595538
  power_max: 20.941776549970516
