AC:
  C: 0.2643101897386492
  H_max: 21.17134141324116
  H_min: 16.810008726124828
  R: 14.883983720178158
  effi: 0.07431254430021594
  power_max: 29.895922356311605
