AC:
  C: 0.2692412648615518
  H_max: 19.129329469449257
  H_min: 20.142475977706496
  R: 14.735590607656121
  effi: 0.08323475458555252
  power_max: 27.31992972721359
