AC:
  C: 0.23166895138980415
  H_max: 22.274220120552062
  H_min: 17.53837585476356
  R: 14.40130579201403
  effi: 0.08991795150183617
  power_max: 24.374086278814506
