AC:
  C: 0.24836968633057152
  H_max: 23.31167857463525
  H_min: 17.149087999819056
  R: 14.539463619824138
  effi: 0.08071446494129395
  power_max: 29.487812425846215
