AC:
  C: 0.2669524447345629
  H_max: 20.330783377922238
  H_min: 17.792095194986445
  R: 13.121631003696956
  effi: 0.08761536642569752
  power_max: 29.01047187898009
