AC:
  C: 0.23949562119676562
  H_max: 21.392080498044738
  H_min: 16.910336328371745
  R: 13.760296813922864
  effi: 0.08948733889106872
  power_max: 28.642165092968302
