AC:
  C: 0.26517608143928223
  H_max: 19.19661193534529
  H_min: 16.474422926690302
  R: 13.540793396033523
  effi: 0.08410836117544297
  power_max: 26.84129503405779
