AC:
  C: 0.2534330085503362
  H_max: 22.586527243853233
  H_min: 15.780634485154948
  R: 12.847615281194718
  effi: 0.09015986322743888
  power_max: 25.754816120661502
