AC:
  C: 0.24125356370588363
  H_max: 17.688220795395225
  H_min: 19.13311963061043
  R: 12.86825992451827
  effi: 0.09022308707354909
  power_max: 26.78876347506045
