AC:
  C: 0.1589194368994197
  H_max: 22.629778288554594
  H_min: 12.512146216911502
  R: 13.413384685032874
  effi: 0.09199411838539147
  power_max: 27.350509269540833
