AC:
  C: 0.3015527938040614
  H_max: 22.383726224901956
  H_min: 15.384130706037007
  R: 13.623767005314681
  effi: 0.07738517992726938
  power_max: 28.261058571837836
