AC:
  C: 0.2850334191798982
  H_max: 22.83177378645027
  H_min: 16.15649089839239
  R: 12.44357318819423
  effi: 0.09124721670154037
  power_max: 27.978177131490522
