AC:
  C: 0.2664246292296643
  H_max: 22.25261540930639
  H_min: 16.300867826253626
  R: 15.296286158795828
  effi: 0.08737522381076947
  power_max: 30.08152975888606
