AC:
  C: 0.20091562047888173
  H_max: 21.186961760355032
  H_min: 15.659914274685363
  R: 13.928336250695548
  effi: 0.07203668750352636
  power_max: 25.511640174682984
