AC:
  C: 0.2262760376699252
  H_max: 23.0970589679507
  H_min: 17.497294943015415
  R: 14.647139629462451
  effi: 0.07962910635472156
  power_max: 31.29183494760596
