AC:
  C: 0.25779024717918175
  H_max: 23.20344475189078
  H_min: 13.235018676490231
  R: 12.376383655842357
  effi: 0.0776157223804767
  power_max: 26.86621399484896
