AC:
  C: 0.27487455299290947
  H_max: 19.54754968939276
  H_min: 15.148718363224692
  R: 14.264239725209414
  effi: 0.08153173790329145
  power_max: 25.5070495483997
