AC:
  C: 0.2556162775923269
  H_max: 21.951233826974686
  H_min: 15.297467518892551
  R: 15.11035903188824
  effi: 0.07773637114495874
  power_max: 25.256604053874508
