AC:
  C: 0.2827826213251006
  H_max: 24.38024861090547
  H_min: 18.8198907906377
  R: 11.615671352814255
  effi: 0.098921501280805
  power_max: 26.719326418766954
