AC:
  C: 0.2221591313078407
  H_max: 21.957817406295998
  H_min: 16.820865365350766
  R: 17.03065740449275
  effi: 0.08217892742451764
  power_max: 22.967965138997062
