AC:
  C: 0.2575648213102422
  H_max: 21.90993769943808
  H_min: 16.468003330460874
  R: 13.957716903019044
  effi: 0.08964763295095675
  power_max: 24.481491131150406
