AC:
  C: 0.22614032309535187
  H_max: 20.290460517985185
  H_min: 13.24942297475408
  R: 15.47212882084358
  effi: 0.09605005947315165
  power_max: 21.628796256857424
