AC:
  C: 0.2641856596062733
  H_max: 19.58384178739711
  H_min: 18.906877214843075
  R: 11.85169314043276
  effi: 0.09081408995958513
  power_max: 29.45495210665145
