AC:
  C: 0.29345788447121174
  H_max: 24.848243372174306
  H_min: 16.580458356215708
  R: 12.535693050691647
  effi: 0.09632823227344432
  power_max: 28.746279024596568
