AC:
  C: 0.23307307017636278
  H_max: 19.891261346888903
  H_min: 18.51209291873581
  R: 12.327166585850195
  effi: 0.07704687141842478
  power_max: 23.016646183011634
