AC:
  C: 0.3050387344203989
  H_max: 22.275202730173707
  H_min: 18.3923270615609
  R: 13.859828607176034
  effi: 0.0904819745247669
  power_max: 31.118383204744497
