AC:
  C: 0.28084884908281327
  H_max: 26.170416670790416
  H_min: 17.498859260058587
  R: 10.828023441165271
  effi: 0.09134549373561322
  power_max: 26.882534163047737
