AC:
  C: 0.2743889104514595
  H_max: 17.87587422678648
  H_min: 16.088758530228098
  R: 15.514237355539406
  effi: 0.07651573231165344
  power_max: 27.491867786499817
