AC:
  C: 0.24879158440888943
  H_max: 21.987600830410198
  H_min: 20.94577866165515
  R: 11.773548471377335
  effi: 0.07284594895766093
  power_max: 24.833565806587696
