AC:
  C: 0.22141979013913005
  H_max: 23.22305833110785
  H_min: 14.118367733925714
  R: 11.373556747210838
  effi: 0.07519816559437636
  power_max: 21.090644097350264
