AC:
  C: 0.23688210009914445
  H_max: 22.48444001927148
  H_min: 16.961448171254045
  R: 12.886391245876077
  effi: 0.09498999204052626
  power_max: 27.638936625989153
