AC:
  C: 0.22783967942233396
  H_max: 20.442157217134447
  H_min: 17.469664242058567
  R: 13.284740538036917
  effi: 0.07905147690050128
  power_max: 28.602194432458653
