AC:
  C: 0.2941633179275468
  H_max: 22.205172183084148
  H_min: 19.067245537503084
  R: 12.792192307161354
  effi: 0.0974663790587617
  power_max: 32.93693482321884
