AC:
  C: 0.24415017571544664
  H_max: 19.685003953164138
  H_min: 17.760098391119218
  R: 16.27620006956111
  effi: 0.07927542368562142
  power_max: 27.999510073796756
