AC:
  C: 0.2685366532320222
  H_max: 21.047857316491022
  H_min: 17.751725490559327
  R: 13.141277708158029
  effi: 0.09121778917137596
  power_max: 26.582378802109687
