AC:
  C: 0.27163675730344394
  H_max: 21.37443081731054
  H_min: 15.208375915402145
  R: 12.56374186686736
  effi: 0.08837368302368293
  power_max: 30.8128057925456
