AC:
  C: 0.2534045135767972
  H_max: 20.354782277362016
  H_min: 14.3172445202004
  R: 13.276718828450703
  effi: 0.09498169305480574
  power_max: 31.07880719131079
