AC:
  C: 0.23331161493841612
  H_max: 21.927661504326117
  H_min: 16.95543618217619
  R: 14.55828636785508
  effi: 0.07773862748797437
  power_max: 22.412515483859693
