AC:
  C: 0.29628635274353554
  H_max: 26.102320524345714
  H_min: 14.63842391343468
  R: 14.763530456642036
  effi: 0.0867256100994017
  power_max: 24.31445298734692
