AC:
  C: 0.26847918014479705
  H_max: 20.26259076067391
  H_min: 15.887231368342388
  R: 13.897707443978886
  effi: 0.08088979986349656
  power_max: 30.115049729051034
