AC:
  C: 0.2712334104304889
  H_max: 19.89451546876994
  H_min: 12.945638015377437
  R: 13.4085358713461
  effi: 0.09757414316064265
  power_max: 24.804747349026396
