AC:
  C: 0.24196233722974037
  H_max: 16.897030636554447
  H_min: 16.373115539227598
  R: 14.194468520364213
  effi: 0.08705240504552425
  power_max: 25.839646839949783
