AC:
  C: 0.2629047001072485
  H_max: 21.276194102100078
  H_min: 16.121640576412975
  R: 14.454063352212817
  effi: 0.08691927408354827
  power_max: 24.93155368592628
