AC:
  C: 0.26456382071974516
  H_max: 24.096226103697077
  H_min: 16.71935704288303
  R: 13.532569519092029
  effi: 0.07958265312757772
  power_max: 24.76413621550188
