AC:
  C: 0.2985103743364775
  H_max: 21.94849003121474
  H_min: 19.645998545651473
  R: 11.556692585512954
  effi: 0.05786346939832791
  power_max: 25.376993285781246
