AC:
  C: 0.2941494504374538
  H_max: 21.99250484958122
  H_min: 20.34111109599041
  R: 15.923233078710645
  effi: 0.08119976923242488
  power_max: 28.166827475620355
