AC:
  C: 0.29100200025726464
  H_max: 19.189884106665033
  H_min: 15.747234571259167
  R: 13.856652500784229
  effi: 0.07873995365060255
  power_max: 24.598974930519795
