AC:
  C: 0.23880813956489086
  H_max: 22.26586085701388
  H_min: 17.191963147548094
  R: 13.683243132868515
  effi: 0.09663149407384033
  power_max: 22.237999874562426
