AC:
  C: 0.28970892623152467
  H_max: 21.85797089936644
  H_min: 16.459410769365277
  R: 14.042034067529118
  effi: 0.09359212096586797
  power_max: 24.927038517150113
