AC:
  C: 0.24508075033383792
  H_max: 22.57896413090303
  H_min: 15.733630225206579
  R: 13.237851560863648
  effi: 0.0869526000495045
  power_max: 29.25242146108678
