AC:
  C: 0.3140401519026662
  H_max: 25.202264838922925
  H_min: 15.41495122739549
  R: 12.328573849070237
  effi: 0.08641636056754046
  power_max: 25.150652493183017
