AC:
  C: 0.2529221489847776
  H_max: 20.3193317930406
  H_min: 15.275834769189885
  R: 12.501810065126348
  effi: 0.083056898328651
  power_max: 25.348166526576755
