AC:
  C: 0.2258537115171743
  H_max: 21.511959993476047
  H_min: 18.70453396593987
  R: 14.177731925776323
  effi: 0.06806507340302696
  power_max: 26.619880638570617
