AC:
  C: 0.2776963380090449
  H_max: 20.682999699191804
  H_min: 16.275186221718073
  R: 13.704468333719351
  effi: 0.08355594727386324
  power_max: 27.212838535853937
