AC:
  C: 0.2099848792194704
  H_max: 24.349376640531847
  H_min: 16.59591339897115
  R: 13.12991707032086
  effi: 0.07746014437506521
  power_max: 27.56688961854746
