AC:
  C: 0.27279340720239365
  H_max: 23.62286202592198
  H_min: 16.83616631825542
  R: 11.696616387593497
  effi: 0.06452858759070347
  power_max: 19.004218075229325
