AC:
  C: 0.28713128504690033
  H_max: 19.28424656999304
  H_min: 17.549409728360267
  R: 11.521632837542313
  effi: 0.08599397889203204
  power_max: 26.797946818458847
