AC:
  C: 0.2225997224444211
  H_max: 18.8710495668864
  H_min: 17.211739467619335
  R: 14.250912475334138
  effi: 0.08833968240845502
  power_max: 27.33366415130808
