AC:
  C: 0.27167306002971225
  H_max: 20.657233328409394
  H_min: 14.51248383146126
  R: 13.259716739160668
  effi: 0.06909491190848704
  power_max: 26.686230689682407
