AC:
  C: 0.23902233811599852
  H_max: 19.509768692455896
  H_min: 18.424174932692747
  R: 14.327798770831524
  effi: 0.08091323353986836
  power_max: 27.077515862735105
