AC:
  C: 0.2860296488029777
  H_max: 18.095762738187748
  H_min: 16.48687459463088
  R: 15.066741901291143
  effi: 0.08554272433277726
  power_max: 28.180506836215404
