AC:
  C: 0.22798284162071528
  H_max: 22.121873265711518
  H_min: 20.337246057791365
  R: 13.411949449828837
  effi: 0.08317082884320577
  power_max: 27.554501043585265
