AC:
  C: 0.30361999971615944
  H_max: 20.988151044090028
  H_min: 14.926307642275521
  R: 14.114122873047688
  effi: 0.07800424639086341
  power_max: 28.455374262466485
