AC:
  C: 0.2967633632957471
  H_max: 22.159058956233316
  H_min: 20.96937959929644
  R: 15.269538273229408
  effi: 0.08906633346032196
  power_max: 27.765996934487227
