AC:
  C: 0.23353281919606356
  H_max: 19.103914587711614
  H_min: 16.325249109840865
  R: 13.080602721678728
  effi: 0.08112108274713373
  power_max: 26.448493463581993
