AC:
  C: 0.3176621428556786
  H_max: 24.279996880450543
  H_min: 20.001664763480527
  R: 12.449485421412684
  effi: 0.08174876226494694
  power_max: 23.86086424287968
