AC:
  C: 0.2608940981477573
  H_max: 21.267787656574143
  H_min: 17.9327485623086
  R: 12.221283429518166
  effi: 0.08252926418384031
  power_max: 27.06459163450464
