AC:
  C: 0.2748643050917752
  H_max: 22.886578608420884
  H_min: 18.476146067304285
  R: 14.469622026010452
  effi: 0.08961309991516755
  power_max: 25.51110781553293
