AC:
  C: 0.2618363173653001
  H_max: 19.44444879954521
  H_min: 15.81525192047905
  R: 14.376694396350043
  effi: 0.07533851581460137
  power_max: 22.054091162642727
