AC:
  C: 0.3107305653844784
  H_max: 20.643199114145496
  H_min: 17.84750842543005
  R: 14.481412848863535
  effi: 0.09377326495882081
  power_max: 21.972635985573582
