AC:
  C: 0.23011023078091797
  H_max: 17.89709301037789
  H_min: 14.613548221343484
  R: 13.966047331585848
  effi: 0.09345889752789407
  power_max: 20.843802573682485
