AC:
  C: 0.2520416643765853
  H_max: 22.522663264638282
  H_min: 17.44973168747566
  R: 12.949031251659758
  effi: 0.08083476231950257
  power_max: 28.21466434417931
