AC:
  C: 0.28672884487722583
  H_max: 17.508656704024716
  H_min: 15.551250195056147
  R: 13.660569284021534
  effi: 0.09884694356301262
  power_max: 24.18588276266741
