AC:
  C: 0.2805130878125056
  H_max: 25.175354872450058
  H_min: 18.005982260006594
  R: 15.537479163024408
  effi: 0.09122978189512111
  power_max: 26.27673293110085
