AC:
  C: 0.27118148293538397
  H_max: 24.51437210836213
  H_min: 14.582549366903393
  R: 13.118073824785384
  effi: 0.08380181760420101
  power_max: 25.727313394647307
