AC:
  C: 0.27245653638427253
  H_max: 22.79185589453762
  H_min: 17.01902114745891
  R: 13.345873417614644
  effi: 0.0911548740625927
  power_max: 30.045513544082578
