AC:
  C: 0.27662700937747076
  H_max: 20.663290641794145
  H_min: 19.273690164732702
  R: 12.627340031753846
  effi: 0.08823042082695548
  power_max: 26.498980540862348
