AC:
  C: 0.24753204335935733
  H_max: 23.51531741762855
  H_min: 16.24675370780764
  R: 14.927303467674134
  effi: 0.08491266450227963
  power_max: 24.512636601356185
