AC:
  C: 0.24510359018438005
  H_max: 16.856464471554258
  H_min: 16.00085270257569
  R: 12.265136274122993
  effi: 0.0908815912525671
  power_max: 28.241919719602706
