AC:
  C: 0.254232072881403
  H_max: 25.294414902781796
  H_min: 16.551768564738364
  R: 12.407791579753578
  effi: 0.0785230144139361
  power_max: 24.321906599019055
