AC:
  C: 0.2669655528605998
  H_max: 26.146773147836402
  H_min: 18.65455121986717
  R: 14.215831156387448
  effi: 0.07604778123416006
  power_max: 25.1562623941568
