AC:
  C: 0.2466190329892044
  H_max: 22.528472884455418
  H_min: 15.983235848806295
  R: 11.370347979577772
  effi: 0.08353373041622597
  power_max: 24.78260165977818
