AC:
  C: 0.32577653795858835
  H_max: 20.18284786089254
  H_min: 18.11856635388248
  R: 10.165545022681693
  effi: 0.08241705084322531
  power_max: 23.27240683444957
