AC:
  C: 0.2836095397258217
  H_max: 22.17395526395948
  H_min: 17.200687715629435
  R: 15.186335276390295
  effi: 0.0944824693574704
  power_max: 28.36919856460863
