AC:
  C: 0.27318125278990946
  H_max: 22.340885694349232
  H_min: 17.59917819700876
  R: 14.068188386194437
  effi: 0.08741420364559409
  power_max: 27.287977303962144
