AC:
  C: 0.23118279845070558
  H_max: 23.71467096422634
  H_min: 13.211672378678736
  R: 14.873585629289884
  effi: 0.09043940963348218
  power_max: 24.63472242206117
