AC:
  C: 0.28882347494758087
  H_max: 18.40207173571043
  H_min: 15.544867834240588
  R: 14.626367137102443
  effi: 0.07551648472845295
  power_max: 25.981706573815018
