AC:
  C: 0.2670692580102797
  H_max: 21.1880610984658
  H_min: 17.01882723569069
  R: 14.485665765944448
  effi: 0.09527521111295034
  power_max: 26.920569580896988
