AC:
  C: 0.2429173076765657
  H_max: 19.53533631794715
  H_min: 15.721638030101253
  R: 15.736645527055607
  effi: 0.08600284176125651
  power_max: 29.694071164732307
