AC:
  C: 0.2640987441665304
  H_max: 19.755835532696665
  H_min: 15.798484680009443
  R: 13.138596467716035
  effi: 0.08879990344958244
  power_max: 30.75459323208119
