AC:
  C: 0.2652856170735737
  H_max: 22.551328626595268
  H_min: 19.16498509875772
  R: 13.020297077313638
  effi: 0.08117202098761457
  power_max: 26.85117175347395
