AC:
  C: 0.26585311454579164
  H_max: 24.993308587474903
  H_min: 19.37746636219222
  R: 13.32729857283713
  effi: 0.07289981269417092
  power_max: 23.71604981587816
