AC:
  C: 0.23917096354873463
  H_max: 22.15220322486355
  H_min: 15.088277175152456
  R: 15.05230090198833
  effi: 0.09414290396843182
  power_max: 28.108252934881364
