AC:
  C: 0.2526514930502603
  H_max: 20.143230132411418
  H_min: 18.928491015373897
  R: 14.275900761906366
  effi: 0.06691537952214657
  power_max: 25.596963247473322
