AC:
  C: 0.2129781964305633
  H_max: 21.588051422483606
  H_min: 16.92724606542387
  R: 13.76385160973682
  effi: 0.08527869438465684
  power_max: 25.170716694511285
