AC:
  C: 0.26975605238558004
  H_max: 22.215228205352414
  H_min: 17.190129791575785
  R: 14.68123545404644
  effi: 0.0636422590866865
  power_max: 29.73824763998981
