AC:
  C: 0.27352742047983813
  H_max: 19.398766930700656
  H_min: 15.160031657580488
  R: 11.41155743078101
  effi: 0.08896033872150673
  power_max: 27.392758649962346
