AC:
  C: 0.27443356877788855
  H_max: 17.63611388915377
  H_min: 16.27915916821663
  R: 13.945145613970334
  effi: 0.09722885301855887
  power_max: 23.091754724727068
