AC:
  C: 0.23479834661217394
  H_max: 19.3445817000001
  H_min: 14.128364463217894
  R: 14.279010891736275
  effi: 0.08067356329441067
  power_max: 30.851076838171075
