AC:
  C: 0.26053758318234244
  H_max: 25.288565373003458
  H_min: 18.237141974686374
  R: 11.447614947073916
  effi: 0.09205191158656023
  power_max: 29.882044449789063
