AC:
  C: 0.23017297216495217
  H_max: 19.443753512909957
  H_min: 20.26988747526148
  R: 13.615370430943178
  effi: 0.06802903001139923
  power_max: 24.04141638066178
