AC:
  C: 0.2580878519867178
  H_max: 20.891784898189872
  H_min: 16.3103555157367
  R: 12.738277795170442
  effi: 0.09797088770869851
  power_max: 27.684241273769953
