AC:
  C: 0.25133300552089416
  H_max: 22.847033598079612
  H_min: 16.508929093305238
  R: 13.596837316166795
  effi: 0.08523200854374952
  power_max: 24.68072773681847
