AC:
  C: 0.2374758008408764
  H_max: 20.41726567504886
  H_min: 17.971013746297285
  R: 14.918702608405026
  effi: 0.08907442337223348
  power_max: 21.691468813863537
