AC:
  C: 0.272878509918451
  H_max: 25.537137410624727
  H_min: 17.83410111981302
  R: 13.36048320172499
  effi: 0.08920725241489662
  power_max: 26.196080765489736
