AC:
  C: 0.3199920196270216
  H_max: 19.206273118298075
  H_min: 19.184957366636596
  R: 11.158794086625134
  effi: 0.08168319943939827
  power_max: 25.804345132841082
