AC:
  C: 0.2506024742642082
  H_max: 21.026209994326678
  H_min: 15.497482338021364
  R: 14.699669217927129
  effi: 0.08848530878919182
  power_max: 24.166783023901232
