AC:
  C: 0.2775246508031599
  H_max: 18.38418628675124
  H_min: 18.692073109892927
  R: 13.623794572815461
  effi: 0.08214545779854458
  power_max: 25.89963390313989
