AC:
  C: 0.27634903091943885
  H_max: 21.84018484071133
  H_min: 14.44926855896714
  R: 13.645518715972619
  effi: 0.08577510528025438
  power_max: 21.396583905779217
