AC:
  C: 0.2962202963050606
  H_max: 22.21141691521165
  H_min: 18.3140898443796
  R: 13.233568686126052
  effi: 0.0784870104765612
  power_max: 21.36145780662994
