AC:
  C: 0.2651066308663661
  H_max: 20.538701742696656
  H_min: 19.99892526694974
  R: 13.32351157306819
  effi: 0.07869665815306119
  power_max: 29.88579079345755
