AC:
  C: 0.2266260918576906
  H_max: 18.43992709444434
  H_min: 17.6124329894972
  R: 9.775505161356483
  effi: 0.08830020360831389
  power_max: 22.298021396906396
