AC:
  C: 0.283201367225568
  H_max: 18.696730402063313
  H_min: 19.39938674822084
  R: 13.382887878925432
  effi: 0.07809461233119092
  power_max: 26.676500199313146
