AC:
  C: 0.28920472614110704
  H_max: 21.828941771447678
  H_min: 17.840897955761374
  R: 14.59238809936906
  effi: 0.10040081965838397
  power_max: 23.203403139614192
