AC:
  C: 0.22300767369259317
  H_max: 22.717395719763655
  H_min: 18.855935109323525
  R: 15.114925824944644
  effi: 0.07703902832777837
  power_max: 25.356368147848055
