AC:
  C: 0.24290077473460997
  H_max: 23.010595329822074
  H_min: 17.78335746718987
  R: 11.415858098038997
  effi: 0.09059899640086486
  power_max: 29.380369061845904
