AC:
  C: 0.23111546145386114
  H_max: 23.609414008863553
  H_min: 18.241408712236368
  R: 13.538058593058459
  effi: 0.09400823613852746
  power_max: 23.894011575988326
