AC:
  C: 0.28957945840767074
  H_max: 20.599347842320153
  H_min: 17.0582849785313
  R: 14.022894165636046
  effi: 0.0836170820868285
  power_max: 27.39088545427659
