AC:
  C: 0.28671857837231624
  H_max: 22.045045186594077
  H_min: 18.260848781153623
  R: 12.939337354193176
  effi: 0.08238781787973892
  power_max: 25.965691926572504
