AC:
  C: 0.2546228466398137
  H_max: 22.170878310686867
  H_min: 17.826184942972287
  R: 14.596888060761904
  effi: 0.08524548372819588
  power_max: 20.421575707497745
