AC:
  C: 0.2563452299139624
  H_max: 18.72610354894295
  H_min: 16.947116973613035
  R: 13.521071373972951
  effi: 0.07460452999619827
  power_max: 25.710259876829937
