AC:
  C: 0.22406823457629568
  H_max: 22.512536872868644
  H_min: 16.613205447107035
  R: 11.562821921104124
  effi: 0.07886698555290683
  power_max: 29.817329898361713
