AC:
  C: 0.2381501463736845
  H_max: 20.044542519164924
  H_min: 15.149630682179527
  R: 13.830295719070142
  effi: 0.086659143969847
  power_max: 23.226276508596868
