AC:
  C: 0.30951096596482136
  H_max: 23.846866253713543
  H_min: 17.025501219618295
  R: 14.361870321681305
  effi: 0.08140707502172853
  power_max: 22.266970417584005
