AC:
  C: 0.26792610126231475
  H_max: 18.579046295954548
  H_min: 20.345946687516822
  R: 12.100942699245989
  effi: 0.09928555940009581
  power_max: 23.447582162711484
