AC:
  C: 0.231473703843686
  H_max: 22.29029708794947
  H_min: 17.22492530838662
  R: 11.883024750452917
  effi: 0.08654231928182923
  power_max: 24.73437136111458
