AC:
  C: 0.27153701219447623
  H_max: 20.961847477653237
  H_min: 16.981941024608822
  R: 13.236875854640536
  effi: 0.09009909168242058
  power_max: 25.95431838880945
