AC:
  C: 0.23171987635710709
  H_max: 22.364618919472463
  H_min: 17.234203223672466
  R: 12.969400887732718
  effi: 0.08409122293625713
  power_max: 22.550058699410886
