AC:
  C: 0.23032884029532416
  H_max: 19.940506827436916
  H_min: 17.245549712778985
  R: 13.592887192105543
  effi: 0.0752257772391857
  power_max: 28.00883075411235
