AC:
  C: 0.3051701335236112
  H_max: 22.658093808523272
  H_min: 15.851338541589607
  R: 12.517807977649472
  effi: 0.0758118502686592
  power_max: 27.686950642257944
