AC:
  C: 0.24808528343799488
  H_max: 22.244416135088677
  H_min: 17.549385929059877
  R: 13.196605696819308
  effi: 0.09338605162403783
  power_max: 23.47635108639797
