AC:
  C: 0.23682342038211215
  H_max: 21.543204476457472
  H_min: 16.520775244581053
  R: 13.482906770980223
  effi: 0.08975574304412355
  power_max: 28.004977967139943
