AC:
  C: 0.23084233333349577
  H_max: 22.451358521310272
  H_min: 18.019065186859173
  R: 14.297588495337024
  effi: 0.08199665071335444
  power_max: 26.441842376548145
