AC:
  C: 0.24069060892697144
  H_max: 19.326616470801504
  H_min: 14.749663903663327
  R: 16.164159175043206
  effi: 0.07191358395781937
  power_max: 28.36863792426877
