AC:
  C: 0.26773395075605066
  H_max: 24.409517039402896
  H_min: 16.726500503369852
  R: 13.19063220648545
  effi: 0.0874373903155243
  power_max: 29.9319691714451
