AC:
  C: 0.27753751793674153
  H_max: 22.917815592762643
  H_min: 16.126365330461944
  R: 14.132094569471395
  effi: 0.09783353406623942
  power_max: 24.90083507173748
