AC:
  C: 0.22411979216362538
  H_max: 21.240849633548425
  H_min: 18.288833755266165
  R: 11.209430633261585
  effi: 0.08408913257759157
  power_max: 25.20161400598011
