AC:
  C: 0.28361286322140816
  H_max: 22.03870696242083
  H_min: 18.34181465246076
  R: 11.838247825017376
  effi: 0.08968380677963612
  power_max: 24.06776888482512
