AC:
  C: 0.25929679258523347
  H_max: 18.229150150944008
  H_min: 20.49470021582385
  R: 11.302474881306468
  effi: 0.09323528357485812
  power_max: 27.796155964736712
