AC:
  C: 0.25943061731324213
  H_max: 21.37570702210184
  H_min: 15.033592352992969
  R: 14.475417549376862
  effi: 0.06536741865374647
  power_max: 22.943781685159728
