AC:
  C: 0.24982312399253387
  H_max: 24.01699987885968
  H_min: 16.99374147647109
  R: 13.575936961582839
  effi: 0.07472407631774217
  power_max: 26.41161178146491
