AC:
  C: 0.2684170978993629
  H_max: 16.46471610000064
  H_min: 18.035175298979574
  R: 14.450522445530348
  effi: 0.08692645629441752
  power_max: 24.22847246446582
