AC:
  C: 0.2796653917348629
  H_max: 22.569675157171712
  H_min: 15.931022768745345
  R: 12.47274820758096
  effi: 0.0803214735114059
  power_max: 30.289196692328872
