AC:
  C: 0.27836130391650504
  H_max: 20.839769419973436
  H_min: 17.10845544813755
  R: 14.186102769909356
  effi: 0.0893167004357747
  power_max: 28.278621844236618
