AC:
  C: 0.24243688142128994
  H_max: 22.954324387098545
  H_min: 18.499025488972013
  R: 15.522603513844759
  effi: 0.0983862668988724
  power_max: 27.929775612285034
