AC:
  C: 0.24994456093108577
  H_max: 16.964369199247677
  H_min: 17.077209070994687
  R: 13.827614563638653
  effi: 0.09062440791649401
  power_max: 21.467600688127305
