AC:
  C: 0.28392517797562505
  H_max: 24.425850672867924
  H_min: 17.22957848316223
  R: 12.372846142851074
  effi: 0.08883066029078507
  power_max: 25.246148996960105
