AC:
  C: 0.23299129171815286
  H_max: 22.26748616838762
  H_min: 19.423476532484294
  R: 15.811726328397294
  effi: 0.08276545249342386
  power_max: 29.383030172238428
