AC:
  C: 0.27516053025825227
  H_max: 22.06317159516128
  H_min: 18.195641588084154
  R: 13.741723808626379
  effi: 0.07840069125971943
  power_max: 25.348291668306622
