AC:
  C: 0.24890381666790645
  H_max: 18.752577592235603
  H_min: 18.45119318953761
  R: 14.08346899454517
  effi: 0.09644467305431512
  power_max: 25.906774673368414
