AC:
  C: 0.2730511043426267
  H_max: 22.670192306201802
  H_min: 16.266952164031682
  R: 14.874523619570024
  effi: 0.09286705756983059
  power_max: 29.080721690897747
