AC:
  C: 0.2448858914833929
  H_max: 22.505472856362296
  H_min: 17.724573902000266
  R: 14.169847634840345
  effi: 0.09415760987309518
  power_max: 28.11547540592272
