AC:
  C: 0.21516846662631683
  H_max: 20.783139142743938
  H_min: 18.43161304699304
  R: 13.715420607698018
  effi: 0.07007888270210778
  power_max: 28.272811547137067
