AC:
  C: 0.28436976146689913
  H_max: 15.964040142824562
  H_min: 15.860784087741445
  R: 14.875167663121271
  effi: 0.08420779105606659
  power_max: 22.42215190619129
