AC:
  C: 0.3002829016295462
  H_max: 22.47113264835375
  H_min: 18.195972877990048
  R: 15.248961492742287
  effi: 0.07997283810710017
  power_max: 25.030595424399817
