AC:
  C: 0.2917360103346989
  H_max: 19.971254381698408
  H_min: 14.34035714338673
  R: 12.327966647496986
  effi: 0.09087691122628146
  power_max: 26.258336742479372
