AC:
  C: 0.25173288013724027
  H_max: 25.28542505976265
  H_min: 17.155382282873827
  R: 14.112207983092686
  effi: 0.08345869433721377
  power_max: 29.547814704325898
