AC:
  C: 0.2876911331006482
  H_max: 17.469605865627322
  H_min: 18.03554238862711
  R: 10.901411077573554
  effi: 0.09312285603318536
  power_max: 30.498224158273715
