AC:
  C: 0.21489676328753404
  H_max: 20.0201551687193
  H_min: 15.201172984426007
  R: 15.054823457230809
  effi: 0.09063767739535183
  power_max: 24.64540161887202
