AC:
  C: 0.2512432884190581
  H_max: 19.7614508774188
  H_min: 16.754179425852374
  R: 12.364619226663581
  effi: 0.07875887641064956
  power_max: 29.189973749370687
