AC:
  C: 0.27162018105466057
  H_max: 25.36332910271187
  H_min: 15.450291569515475
  R: 13.79724629098264
  effi: 0.08727150300040304
  power_max: 23.924828774486265
