AC:
  C: 0.23424179585199595
  H_max: 18.965223940286236
  H_min: 17.405354839100013
  R: 12.274268205721228
  effi: 0.06880572434337681
  power_max: 23.877923688850316
