AC:
  C: 0.2613680247554694
  H_max: 20.826043336959543
  H_min: 17.686249862222812
  R: 12.675063150860158
  effi: 0.0756836746476883
  power_max: 26.77128091372781
