AC:
  C: 0.28585229156514047
  H_max: 21.8030672365337
  H_min: 18.7485558736308
  R: 14.935524500002693
  effi: 0.09780134928360856
  power_max: 25.688172942884275
