AC:
  C: 0.28665034924968685
  H_max: 21.567598914947627
  H_min: 16.405108735288135
  R: 13.918102562982677
  effi: 0.09782477365473001
  power_max: 23.611670851898005
