AC:
  C: 0.3168393869559455
  H_max: 22.25463368552664
  H_min: 18.420148568281963
  R: 13.162114846806585
  effi: 0.08822846958012284
  power_max: 23.810031469701215
