AC:
  C: 0.24994089057820848
  H_max: 25.82450210940701
  H_min: 16.013584657364852
  R: 13.397401333919953
  effi: 0.08460034155020736
  power_max: 23.274322581250285
