AC:
  C: 0.2717584734992602
  H_max: 21.49086808832179
  H_min: 16.647343041387362
  R: 15.289386162986363
  effi: 0.07780574434482233
  power_max: 32.7809426947962
