AC:
  C: 0.27242309332324127
  H_max: 21.299726617473997
  H_min: 15.225761807227116
  R: 13.119072798610956
  effi: 0.09903737004038378
  power_max: 27.08985034633661
