AC:
  C: 0.22661688266201385
  H_max: 24.117351856463706
  H_min: 16.13140316893511
  R: 14.267207233675483
  effi: 0.0883445563453138
  power_max: 27.50792334359876
