AC:
  C: 0.31859345258746835
  H_max: 22.73615502405233
  H_min: 16.195946408599905
  R: 13.287931058697215
  effi: 0.07348855062502022
  power_max: 27.211624583698814
