AC:
  C: 0.22620499844971384
  H_max: 21.479196661195747
  H_min: 16.58905395250251
  R: 13.218909861076344
  effi: 0.09978238068310917
  power_max: 24.189959684657346
