AC:
  C: 0.317588092299194
  H_max: 19.426285753169896
  H_min: 16.261716029786694
  R: 12.621663142226716
  effi: 0.07790925892797733
  power_max: 27.18587699156485
