AC:
  C: 0.292089910994809
  H_max: 19.67603091797924
  H_min: 17.17375485004513
  R: 11.375108092082515
  effi: 0.08021281240393158
  power_max: 32.4542991801312
