AC:
  C: 0.237362200574245
  H_max: 20.94811034239593
  H_min: 18.274090385427165
  R: 15.168368277313391
  effi: 0.09661861979487112
  power_max: 31.599921880782844
