AC:
  C: 0.20598653272350442
  H_max: 22.850690835895822
  H_min: 14.639425244298568
  R: 11.447962491890245
  effi: 0.06741872747540328
  power_max: 25.36235298067006
