AC:
  C: 0.25788553196752506
  H_max: 24.972040025683736
  H_min: 15.755957992862633
  R: 13.757228088963666
  effi: 0.0835031913093801
  power_max: 27.39296296848189
