AC:
  C: 0.2490594388863583
  H_max: 20.946970799806834
  H_min: 18.271534743918224
  R: 15.254127700076223
  effi: 0.0736800234750732
  power_max: 28.063869900503004
