AC:
  C: 0.23686818284781175
  H_max: 16.87101254695342
  H_min: 16.92800298598576
  R: 14.737375469470786
  effi: 0.08074225433739136
  power_max: 20.770469300471657
