AC:
  C: 0.24544886178542033
  H_max: 23.686207551083577
  H_min: 13.969161278930814
  R: 13.348240283836525
  effi: 0.079850576101312
  power_max: 26.665929574774275
