AC:
  C: 0.29944601314499586
  H_max: 19.979492560624568
  H_min: 17.375691559205134
  R: 11.852481760603897
  effi: 0.09835165248244453
  power_max: 26.790645632074707
