AC:
  C: 0.24069972248824692
  H_max: 22.316805812384665
  H_min: 16.213271254590854
  R: 14.776746275401866
  effi: 0.09321341382225479
  power_max: 25.744823607626987
