AC:
  C: 0.24196726852652853
  H_max: 20.592042856432204
  H_min: 16.89676217640008
  R: 13.983352495139773
  effi: 0.08053494266034363
  power_max: 31.32647278137931
