AC:
  C: 0.23184676240724095
  H_max: 21.394352535668222
  H_min: 17.90655924984812
  R: 13.02259660561643
  effi: 0.07669186527822207
  power_max: 25.919564691897506
