AC:
  C: 0.2304232382745414
  H_max: 20.193871558708008
  H_min: 17.31158867452458
  R: 14.793132263705402
  effi: 0.08111503595219396
  power_max: 23.495795779093985
