AC:
  C: 0.2239475452304762
  H_max: 24.159127491451134
  H_min: 18.08397309322701
  R: 14.201212035253043
  effi: 0.0858608495200235
  power_max: 25.566912386947664
