AC:
  C: 0.2474842835682576
  H_max: 20.45554395377531
  H_min: 16.250257509463278
  R: 12.934414298377645
  effi: 0.07215847868682834
  power_max: 25.30019530351241
