AC:
  C: 0.2842379569405068
  H_max: 19.628215681166846
  H_min: 17.263875799435514
  R: 13.834993675493061
  effi: 0.08099435216759197
  power_max: 24.492339564640634
