AC:
  C: 0.2802870730525534
  H_max: 24.034337104753455
  H_min: 16.641350826286846
  R: 17.49000768000788
  effi: 0.10225541682036587
  power_max: 25.40830849668397
