AC:
  C: 0.2605606174211531
  H_max: 25.86694076259703
  H_min: 19.309240867095976
  R: 11.672774585196589
  effi: 0.08548857631146181
  power_max: 27.244899686981448
