AC:
  C: 0.19951526138958514
  H_max: 17.777056021495646
  H_min: 15.394765494239513
  R: 11.208207274425272
  effi: 0.09874129568285857
  power_max: 26.336101533099406
