AC:
  C: 0.23391302942889733
  H_max: 20.791989556924666
  H_min: 17.563695658837695
  R: 13.57926365518782
  effi: 0.07442561634140939
  power_max: 28.640289262129127
