AC:
  C: 0.26303779940124045
  H_max: 22.710989415970086
  H_min: 15.625730211583654
  R: 11.865078114394393
  effi: 0.08790792972376829
  power_max: 26.690707075257777
