AC:
  C: 0.2280597441572779
  H_max: 21.10466870840953
  H_min: 16.773101645362132
  R: 13.252105401929203
  effi: 0.08021258645096441
  power_max: 24.921750415486077
