AC:
  C: 0.24423222569088526
  H_max: 23.251475049118582
  H_min: 15.309579725351039
  R: 14.373614154638666
  effi: 0.0838541793688967
  power_max: 28.120105589176838
