AC:
  C: 0.2557073398945863
  H_max: 19.617171836309343
  H_min: 17.413393075949497
  R: 13.633687474089376
  effi: 0.08631232786391362
  power_max: 27.682393147487357
