AC:
  C: 0.27520106596859845
  H_max: 21.89571579007514
  H_min: 18.561363704093502
  R: 12.250179527446138
  effi: 0.07669213685722803
  power_max: 24.561322371840053
