AC:
  C: 0.23875389217453635
  H_max: 22.418587815394456
  H_min: 17.161184158321074
  R: 13.650836823295325
  effi: 0.08691928558805079
  power_max: 24.83216497645673
