AC:
  C: 0.25781445173183554
  H_max: 22.471914459400068
  H_min: 18.181081744194092
  R: 11.914227357335704
  effi: 0.07363681122881675
  power_max: 23.516886894456427
