AC:
  C: 0.23625348687953962
  H_max: 24.762817649364944
  H_min: 16.71734514702875
  R: 13.325969568490962
  effi: 0.09760488057297279
  power_max: 26.71736507499396
