AC:
  C: 0.24279256136046573
  H_max: 19.305075652516365
  H_min: 18.552809747165856
  R: 15.435490819155252
  effi: 0.09523912591890867
  power_max: 30.55666300256483
