AC:
  C: 0.22899597339033628
  H_max: 18.787387952745846
  H_min: 15.806830976990843
  R: 13.873672602820998
  effi: 0.08747539959063709
  power_max: 24.048600423432234
