AC:
  C: 0.2579259477147399
  H_max: 21.977836400578592
  H_min: 16.494851451104235
  R: 13.338056624960224
  effi: 0.07512523913712046
  power_max: 27.980509585812914
