AC:
  C: 0.28717781323742236
  H_max: 22.88086955121978
  H_min: 16.476006410911854
  R: 12.542034224735218
  effi: 0.07537217804735073
  power_max: 26.31285111102167
