AC:
  C: 0.2409515329217193
  H_max: 24.038425667454398
  H_min: 18.13880462260659
  R: 12.5733268277864
  effi: 0.09349643505420478
  power_max: 26.2134556509963
