AC:
  C: 0.25677810856453287
  H_max: 21.84740143021117
  H_min: 13.71891136717868
  R: 12.914509917882807
  effi: 0.08007723129959457
  power_max: 26.32934945259512
