AC:
  C: 0.23661353987321643
  H_max: 20.81608341399447
  H_min: 18.24467798237534
  R: 12.867891006973979
  effi: 0.0831430876390139
  power_max: 27.837453307972332
