AC:
  C: 0.23291125961095197
  H_max: 22.023875574901435
  H_min: 20.037811388475777
  R: 14.71322478098755
  effi: 0.08210472568197626
  power_max: 27.42995336791426
