AC:
  C: 0.2508819827898722
  H_max: 19.182964295305297
  H_min: 16.08325585064479
  R: 13.540727856979247
  effi: 0.07194228906180462
  power_max: 30.761281339057042
