AC:
  C: 0.24808248213812836
  H_max: 19.26481978444052
  H_min: 18.898766288343307
  R: 15.249023101490872
  effi: 0.08112550540518686
  power_max: 26.434803587632516
