AC:
  C: 0.2396614297913903
  H_max: 23.417730261486724
  H_min: 17.331884257392122
  R: 12.507659355871196
  effi: 0.06632229912476087
  power_max: 25.477281037602527
