AC:
  C: 0.30217267022228295
  H_max: 20.565164841923607
  H_min: 15.982756141923646
  R: 12.329960130353117
  effi: 0.06745560689904238
  power_max: 23.471762183279672
