AC:
  C: 0.28084957156046286
  H_max: 18.080526188566083
  H_min: 16.28016749501111
  R: 13.09441174776122
  effi: 0.09293059404998812
  power_max: 23.945390301126373
