AC:
  C: 0.28041651668529227
  H_max: 20.197307080446024
  H_min: 16.763758901302836
  R: 14.116767814163723
  effi: 0.08499820884402888
  power_max: 24.100140131838
