AC:
  C: 0.2572305125142109
  H_max: 22.08508097726859
  H_min: 18.856736595553404
  R: 11.358741626862995
  effi: 0.07646368535500742
  power_max: 28.521922044659238
