AC:
  C: 0.2286868517767285
  H_max: 22.28001983574547
  H_min: 15.959491719795666
  R: 14.984538225383028
  effi: 0.09482371873283822
  power_max: 29.06577325019068
