AC:
  C: 0.27112207897923507
  H_max: 20.992594566525927
  H_min: 18.318082613844044
  R: 11.823891388878414
  effi: 0.07537516871945275
  power_max: 22.313527651787243
