AC:
  C: 0.25423137267648327
  H_max: 20.716455868039517
  H_min: 14.314610045934726
  R: 13.087870066584529
  effi: 0.09728111778356616
  power_max: 25.68066446977009
