AC:
  C: 0.2703262462472328
  H_max: 23.407689051530472
  H_min: 17.97990085775137
  R: 14.316837723724438
  effi: 0.08129366885740849
  power_max: 26.370909343055814
