AC:
  C: 0.2844268883615092
  H_max: 21.65770887287135
  H_min: 15.175481953001924
  R: 13.831510371221716
  effi: 0.08346186620672576
  power_max: 26.391292927621926
