AC:
  C: 0.2427333944582538
  H_max: 22.798003665674347
  H_min: 16.700407015255394
  R: 14.484339266968712
  effi: 0.09381656951380958
  power_max: 28.776927522030352
