AC:
  C: 0.24843926468421157
  H_max: 22.211743434636414
  H_min: 17.27355873968671
  R: 11.687778164059651
  effi: 0.10062836081683814
  power_max: 24.36837749963763
