AC:
  C: 0.30461005190619256
  H_max: 24.15905183754303
  H_min: 17.220197263480138
  R: 11.820141112955676
  effi: 0.07795890344188233
  power_max: 28.193210073842543
