AC:
  C: 0.28557746409015117
  H_max: 19.578394937002056
  H_min: 17.36815394902657
  R: 15.87869246731754
  effi: 0.08648011989219913
  power_max: 27.181052476828434
