AC:
  C: 0.25795318511872606
  H_max: 21.16324336838942
  H_min: 17.41897277776116
  R: 12.249080223756604
  effi: 0.08932338317429449
  power_max: 23.64863306050123
