AC:
  C: 0.2896978289874799
  H_max: 23.46750058013311
  H_min: 13.75754023561019
  R: 15.724849878742525
  effi: 0.07424410093391051
  power_max: 27.92975127249724
