AC:
  C: 0.22111892107210232
  H_max: 19.59834515446528
  H_min: 18.357403087030796
  R: 12.653222198279671
  effi: 0.08547722788788299
  power_max: 28.935552109101383
