AC:
  C: 0.24705915719097724
  H_max: 20.79137452946331
  H_min: 17.216418951747
  R: 16.08146487894331
  effi: 0.07795481998368528
  power_max: 29.790229339583544
