AC:
  C: 0.21979832542527986
  H_max: 19.261312868526687
  H_min: 16.111870774536957
  R: 14.194651659045704
  effi: 0.08082559356002063
  power_max: 29.90655531362105
