AC:
  C: 0.23350240973840525
  H_max: 23.478791659867664
  H_min: 14.921376415484119
  R: 10.647340040879863
  effi: 0.08817897245065626
  power_max: 27.318673672526295
