AC:
  C: 0.2824577948262777
  H_max: 23.014449239279333
  H_min: 16.776650422220957
  R: 14.360650943472457
  effi: 0.0879724592800039
  power_max: 24.645116593083955
