AC:
  C: 0.2800647061758279
  H_max: 19.74083203088247
  H_min: 16.577405991005914
  R: 13.121524102527253
  effi: 0.09975384985530868
  power_max: 26.887873647573414
