AC:
  C: 0.2548368766774241
  H_max: 21.212049613386583
  H_min: 15.796716942833823
  R: 14.830503252803307
  effi: 0.07704846929689664
  power_max: 20.35818691028773
