AC:
  C: 0.22835332847718906
  H_max: 19.06612629332506
  H_min: 16.140710705949473
  R: 13.34614016657833
  effi: 0.07104383957144879
  power_max: 25.012561586262425
