AC:
  C: 0.23978139485133512
  H_max: 19.449060189952288
  H_min: 16.946024626975916
  R: 13.88077383397977
  effi: 0.09235738390312574
  power_max: 27.865760626674234
