AC:
  C: 0.2718369980011946
  H_max: 17.253133451133493
  H_min: 19.25941015216732
  R: 14.62893972847159
  effi: 0.0798768906320527
  power_max: 23.670337270567774
