AC:
  C: 0.274711972166785
  H_max: 24.437928049685368
  H_min: 16.318334529705474
  R: 12.42083926935731
  effi: 0.08848799247973742
  power_max: 26.162947550389855
