AC:
  C: 0.2668470746338917
  H_max: 19.764850712876022
  H_min: 16.833550304824584
  R: 13.977907456553977
  effi: 0.08590971778032001
  power_max: 26.027248855327933
