AC:
  C: 0.3309747783971939
  H_max: 23.56115575328485
  H_min: 18.080864880694417
  R: 14.020526972945442
  effi: 0.10548520281031118
  power_max: 25.65778265030808
