AC:
  C: 0.21456756719374878
  H_max: 23.531878069086368
  H_min: 15.394569962918295
  R: 13.399715742140213
  effi: 0.0928093054811598
  power_max: 21.99071245773049
