AC:
  C: 0.26859574133407105
  H_max: 22.02751504024716
  H_min: 18.22285282805245
  R: 12.626881025371864
  effi: 0.08739039332128394
  power_max: 34.286185165413734
