AC:
  C: 0.24203421572478132
  H_max: 18.337679602138454
  H_min: 15.694888264231984
  R: 12.787281876623712
  effi: 0.07972245085838814
  power_max: 23.318346569806277
