AC:
  C: 0.26960268850594243
  H_max: 22.625484383693806
  H_min: 18.435334751413546
  R: 11.536832725171687
  effi: 0.08751997102595276
  power_max: 25.25683389249312
