AC:
  C: 0.2571517774490005
  H_max: 23.89946238314779
  H_min: 18.155151584331335
  R: 14.023592008636099
  effi: 0.07935393238877272
  power_max: 26.377979662372027
