AC:
  C: 0.26191263804052806
  H_max: 20.665021930494852
  H_min: 15.928053450020638
  R: 12.922659533157717
  effi: 0.08377529468045243
  power_max: 21.628967761808916
