AC:
  C: 0.2700642570379409
  H_max: 18.58734707937634
  H_min: 15.70417637636122
  R: 13.341327920406847
  effi: 0.09090470728220874
  power_max: 26.054316999481042
