AC:
  C: 0.20847155930079828
  H_max: 23.293715214690916
  H_min: 21.12388579061538
  R: 14.152464821332078
  effi: 0.08169169352294438
  power_max: 30.223022196256974
