AC:
  C: 0.3154682023782808
  H_max: 20.22675644275139
  H_min: 17.400928174911666
  R: 11.987747271282053
  effi: 0.06852605301459992
  power_max: 21.39163658520371
