AC:
  C: 0.26930786387483235
  H_max: 20.6108396665933
  H_min: 14.692959734521107
  R: 11.541576706644591
  effi: 0.07949654319285057
  power_max: 29.729932789919435
