AC:
  C: 0.27185032370968765
  H_max: 21.761317537041112
  H_min: 18.395382593234217
  R: 13.023541172584578
  effi: 0.08912466345944588
  power_max: 27.61233801760026
