AC:
  C: 0.22351259503595686
  H_max: 23.85290557424873
  H_min: 19.131734010309412
  R: 14.249551622304162
  effi: 0.07852119890891521
  power_max: 25.65387687807676
