AC:
  C: 0.22398136078101694
  H_max: 21.446647986332447
  H_min: 17.534336060743197
  R: 15.790465816366002
  effi: 0.08917619547161258
  power_max: 21.134926179227346
