AC:
  C: 0.2588603591174527
  H_max: 23.70007220701691
  H_min: 18.262091768734194
  R: 14.7223821937573
  effi: 0.08696169013861686
  power_max: 25.54679872852779
