AC:
  C: 0.25131372840627436
  H_max: 23.320928912625096
  H_min: 18.405392899164486
  R: 13.60997131770848
  effi: 0.07908144433601781
  power_max: 26.847008493958064
