AC:
  C: 0.20564387073026744
  H_max: 22.38541524913694
  H_min: 12.644760400206035
  R: 13.431105236232362
  effi: 0.07645438654705666
  power_max: 22.523729731017358
