AC:
  C: 0.2554943005257683
  H_max: 22.196403005152753
  H_min: 21.649019506334696
  R: 14.563106975252685
  effi: 0.0751926129366709
  power_max: 27.778743620268628
