AC:
  C: 0.27338447233062213
  H_max: 24.166314875226977
  H_min: 19.931877203361616
  R: 14.423601050414149
  effi: 0.07429429046384534
  power_max: 29.162229112949223
