AC:
  C: 0.21632059762407232
  H_max: 18.86487922797825
  H_min: 18.508154494114848
  R: 12.837734119482437
  effi: 0.09709278809293594
  power_max: 26.63736822645531
