AC:
  C: 0.27900549661877744
  H_max: 21.971206084574625
  H_min: 19.623707680800553
  R: 14.019101474704438
  effi: 0.08756495261462598
  power_max: 31.327689978501684
