AC:
  C: 0.26541729931111496
  H_max: 22.746724625416363
  H_min: 14.075723605950001
  R: 14.20441600038894
  effi: 0.09355690174310954
  power_max: 25.961804486649342
