AC:
  C: 0.2641241138602819
  H_max: 22.418651405479878
  H_min: 19.553719267909308
  R: 12.57704795701597
  effi: 0.08270138385405852
  power_max: 26.989934856583893
