AC:
  C: 0.2712011954524578
  H_max: 18.112246548686016
  H_min: 20.496242469542185
  R: 13.51542393497698
  effi: 0.07664675543992429
  power_max: 23.96786276899407
