AC:
  C: 0.250857726346252
  H_max: 21.588208112331184
  H_min: 16.145796061772725
  R: 13.46613904969303
  effi: 0.08159111420213834
  power_max: 23.192243025631004
