AC:
  C: 0.2646228910779222
  H_max: 21.836625995251072
  H_min: 16.227434473146133
  R: 14.647584836671395
  effi: 0.0744071519949442
  power_max: 19.615196969703003
