AC:
  C: 0.26851264376815953
  H_max: 22.225742145158616
  H_min: 14.013452430255212
  R: 14.355942929479086
  effi: 0.07984553833859986
  power_max: 25.545461191851835
