AC:
  C: 0.26851243806727126
  H_max: 22.464019903159787
  H_min: 18.009812653053224
  R: 12.271777844966746
  effi: 0.09356384682136394
  power_max: 20.165907718855923
