AC:
  C: 0.2824161106110164
  H_max: 23.63401362970948
  H_min: 15.97795877063895
  R: 13.554102667641015
  effi: 0.0840559013484684
  power_max: 26.883300711807447
