AC:
  C: 0.24821820224125996
  H_max: 20.31895493103954
  H_min: 18.54068160796004
  R: 15.817056670121188
  effi: 0.09690652935062732
  power_max: 26.943393931372878
