AC:
  C: 0.26546490822749275
  H_max: 21.06085142180135
  H_min: 18.190771268496572
  R: 13.134711528636789
  effi: 0.07236091224469163
  power_max: 27.487631469470543
