AC:
  C: 0.2705271527512392
  H_max: 20.161979673439124
  H_min: 16.648393835239823
  R: 11.61828267582176
  effi: 0.07754681450157369
  power_max: 26.309119434515054
