AC:
  C: 0.2562944685909777
  H_max: 24.093272384934252
  H_min: 17.762718789039226
  R: 13.228272484647785
  effi: 0.08472752474605123
  power_max: 27.00958997726577
