AC:
  C: 0.26948451163851733
  H_max: 21.26226216218905
  H_min: 14.813928457666506
  R: 14.163242110548063
  effi: 0.07519473376109605
  power_max: 27.36457993512694
