AC:
  C: 0.23323405487535348
  H_max: 17.472715086862312
  H_min: 14.754757579652304
  R: 13.310558906176254
  effi: 0.05631956542295958
  power_max: 27.222104212698788
