AC:
  C: 0.27716675011743575
  H_max: 23.92603376610773
  H_min: 14.618320021984374
  R: 15.447675137820728
  effi: 0.0919542571260197
  power_max: 25.90699539465388
