AC:
  C: 0.26388841958631043
  H_max: 14.060803573338712
  H_min: 19.233407512174164
  R: 14.165114800419826
  effi: 0.0842052980189655
  power_max: 27.836397762098088
