AC:
  C: 0.2728273653329423
  H_max: 18.948514513719324
  H_min: 16.807163058318846
  R: 12.511622086816706
  effi: 0.07721474079289119
  power_max: 29.654567066676243
