AC:
  C: 0.2604477413740088
  H_max: 23.28034366550844
  H_min: 20.38737505427811
  R: 13.765365264810958
  effi: 0.07864884504797019
  power_max: 20.85270304690367
