AC:
  C: 0.2457837397156827
  H_max: 25.708858936258164
  H_min: 19.497010879652596
  R: 15.262791675828867
  effi: 0.08467969976877078
  power_max: 28.3907914126166
