AC:
  C: 0.24468763199445634
  H_max: 18.749197130194617
  H_min: 22.853716652488284
  R: 14.863117204779773
  effi: 0.08389480382808367
  power_max: 27.657852540645425
