AC:
  C: 0.2608239272290755
  H_max: 24.134537246464145
  H_min: 19.021904885729633
  R: 13.050968519827997
  effi: 0.09523127446749055
  power_max: 27.928339032428255
