AC:
  C: 0.266004246475103
  H_max: 19.7398710325023
  H_min: 16.841690651885774
  R: 13.248237590294671
  effi: 0.09610258928862991
  power_max: 28.65228259107188
