AC:
  C: 0.3343822658980987
  H_max: 20.92663627148627
  H_min: 19.23945605316892
  R: 14.42546577473043
  effi: 0.09094969508757308
  power_max: 25.15144525343368
