AC:
  C: 0.21695704776874294
  H_max: 23.520822401380933
  H_min: 19.26138356182193
  R: 10.95210341718652
  effi: 0.08338516333785907
  power_max: 25.37388395166866
