AC:
  C: 0.2884596776921307
  H_max: 25.362177118270317
  H_min: 19.201659019708384
  R: 14.359974391092504
  effi: 0.08155348974777607
  power_max: 25.625504705603376
