AC:
  C: 0.2668091378835767
  H_max: 21.93631528769727
  H_min: 18.019892256159928
  R: 14.132904075935034
  effi: 0.0856209569066286
  power_max: 27.897744153859293
