AC:
  C: 0.2605077731038917
  H_max: 23.46487868378968
  H_min: 18.967179703406433
  R: 16.918784871255646
  effi: 0.09690898617916968
  power_max: 27.56251359181038
