AC:
  C: 0.2769211665517414
  H_max: 24.315890287670616
  H_min: 16.233914212939368
  R: 11.914261442686826
  effi: 0.0916432171668636
  power_max: 28.894452284806743
