AC:
  C: 0.29186595591536524
  H_max: 22.978182592005442
  H_min: 18.627877473232566
  R: 13.129345385993304
  effi: 0.08944221197293376
  power_max: 23.142638414876046
