AC:
  C: 0.2474824842906089
  H_max: 19.645434231773958
  H_min: 17.29005474798733
  R: 11.17918391709406
  effi: 0.09052467455234262
  power_max: 25.128753470914535
