AC:
  C: 0.28300234131657753
  H_max: 19.82423290298135
  H_min: 18.57669148686383
  R: 14.14001598592224
  effi: 0.08193456421710439
  power_max: 27.093660064171434
