AC:
  C: 0.25522684608547186
  H_max: 20.698036023859864
  H_min: 15.060490561362746
  R: 13.491462861182958
  effi: 0.07449534223841701
  power_max: 23.79325375871194
