AC:
  C: 0.2589034898449921
  H_max: 17.38356050343924
  H_min: 17.211713229452158
  R: 11.56179282913815
  effi: 0.06899119892025016
  power_max: 27.00847936697059
