AC:
  C: 0.24980120514328855
  H_max: 18.950501071641
  H_min: 16.79218381228043
  R: 15.922080964134135
  effi: 0.0635890302698278
  power_max: 28.887411331111068
