AC:
  C: 0.17992062619387902
  H_max: 23.84447264295002
  H_min: 18.62389635213424
  R: 12.713741791748715
  effi: 0.07007461349228787
  power_max: 28.34019493553106
