AC:
  C: 0.287833628059639
  H_max: 25.930928941337996
  H_min: 18.869732497381545
  R: 12.79166441220202
  effi: 0.08419867338066321
  power_max: 28.82319898192443
