AC:
  C: 0.23285309061339857
  H_max: 22.812725365310378
  H_min: 16.110601135175873
  R: 12.023658284326475
  effi: 0.08451521057109702
  power_max: 28.41221665110739
