AC:
  C: 0.21774687289384512
  H_max: 25.216651025485053
  H_min: 14.573305802631316
  R: 14.159296803352579
  effi: 0.08979076661271405
  power_max: 25.14898047230698
