AC:
  C: 0.22923980205654187
  H_max: 21.619869701975038
  H_min: 18.847149620026208
  R: 17.199840348474243
  effi: 0.07798378727744355
  power_max: 25.53662750034788
