AC:
  C: 0.21488949466630758
  H_max: 20.678142837367613
  H_min: 18.0205036753721
  R: 13.649097117515648
  effi: 0.07647150900855391
  power_max: 28.635414309727402
