AC:
  C: 0.2590941286721046
  H_max: 15.00340699784106
  H_min: 17.98278221582522
  R: 12.178673487487302
  effi: 0.07539302041741393
  power_max: 30.11077936706316
