AC:
  C: 0.26500280906461693
  H_max: 25.6318376668631
  H_min: 17.070630423350252
  R: 10.48959477381937
  effi: 0.08572232041173175
  power_max: 29.747076370367047
