AC:
  C: 0.21959300597808762
  H_max: 20.252983172988518
  H_min: 14.695812987947797
  R: 10.916781095580413
  effi: 0.08874379095499554
  power_max: 27.211790046282026
