AC:
  C: 0.27770915337459257
  H_max: 21.36698788263483
  H_min: 18.06467283309403
  R: 12.158842981397575
  effi: 0.07845712396888155
  power_max: 33.14452784482943
