AC:
  C: 0.2351925318619676
  H_max: 20.964229133130562
  H_min: 19.788878568048755
  R: 13.368137697432548
  effi: 0.07796032128054445
  power_max: 26.854822876482398
