AC:
  C: 0.26048747727986454
  H_max: 24.73633933388669
  H_min: 16.935795261052043
  R: 13.746445298028757
  effi: 0.07379818486310048
  power_max: 23.722984571938667
