AC:
  C: 0.32890848118993343
  H_max: 23.806641228820943
  H_min: 17.687650957858697
  R: 12.840817347996481
  effi: 0.08933864411197333
  power_max: 26.228251311087487
