AC:
  C: 0.2211182770982645
  H_max: 24.970103530092207
  H_min: 18.560428106551747
  R: 13.027893987638425
  effi: 0.08472134909905515
  power_max: 26.455690988448882
