AC:
  C: 0.23767381454592396
  H_max: 21.676176346832015
  H_min: 16.54679468246518
  R: 12.741824411390475
  effi: 0.09553100682687841
  power_max: 25.8295383523701
