AC:
  C: 0.23487579165799571
  H_max: 20.392540159723215
  H_min: 18.007160826001314
  R: 10.858781408120283
  effi: 0.0730033565260616
  power_max: 28.423972483737014
