AC:
  C: 0.28851869980211914
  H_max: 21.14672652425666
  H_min: 17.161132360480252
  R: 14.991487684394054
  effi: 0.08013047880400812
  power_max: 27.391985721430622
