AC:
  C: 0.26279505816642856
  H_max: 28.565731007359137
  H_min: 21.133128583111812
  R: 14.172347339533827
  effi: 0.09347510968485412
  power_max: 27.037305912380308
