AC:
  C: 0.24262478338066742
  H_max: 20.190552933018846
  H_min: 14.644232430591435
  R: 13.12251100447863
  effi: 0.07663630057642594
  power_max: 29.901434723761984
