AC:
  C: 0.199655290873238
  H_max: 22.97994487847974
  H_min: 18.717099689997553
  R: 13.949859055622577
  effi: 0.08695890883921471
  power_max: 29.75909866896862
