AC:
  C: 0.2653327882027687
  H_max: 22.61239322046348
  H_min: 16.5611794771257
  R: 14.170799977674415
  effi: 0.08289294178542152
  power_max: 28.101055384977702
