AC:
  C: 0.28564162462231046
  H_max: 21.14580824341754
  H_min: 20.27346538902999
  R: 14.752392966125797
  effi: 0.09038251796340988
  power_max: 33.64675279067054
