AC:
  C: 0.3094159796014919
  H_max: 25.012369852693116
  H_min: 15.49302417402449
  R: 13.872510361125125
  effi: 0.07705813319288142
  power_max: 29.8943650336656
