AC:
  C: 0.2618949449831242
  H_max: 20.148754775748177
  H_min: 17.090777774861905
  R: 12.291854473740242
  effi: 0.07808778553650013
  power_max: 25.154546367660444
