AC:
  C: 0.22392570272038334
  H_max: 18.091737111320366
  H_min: 16.047642819574985
  R: 12.913724055934825
  effi: 0.08248571439470227
  power_max: 24.15352980155721
