AC:
  C: 0.2638348885143435
  H_max: 21.80955797621025
  H_min: 18.861451273826606
  R: 14.04692984962865
  effi: 0.08881765630708216
  power_max: 30.545866507222733
