AC:
  C: 0.19304759648238462
  H_max: 23.451790443510824
  H_min: 17.61094378936729
  R: 13.39702844086072
  effi: 0.08181092415271493
  power_max: 22.521740216199266
