AC:
  C: 0.23798838016653165
  H_max: 22.508353584529782
  H_min: 17.471436585047066
  R: 15.542433019383441
  effi: 0.08124972372217645
  power_max: 29.46483619008644
