AC:
  C: 0.22036145623475162
  H_max: 25.664900429288352
  H_min: 17.65186069015073
  R: 13.69442462194943
  effi: 0.06908548215773726
  power_max: 25.85457399915002
