AC:
  C: 0.2796548890722314
  H_max: 22.498625257645802
  H_min: 12.189391428575401
  R: 16.079090055446475
  effi: 0.08662021163482823
  power_max: 26.509333656501823
