AC:
  C: 0.28084520193263146
  H_max: 21.441664490306355
  H_min: 18.052052753494195
  R: 13.77354809677433
  effi: 0.08036029286320127
  power_max: 22.50193856770236
