AC:
  C: 0.2868245126946497
  H_max: 22.104722960127145
  H_min: 17.880279195879428
  R: 13.312333755628092
  effi: 0.08548777280318162
  power_max: 25.36890737724716
