AC:
  C: 0.28015020332122176
  H_max: 21.132307972679012
  H_min: 19.95245446464109
  R: 13.589116646764271
  effi: 0.0856343875252789
  power_max: 28.180383768740242
