AC:
  C: 0.2724978452790875
  H_max: 19.665096977216635
  H_min: 18.67636525817697
  R: 14.830843137290598
  effi: 0.07512146476117884
  power_max: 24.02973724768405
