AC:
  C: 0.3018403439934128
  H_max: 20.842371368096327
  H_min: 16.28368574467638
  R: 15.753370635052233
  effi: 0.08420579369199385
  power_max: 25.716464192479044
