AC:
  C: 0.2795623450682502
  H_max: 22.713851052092537
  H_min: 18.910118671463277
  R: 15.728883391618472
  effi: 0.07954311064032747
  power_max: 28.642985538336273
