AC:
  C: 0.2507959279858625
  H_max: 21.734215011342457
  H_min: 15.938305322143076
  R: 9.939649187065848
  effi: 0.09594250125480068
  power_max: 28.295851501839138
