AC:
  C: 0.28843185397727356
  H_max: 24.01501904481557
  H_min: 16.551373643909717
  R: 14.998600655220386
  effi: 0.09041702822359796
  power_max: 29.276896426933423
