AC:
  C: 0.30048202231337995
  H_max: 21.22691015597156
  H_min: 13.260873741720559
  R: 12.71827590413109
  effi: 0.07348192820242568
  power_max: 29.082062014344185
