AC:
  C: 0.24947237590514895
  H_max: 22.687956047358718
  H_min: 15.654846703032234
  R: 15.3834176529757
  effi: 0.0868244317009923
  power_max: 28.40371099850979
