AC:
  C: 0.2427506296959034
  H_max: 17.28727080532828
  H_min: 18.606516395815753
  R: 12.113463971503073
  effi: 0.08454336751940365
  power_max: 25.33693332469046
