AC:
  C: 0.2415007022376607
  H_max: 20.810323379478458
  H_min: 19.112341148126887
  R: 12.510410431269822
  effi: 0.08717382806293437
  power_max: 25.246840716054432
