AC:
  C: 0.24462292605894964
  H_max: 22.786620294799395
  H_min: 14.832436660865875
  R: 12.360794399700337
  effi: 0.09054629696800053
  power_max: 27.06132364454943
