AC:
  C: 0.25724115927707186
  H_max: 21.959819266954778
  H_min: 20.241335544813104
  R: 16.03098290433169
  effi: 0.0834792939526945
  power_max: 22.942274303549297
