AC:
  C: 0.270920338302414
  H_max: 20.397621481387116
  H_min: 19.1994597690458
  R: 11.327655938764758
  effi: 0.08437516802985941
  power_max: 26.229020996530725
