AC:
  C: 0.25636092606140876
  H_max: 15.436071263908012
  H_min: 17.27529335525046
  R: 11.463453281745545
  effi: 0.07777419888955649
  power_max: 29.059234955653878
