AC:
  C: 0.26071131653054874
  H_max: 21.255758503958333
  H_min: 17.354786438182614
  R: 13.502474350850205
  effi: 0.07332688793833515
  power_max: 26.898860818449688
