AC:
  C: 0.2947094461714396
  H_max: 23.958255738526525
  H_min: 19.30293984686755
  R: 13.294067209597385
  effi: 0.09591229195483231
  power_max: 25.52528971394787
