AC:
  C: 0.26451289420282936
  H_max: 18.928989737866235
  H_min: 18.80005598898814
  R: 11.528117029351217
  effi: 0.0716223078807373
  power_max: 26.443116621186295
