AC:
  C: 0.28306323722644783
  H_max: 24.665832598750086
  H_min: 19.616984043851282
  R: 15.386783050532427
  effi: 0.07066316077586249
  power_max: 29.73444258585362
