AC:
  C: 0.28706118282372933
  H_max: 22.588064725709703
  H_min: 17.280659328299773
  R: 12.251875885518482
  effi: 0.08638139901252294
  power_max: 27.026865953455257
