AC:
  C: 0.2492411519832111
  H_max: 21.600201008336672
  H_min: 19.600982205601007
  R: 12.545782712465227
  effi: 0.08128580729993475
  power_max: 21.969826635414794
