AC:
  C: 0.23900843231840319
  H_max: 20.49334430721924
  H_min: 14.430231912617163
  R: 15.931105129423237
  effi: 0.08674828086113932
  power_max: 24.206399788999903
