AC:
  C: 0.2825040268872152
  H_max: 23.131380154164635
  H_min: 18.89138805659274
  R: 10.494667868531735
  effi: 0.08616995059139733
  power_max: 25.787259585315454
