AC:
  C: 0.26121214143498483
  H_max: 22.20302675022288
  H_min: 18.72461378507447
  R: 14.540771795714353
  effi: 0.08079275525086957
  power_max: 25.384145083234078
