AC:
  C: 0.27862483098841845
  H_max: 21.99814999398993
  H_min: 14.53723754501058
  R: 13.938471450033227
  effi: 0.08420818360386281
  power_max: 28.01270746703154
