AC:
  C: 0.27812762587294115
  H_max: 19.9501703942672
  H_min: 18.610487688458814
  R: 14.530452902102876
  effi: 0.07163159453812039
  power_max: 26.660791317246815
