AC:
  C: 0.30807472281519
  H_max: 23.475073473606404
  H_min: 14.536229498097478
  R: 12.459816248100328
  effi: 0.07087316854412953
  power_max: 28.70587667581879
