AC:
  C: 0.2660918046473046
  H_max: 24.793371747774106
  H_min: 17.248009283590577
  R: 13.085953048942443
  effi: 0.0741432201749961
  power_max: 25.99374639452436
