AC:
  C: 0.2726389934099293
  H_max: 19.926626798390114
  H_min: 16.33472656546415
  R: 12.668940198889294
  effi: 0.09080639645643662
  power_max: 28.141485998314433
