AC:
  C: 0.28221257438012504
  H_max: 22.68036886338114
  H_min: 17.26963643382132
  R: 14.21660805878126
  effi: 0.08899787120375192
  power_max: 26.179404883312877
