AC:
  C: 0.2593857712853228
  H_max: 19.300919309924524
  H_min: 14.09646371834345
  R: 13.59133915943829
  effi: 0.0872412409739197
  power_max: 29.544493228717574
