AC:
  C: 0.2403759258377373
  H_max: 20.246134420378155
  H_min: 14.69237656431354
  R: 13.86166186982615
  effi: 0.08691036755710714
  power_max: 24.252978679725715
