AC:
  C: 0.25051362500562663
  H_max: 19.502679873542956
  H_min: 19.37132039389155
  R: 12.680469619208653
  effi: 0.07705075864714182
  power_max: 28.499898460031673
