AC:
  C: 0.24475157698493974
  H_max: 23.118229413537367
  H_min: 17.115671984924187
  R: 13.715512821785845
  effi: 0.08272856028610974
  power_max: 24.31466066001084
