AC:
  C: 0.26449632178563215
  H_max: 21.744310344127502
  H_min: 19.394152857368226
  R: 14.611370022029607
  effi: 0.09382953523511359
  power_max: 27.437329650708755
