AC:
  C: 0.2520185764107035
  H_max: 22.17619315601487
  H_min: 16.57541251377429
  R: 11.140074782093759
  effi: 0.10436032214105784
  power_max: 22.122141539246705
