AC:
  C: 0.25237125315723496
  H_max: 20.222711769413685
  H_min: 17.171317363710127
  R: 14.077930398428212
  effi: 0.08988010895101461
  power_max: 22.65468941627723
