AC:
  C: 0.2944263402970668
  H_max: 26.57073693880559
  H_min: 17.64204835221437
  R: 13.440756104526104
  effi: 0.08360614046538943
  power_max: 26.42260870985087
