AC:
  C: 0.2522263020305643
  H_max: 23.342275409600038
  H_min: 15.837781070094795
  R: 15.651898369886894
  effi: 0.09143956594204627
  power_max: 32.203143931559346
