AC:
  C: 0.24792723766546346
  H_max: 20.670405807667702
  H_min: 18.77368298261201
  R: 15.388914037708597
  effi: 0.08191127409913221
  power_max: 24.4463266845858
