AC:
  C: 0.23230866884953127
  H_max: 21.39212695272592
  H_min: 18.084147866655083
  R: 13.879623716214478
  effi: 0.08577446005312922
  power_max: 28.61562543488757
