AC:
  C: 0.23750666512649354
  H_max: 23.06523070479185
  H_min: 16.372568321768785
  R: 11.66755254820184
  effi: 0.0774182426937578
  power_max: 28.934398266092394
