AC:
  C: 0.2318317856245001
  H_max: 21.85917655014155
  H_min: 17.926873696671286
  R: 14.219575571846889
  effi: 0.08597381898032662
  power_max: 26.75907155336788
