AC:
  C: 0.2603178878200313
  H_max: 19.0220093466629
  H_min: 16.76053343912964
  R: 14.091438519621468
  effi: 0.07292402772947504
  power_max: 19.916287401592136
