AC:
  C: 0.25782437927993407
  H_max: 18.229790169668128
  H_min: 17.925279585330475
  R: 13.508610765587163
  effi: 0.0778602488108173
  power_max: 26.6427748799846
