AC:
  C: 0.27226800980745575
  H_max: 25.119911657908904
  H_min: 17.488637116602256
  R: 11.484190748497412
  effi: 0.10167280311904951
  power_max: 25.66439869495858
