AC:
  C: 0.24841242715702508
  H_max: 22.53739938779559
  H_min: 18.071497825492692
  R: 13.694705596272104
  effi: 0.0862457856903622
  power_max: 30.13185131432237
