AC:
  C: 0.28445434924831275
  H_max: 21.770755137435145
  H_min: 15.813645002731702
  R: 12.334936708869527
  effi: 0.08640946821798977
  power_max: 32.12798083274516
