AC:
  C: 0.23754714232302132
  H_max: 20.1037987953939
  H_min: 19.262268082494028
  R: 13.593300441884447
  effi: 0.08628710033288564
  power_max: 22.377590206206147
