AC:
  C: 0.21463950728171333
  H_max: 19.65789470799634
  H_min: 16.52985393418388
  R: 14.172451495749744
  effi: 0.08599665972442438
  power_max: 29.628243105940044
