AC:
  C: 0.28273849274145685
  H_max: 22.394470871662413
  H_min: 17.7479081398821
  R: 12.148666153682157
  effi: 0.08146460505924139
  power_max: 25.75987818368597
