AC:
  C: 0.22524052209844456
  H_max: 17.87818213054644
  H_min: 15.862090429027305
  R: 14.189655178467058
  effi: 0.07068543435109809
  power_max: 26.511591478279477
