AC:
  C: 0.21411368000623499
  H_max: 24.553862173495116
  H_min: 16.965031955680132
  R: 13.666461504353828
  effi: 0.0813492426747052
  power_max: 25.96416110122971
