AC:
  C: 0.24330219313562607
  H_max: 20.58857910706272
  H_min: 14.421884085326669
  R: 14.65900083718513
  effi: 0.0784054231112663
  power_max: 26.124950226703646
