AC:
  C: 0.2980438584992609
  H_max: 22.16636260722956
  H_min: 17.653319141311496
  R: 13.164410575146809
  effi: 0.07847287037605666
  power_max: 30.672395094188165
