AC:
  C: 0.2692607584672357
  H_max: 20.25184523362157
  H_min: 16.593432447766713
  R: 15.08191484165705
  effi: 0.09094043028291555
  power_max: 27.861127442750654
