AC:
  C: 0.297308811050752
  H_max: 21.111099080856857
  H_min: 15.244718244888935
  R: 12.751277342061593
  effi: 0.08678316671374892
  power_max: 28.55453604163837
