AC:
  C: 0.23187234208997845
  H_max: 20.750148934359867
  H_min: 18.445775841734818
  R: 13.558101504813752
  effi: 0.0847014175290748
  power_max: 30.129411556754008
