AC:
  C: 0.2819805583697389
  H_max: 23.145196804183296
  H_min: 17.517775911227478
  R: 15.775664889714928
  effi: 0.06826483244717138
  power_max: 27.053095012967457
