AC:
  C: 0.26328432897380155
  H_max: 17.988495804651134
  H_min: 16.585172378279662
  R: 12.971319072946432
  effi: 0.07609269879612297
  power_max: 26.39440357587346
