AC:
  C: 0.21519058753020295
  H_max: 20.727008138578345
  H_min: 16.07600366236219
  R: 13.45838471049013
  effi: 0.08758317432958615
  power_max: 29.902320849447122
