AC:
  C: 0.23349000764537609
  H_max: 23.07201095569747
  H_min: 16.289869688406046
  R: 15.717232704545868
  effi: 0.09176572430657176
  power_max: 27.41463821867629
