AC:
  C: 0.2602552335119605
  H_max: 21.942397733652175
  H_min: 16.528727684913285
  R: 12.972972697832278
  effi: 0.07890974725909947
  power_max: 28.936127348212636
