AC:
  C: 0.28251327149243033
  H_max: 25.857058003717114
  H_min: 16.50231423102843
  R: 14.706894154639597
  effi: 0.08484203344795413
  power_max: 24.804519594323846
