AC:
  C: 0.2557653428331073
  H_max: 22.559157399369305
  H_min: 18.732507110113477
  R: 15.715893867790811
  effi: 0.07088801250807669
  power_max: 26.934535834573403
