AC:
  C: 0.23095303824904861
  H_max: 19.187761892300284
  H_min: 15.87183815605681
  R: 12.6988356316141
  effi: 0.09565421032815986
  power_max: 26.832179025548953
