AC:
  C: 0.259210132323833
  H_max: 22.0025735460815
  H_min: 15.871642733747805
  R: 14.33073805600317
  effi: 0.08158546964344186
  power_max: 31.52479747111142
