AC:
  C: 0.267571501006071
  H_max: 25.5782876294629
  H_min: 17.84584432336805
  R: 15.285747483960947
  effi: 0.08574851421301379
  power_max: 31.296856206347062
