AC:
  C: 0.23281201332611015
  H_max: 19.61317868495537
  H_min: 16.79810971724595
  R: 15.00671417695539
  effi: 0.08250409072860378
  power_max: 22.531376730502817
