AC:
  C: 0.257608747486788
  H_max: 19.852948476651168
  H_min: 19.18906323929361
  R: 13.35296320858251
  effi: 0.07784288219388064
  power_max: 28.305357697057417
