AC:
  C: 0.30287125168390233
  H_max: 24.5712853822632
  H_min: 16.59464856435743
  R: 12.81555261167601
  effi: 0.09210600583845113
  power_max: 26.45235432452369
