AC:
  C: 0.25815720984354157
  H_max: 15.979234221588468
  H_min: 18.029507607318422
  R: 12.594184393418354
  effi: 0.08531644553663811
  power_max: 27.18694372885012
