AC:
  C: 0.2607516046816671
  H_max: 22.44140090976374
  H_min: 16.10810354590768
  R: 13.724826511919076
  effi: 0.09783442902094294
  power_max: 29.6148376240183
