AC:
  C: 0.27666605293096513
  H_max: 19.627308141080846
  H_min: 18.108707324166577
  R: 14.078173370483556
  effi: 0.08771498784762036
  power_max: 27.861285431514276
