AC:
  C: 0.2678976642517753
  H_max: 22.08093302733556
  H_min: 15.66064701277085
  R: 13.045924839880934
  effi: 0.08657891698689286
  power_max: 27.424158088177034
