AC:
  C: 0.28898787812683313
  H_max: 21.103102345080302
  H_min: 17.500031527774507
  R: 14.265940548239511
  effi: 0.08603927295416183
  power_max: 25.518293799235206
