AC:
  C: 0.25337691282760083
  H_max: 23.038007240458096
  H_min: 16.48704719224489
  R: 13.135832246729237
  effi: 0.08809480880068418
  power_max: 28.306483193405047
