AC:
  C: 0.2725259732339628
  H_max: 18.929343554340708
  H_min: 15.009298909574452
  R: 13.384912841654884
  effi: 0.07822137768964223
  power_max: 24.272803760773094
