AC:
  C: 0.1927737137725189
  H_max: 23.6150601527419
  H_min: 16.862039800456397
  R: 15.58662378307774
  effi: 0.08774360991642893
  power_max: 29.94371683878083
