AC:
  C: 0.22254529938713538
  H_max: 23.560356514358872
  H_min: 15.728817886524528
  R: 14.00287020733163
  effi: 0.0897289629631304
  power_max: 29.55574027837466
