AC:
  C: 0.25939637280935085
  H_max: 21.256050275527734
  H_min: 15.125291261433153
  R: 12.14108143765006
  effi: 0.09288544892797157
  power_max: 29.24497276602388
