AC:
  C: 0.21094457316711032
  H_max: 26.515635806558482
  H_min: 18.38158945699268
  R: 13.821854313022682
  effi: 0.07633542981445225
  power_max: 28.493938954950963
