AC:
  C: 0.28681827252888664
  H_max: 20.903868369515735
  H_min: 17.07365071585975
  R: 14.478068978953596
  effi: 0.08463886546128543
  power_max: 25.093449140656016
