AC:
  C: 0.2497940536290048
  H_max: 21.145302007818202
  H_min: 14.294422158535145
  R: 13.748598880957415
  effi: 0.08544688243030754
  power_max: 32.44927419849167
