AC:
  C: 0.2789361603838962
  H_max: 18.212953321269158
  H_min: 16.392587125282862
  R: 15.018676029083025
  effi: 0.08862815931917499
  power_max: 29.645345227047393
