AC:
  C: 0.22627876770280403
  H_max: 21.437387545221632
  H_min: 13.009709238257063
  R: 13.335099459536545
  effi: 0.08333072238686548
  power_max: 26.025921989262557
