AC:
  C: 0.3060316714236279
  H_max: 22.19816749753214
  H_min: 15.880314114885431
  R: 11.968645967713009
  effi: 0.08629462861367668
  power_max: 25.64622662630347
