AC:
  C: 0.29556987301011894
  H_max: 16.393101659038507
  H_min: 17.25753226279059
  R: 13.642625736496678
  effi: 0.09173722814627729
  power_max: 24.9354861489174
