AC:
  C: 0.24045235649263585
  H_max: 19.989005138361573
  H_min: 15.89573761583816
  R: 15.476589914630557
  effi: 0.07545533865921479
  power_max: 27.193043462560738
