AC:
  C: 0.21944400270359288
  H_max: 22.32785913661209
  H_min: 18.88342417772019
  R: 12.86039796384846
  effi: 0.07799993207858091
  power_max: 25.095273158963504
