AC:
  C: 0.26398502842436516
  H_max: 21.216936981938115
  H_min: 16.30669361571029
  R: 12.228909143774855
  effi: 0.09437619298626916
  power_max: 27.02342339130752
