AC:
  C: 0.2597830598585565
  H_max: 20.457242543954294
  H_min: 14.253070432263312
  R: 13.707142765123503
  effi: 0.08766600270883279
  power_max: 26.69636989615309
