AC:
  C: 0.23887701823204918
  H_max: 21.88637969883779
  H_min: 17.519574252834786
  R: 12.747855780059925
  effi: 0.08507247002722716
  power_max: 19.5465587812726
