AC:
  C: 0.23979532711019777
  H_max: 19.290250431918516
  H_min: 15.783918564104242
  R: 15.646480367314862
  effi: 0.09606516827694231
  power_max: 28.725137482788607
