AC:
  C: 0.27148980168101206
  H_max: 21.247349023936685
  H_min: 19.028474246977247
  R: 15.194949126630203
  effi: 0.07490310042072579
  power_max: 28.502783344208023
