AC:
  C: 0.24567553687298516
  H_max: 22.22036423818397
  H_min: 14.362505255753282
  R: 12.007821577546876
  effi: 0.09146499511478552
  power_max: 24.72459514042588
