AC:
  C: 0.25987490092633775
  H_max: 20.987149148147562
  H_min: 15.92031545886559
  R: 13.108919278537698
  effi: 0.06832202896324319
  power_max: 29.381283553129556
