AC:
  C: 0.28926963846499765
  H_max: 22.354770937571722
  H_min: 18.26834812096029
  R: 14.203596619630531
  effi: 0.0731113461522364
  power_max: 27.412936418237795
