AC:
  C: 0.2531627447259864
  H_max: 23.611649828789407
  H_min: 16.693358029275906
  R: 15.631228298439893
  effi: 0.08056806639648946
  power_max: 28.24817928850045
