AC:
  C: 0.2595229688344239
  H_max: 26.03011279986652
  H_min: 17.657085835813387
  R: 13.140812828005306
  effi: 0.07653980689461158
  power_max: 24.265378293396857
