AC:
  C: 0.231983305148908
  H_max: 22.570685138813445
  H_min: 16.83675198660543
  R: 13.369198335342277
  effi: 0.08972691415691295
  power_max: 22.848534417959826
