AC:
  C: 0.26108504034938096
  H_max: 20.05912546260857
  H_min: 16.12513058295336
  R: 14.284589895185018
  effi: 0.08759421640473992
  power_max: 27.97451539960813
