AC:
  C: 0.25384510198535315
  H_max: 21.498671272096004
  H_min: 15.92823534319861
  R: 14.03857526589907
  effi: 0.07729516887454836
  power_max: 28.915277622806393
