AC:
  C: 0.27382153037699836
  H_max: 22.606835233931502
  H_min: 16.807675629185592
  R: 14.316026260771212
  effi: 0.0810441743000382
  power_max: 34.74972049208066
