AC:
  C: 0.24350621522396348
  H_max: 20.124038858811183
  H_min: 17.401628410212442
  R: 13.146252748643368
  effi: 0.09190709173854492
  power_max: 26.750965404861734
