AC:
  C: 0.27056753694176555
  H_max: 23.31188294610273
  H_min: 19.396480498912805
  R: 13.618824457203363
  effi: 0.07901176812606124
  power_max: 24.288761517410574
