AC:
  C: 0.24371465937254136
  H_max: 20.31417712294596
  H_min: 16.6764524253855
  R: 13.99685761181769
  effi: 0.09665853270740468
  power_max: 27.766809468202975
