AC:
  C: 0.24882852641963013
  H_max: 25.879030478117638
  H_min: 14.952998178345242
  R: 14.708294445818323
  effi: 0.07746310124332229
  power_max: 28.28448932806361
