AC:
  C: 0.25721887135742916
  H_max: 22.443731189464213
  H_min: 16.90546961570976
  R: 12.90556847955377
  effi: 0.0838508016210052
  power_max: 25.954351089725993
