AC:
  C: 0.27419212356655326
  H_max: 18.51880905551949
  H_min: 19.773344144238965
  R: 13.790764587662817
  effi: 0.09423324287998434
  power_max: 30.327688815604485
