AC:
  C: 0.3081446921898903
  H_max: 22.807630408450553
  H_min: 18.101826094836042
  R: 16.67830784438197
  effi: 0.08569237119381667
  power_max: 25.803776421065066
