AC:
  C: 0.3230588508241467
  H_max: 26.164808784365256
  H_min: 16.125200983910403
  R: 14.010333200452045
  effi: 0.06555748412581706
  power_max: 28.62885336467626
