AC:
  C: 0.2713472667634688
  H_max: 20.294562082404713
  H_min: 16.467221759894674
  R: 15.369518004686203
  effi: 0.08598517235795897
  power_max: 30.667920364517162
