AC:
  C: 0.2029491811996088
  H_max: 22.671180258724792
  H_min: 19.74970613564764
  R: 11.625425750867361
  effi: 0.09507500801875368
  power_max: 31.06111688951034
