AC:
  C: 0.29878439894853415
  H_max: 28.969905511497096
  H_min: 15.402802703637912
  R: 10.96501046671727
  effi: 0.08641562189334409
  power_max: 27.80507648443335
