AC:
  C: 0.2685745430058886
  H_max: 20.878797770848887
  H_min: 14.058455717999587
  R: 13.083864747756202
  effi: 0.07486001834952843
  power_max: 27.40109311602761
