AC:
  C: 0.2917791805046059
  H_max: 22.015640648332944
  H_min: 16.60847136489197
  R: 16.46789657486249
  effi: 0.09091952807486613
  power_max: 27.137521803239284
