AC:
  C: 0.27886040188376643
  H_max: 22.37154328706161
  H_min: 14.762973920142532
  R: 14.870471159127398
  effi: 0.08828456237096613
  power_max: 27.772784880482533
