AC:
  C: 0.1943481036028648
  H_max: 18.86734206412642
  H_min: 18.945229896957454
  R: 13.965416581927132
  effi: 0.07884758440522292
  power_max: 26.66232019551338
