AC:
  C: 0.1847223399917052
  H_max: 23.223869921072957
  H_min: 13.093121494349932
  R: 12.403304006925575
  effi: 0.08561994520541938
  power_max: 31.923991480903023
