AC:
  C: 0.2633642869500147
  H_max: 22.314073918264118
  H_min: 15.685107990454272
  R: 14.53215315899624
  effi: 0.08617405476460825
  power_max: 25.610053339278554
