AC:
  C: 0.22872903879210127
  H_max: 19.87097013553113
  H_min: 18.419083420928075
  R: 13.41428571736449
  effi: 0.08205784889252034
  power_max: 25.94970169323214
