AC:
  C: 0.3136672391538619
  H_max: 25.85041530900439
  H_min: 16.498249418378617
  R: 13.385828269691466
  effi: 0.08941454730238631
  power_max: 27.305692599190667
