AC:
  C: 0.28471247377696984
  H_max: 24.72486245866225
  H_min: 18.279415357328517
  R: 13.57143654865553
  effi: 0.0884001882818754
  power_max: 26.13627163456196
