AC:
  C: 0.2733059749167939
  H_max: 17.963402776936707
  H_min: 16.01183804500185
  R: 14.196974986060884
  effi: 0.08269089039963351
  power_max: 29.59663278778566
