AC:
  C: 0.22459200958616277
  H_max: 19.627507151938865
  H_min: 14.049469657143321
  R: 11.95222612079907
  effi: 0.08206787253889002
  power_max: 25.91609733101579
