AC:
  C: 0.2753617876319052
  H_max: 22.81431556404507
  H_min: 17.530523741505764
  R: 12.871037087083659
  effi: 0.08329628408938775
  power_max: 24.066675228772116
