AC:
  C: 0.2666409533996046
  H_max: 22.551277903409467
  H_min: 15.942818132887648
  R: 14.248999963943893
  effi: 0.08525335304490876
  power_max: 26.55374817968579
