AC:
  C: 0.2666498054373844
  H_max: 21.964986975530344
  H_min: 17.112248016084855
  R: 14.456358268487971
  effi: 0.0810560654495121
  power_max: 28.14908753695485
