AC:
  C: 0.2558191067651673
  H_max: 21.606430954208253
  H_min: 20.80628226625836
  R: 11.685826758017809
  effi: 0.08196819242681885
  power_max: 28.246530292752883
