AC:
  C: 0.3062566995008594
  H_max: 20.722437262092015
  H_min: 14.347987085837941
  R: 11.758795516267941
  effi: 0.08627355990039182
  power_max: 27.450511373790377
