AC:
  C: 0.2547041889515737
  H_max: 24.923138417733266
  H_min: 14.612756862162763
  R: 12.42257120207141
  effi: 0.09307335132349091
  power_max: 24.474241961439986
