AC:
  C: 0.20059170038962648
  H_max: 18.923739319740417
  H_min: 17.097049173690863
  R: 11.841292753687844
  effi: 0.09149002307833812
  power_max: 26.252943391376796
