AC:
  C: 0.24525261077456853
  H_max: 24.17995705093871
  H_min: 14.42355653595267
  R: 14.474503399171383
  effi: 0.09314288069880149
  power_max: 27.230711011538716
