AC:
  C: 0.23382810578211907
  H_max: 20.10561491772859
  H_min: 15.371796702588624
  R: 16.08856648262549
  effi: 0.08235969864880364
  power_max: 22.839205597069597
