AC:
  C: 0.27147291302820986
  H_max: 18.343690863893208
  H_min: 18.016798234311143
  R: 11.46107916143445
  effi: 0.07763919910174746
  power_max: 27.758778956469207
