AC:
  C: 0.2827798122948687
  H_max: 26.463081719772674
  H_min: 18.680390583969128
  R: 16.855429658349333
  effi: 0.08901316538476435
  power_max: 25.778994513087266
