AC:
  C: 0.269246841675597
  H_max: 22.050485555468647
  H_min: 14.901505362536506
  R: 13.79891546551825
  effi: 0.08067623072092782
  power_max: 22.03598297348909
