AC:
  C: 0.28372818034162495
  H_max: 22.310612891563466
  H_min: 16.65511569946422
  R: 11.369869916852075
  effi: 0.08156765107812987
  power_max: 21.82658099788048
