AC:
  C: 0.22490640103516266
  H_max: 20.371948424446234
  H_min: 17.811284578805697
  R: 13.383394543330347
  effi: 0.09361669128817857
  power_max: 27.599057968634092
