AC:
  C: 0.22158411179217585
  H_max: 22.356463666831615
  H_min: 17.0035712905877
  R: 15.377300224081571
  effi: 0.07493530821374668
  power_max: 29.824072593280974
