AC:
  C: 0.2318195467386788
  H_max: 27.09019708406995
  H_min: 17.8474729078181
  R: 13.576513044057428
  effi: 0.07207943893783952
  power_max: 28.22956885093078
