AC:
  C: 0.2780886570551152
  H_max: 21.986677994119816
  H_min: 20.229272293926766
  R: 12.159881622815435
  effi: 0.08682719222912329
  power_max: 30.000074138662594
