AC:
  C: 0.24723725968628732
  H_max: 26.14818537534611
  H_min: 16.460996042672928
  R: 13.398868532834655
  effi: 0.06737862348772353
  power_max: 26.178218620471494
