AC:
  C: 0.2710880030642313
  H_max: 21.20988054192005
  H_min: 15.180817363999145
  R: 14.013863925278494
  effi: 0.0827185569505144
  power_max: 30.68908071656575
