AC:
  C: 0.2275590176834794
  H_max: 17.98493641775534
  H_min: 13.817263901488182
  R: 12.206020725323038
  effi: 0.06605446786414858
  power_max: 24.018262354241255
