AC:
  C: 0.29480560119235083
  H_max: 20.879569686591765
  H_min: 13.877056976485472
  R: 13.922814904677296
  effi: 0.08833396586685523
  power_max: 27.555113916564654
