AC:
  C: 0.26948219567949455
  H_max: 21.229389371707267
  H_min: 17.103542642274462
  R: 11.871194379488976
  effi: 0.09033517772519978
  power_max: 23.774342467192557
