AC:
  C: 0.2830014148040649
  H_max: 21.903605655847592
  H_min: 14.87645992164058
  R: 12.459398366376668
  effi: 0.08280785231799419
  power_max: 29.90602581344524
