AC:
  C: 0.25916669003663334
  H_max: 19.289721194488255
  H_min: 18.89007771907313
  R: 13.73127090512601
  effi: 0.07466075407565839
  power_max: 29.349795260723567
