AC:
  C: 0.21545701316824595
  H_max: 23.63815875122336
  H_min: 17.652367034135132
  R: 13.675543381599958
  effi: 0.08682780624031716
  power_max: 28.719856955736738
