AC:
  C: 0.23807467463406198
  H_max: 24.00810988268577
  H_min: 20.15466418008917
  R: 15.925651829363977
  effi: 0.08552542426408201
  power_max: 23.901970188478156
