AC:
  C: 0.2933593083320256
  H_max: 20.55084080504011
  H_min: 14.826841492395307
  R: 12.703328503776143
  effi: 0.07894286000863655
  power_max: 25.89105385543703
