AC:
  C: 0.24375855747148573
  H_max: 15.297393232121907
  H_min: 17.6301031920746
  R: 12.688640070669326
  effi: 0.07304681263347335
  power_max: 27.304560668452506
