AC:
  C: 0.2582649537852357
  H_max: 23.23737382833329
  H_min: 17.44032296998408
  R: 12.889963382280142
  effi: 0.08071641132414561
  power_max: 24.278109451565378
