AC:
  C: 0.24934478438585353
  H_max: 21.362944324202697
  H_min: 15.39515539073176
  R: 15.569266374406984
  effi: 0.07641644330554315
  power_max: 24.267274177721944
