AC:
  C: 0.2588001580182813
  H_max: 22.91942153368711
  H_min: 16.889223113763386
  R: 13.241417149239364
  effi: 0.08096512656767087
  power_max: 29.795768726826118
