AC:
  C: 0.214852017937943
  H_max: 19.63437571051019
  H_min: 15.99152526789633
  R: 12.134155084624998
  effi: 0.0923710072532468
  power_max: 26.707659924981193
