AC:
  C: 0.23091699970555804
  H_max: 22.998580696379396
  H_min: 18.396439932086924
  R: 12.546909167773142
  effi: 0.08342396636293266
  power_max: 24.565620111831652
