AC:
  C: 0.2538717581768787
  H_max: 21.112507127658404
  H_min: 13.418975170745709
  R: 14.01605544169355
  effi: 0.07756550668947507
  power_max: 29.00780311073586
