AC:
  C: 0.29077196968468766
  H_max: 25.50861859614001
  H_min: 19.085651061508756
  R: 14.47290961904078
  effi: 0.08833874798467863
  power_max: 26.638842743729203
