AC:
  C: 0.245100220467603
  H_max: 22.799873410340897
  H_min: 17.497500646625287
  R: 11.93734056748945
  effi: 0.07655571017965726
  power_max: 26.461781683398883
