AC:
  C: 0.23966558120769746
  H_max: 19.572417687422636
  H_min: 17.297060261629255
  R: 11.946315583776627
  effi: 0.08110440939211824
  power_max: 24.689423853403817
