AC:
  C: 0.2653338330216616
  H_max: 22.513069485913128
  H_min: 18.93670487504066
  R: 14.86344826965264
  effi: 0.08549490408454012
  power_max: 24.435669328851645
