AC:
  C: 0.20726241119652783
  H_max: 17.97346747507622
  H_min: 14.944038777808514
  R: 11.783062424068412
  effi: 0.08776657785698311
  power_max: 28.882581664386585
