AC:
  C: 0.3415236010673122
  H_max: 22.484162344479056
  H_min: 18.93628413588312
  R: 11.624839711786638
  effi: 0.08909728391153679
  power_max: 27.714203290499416
