AC:
  C: 0.27240352739316015
  H_max: 23.859533922847003
  H_min: 15.02012627569032
  R: 14.525190125870873
  effi: 0.0987393523257039
  power_max: 23.965128974632396
