AC:
  C: 0.2369603917394149
  H_max: 22.16948470658245
  H_min: 15.086270345746748
  R: 15.79274815840045
  effi: 0.07783244339721782
  power_max: 27.453658478386973
