AC:
  C: 0.26172933756929934
  H_max: 24.51778522000157
  H_min: 21.12122769988297
  R: 15.354945240841017
  effi: 0.09235607280738907
  power_max: 26.432483995106967
