AC:
  C: 0.24029304405629887
  H_max: 22.337562878235744
  H_min: 20.781011714474573
  R: 11.854593924554761
  effi: 0.08338775523395897
  power_max: 30.364512845869996
