AC:
  C: 0.24778930921204084
  H_max: 19.416338355943736
  H_min: 17.57581653445008
  R: 14.540706621081117
  effi: 0.07641681384835634
  power_max: 26.18836422988137
