AC:
  C: 0.2792932133870912
  H_max: 19.92572928453568
  H_min: 11.582523070817945
  R: 15.722489531400354
  effi: 0.08787778147874122
  power_max: 26.703085831921538
