AC:
  C: 0.23538971088650265
  H_max: 21.066087850674407
  H_min: 17.476258541706954
  R: 14.638056977855939
  effi: 0.09273518182057586
  power_max: 30.463125799984283
