AC:
  C: 0.2142567678667631
  H_max: 25.011819256357075
  H_min: 18.932163534846154
  R: 14.612413927349383
  effi: 0.09606082190333574
  power_max: 27.337205149921953
