AC:
  C: 0.24292950227373503
  H_max: 20.430394371063393
  H_min: 14.317143622149354
  R: 15.76251388941561
  effi: 0.08250394929144475
  power_max: 27.5474502230416
