AC:
  C: 0.26037628301305304
  H_max: 20.24086267780019
  H_min: 14.4911485666498
  R: 14.350229246062403
  effi: 0.11612738635601179
  power_max: 22.88713032008032
