AC:
  C: 0.23649582781851544
  H_max: 21.025504977035908
  H_min: 20.021389585850265
  R: 13.098603192383914
  effi: 0.08692416502400549
  power_max: 33.318933622643094
