AC:
  C: 0.28501481074341045
  H_max: 21.657854540716627
  H_min: 17.554640904897248
  R: 12.485388764978342
  effi: 0.09166113657642011
  power_max: 28.06637794088099
