AC:
  C: 0.252876624980219
  H_max: 20.05502228496638
  H_min: 16.47093773833092
  R: 12.47517484794461
  effi: 0.10728026849516083
  power_max: 29.837116239250392
