AC:
  C: 0.25884680598069315
  H_max: 20.3987754455536
  H_min: 17.321907523498613
  R: 12.832062383703436
  effi: 0.07918129215847705
  power_max: 26.260169201671086
