AC:
  C: 0.26809387787934574
  H_max: 23.929520331202763
  H_min: 18.561101671948798
  R: 13.436472687288816
  effi: 0.10127663910707886
  power_max: 26.429750701334463
