AC:
  C: 0.26584954666328436
  H_max: 19.84062701464713
  H_min: 16.98433139391207
  R: 13.389238253188104
  effi: 0.06986925265271962
  power_max: 27.740866445118076
