AC:
  C: 0.2301589658104687
  H_max: 25.586758734700222
  H_min: 17.193337350145857
  R: 12.18846586757772
  effi: 0.09042850362475634
  power_max: 28.618296076277602
