AC:
  C: 0.2572337670509055
  H_max: 20.048884144836975
  H_min: 18.018274932705317
  R: 14.529336679231964
  effi: 0.07097485083153433
  power_max: 27.852913522413257
