AC:
  C: 0.27230208015247553
  H_max: 21.40357453741655
  H_min: 15.380469895265296
  R: 11.805582509307746
  effi: 0.08735947245530759
  power_max: 27.89820084324532
