AC:
  C: 0.283595867696304
  H_max: 24.002179285008037
  H_min: 18.433536799606895
  R: 12.31310143074576
  effi: 0.07706463274608313
  power_max: 25.61021770841486
