AC:
  C: 0.29122963511955524
  H_max: 23.673163583378987
  H_min: 19.30046721483411
  R: 14.51087349673956
  effi: 0.09095173184499505
  power_max: 23.109230223131497
