AC:
  C: 0.26612099491279056
  H_max: 17.842520057738135
  H_min: 16.470535106826762
  R: 13.405154605355326
  effi: 0.06473809697296264
  power_max: 26.929946932984787
