AC:
  C: 0.24726645118687401
  H_max: 20.74942570115041
  H_min: 17.6869177475299
  R: 12.060939780060796
  effi: 0.07959154580624254
  power_max: 26.96177768206035
