AC:
  C: 0.25727304691679076
  H_max: 23.27119508799103
  H_min: 16.809343051694288
  R: 14.083366083074464
  effi: 0.08023982625962113
  power_max: 29.77546787635284
