AC:
  C: 0.268969304120217
  H_max: 21.02029231754978
  H_min: 18.77005113546471
  R: 13.759901182114747
  effi: 0.07585218638022118
  power_max: 26.239952004882575
