AC:
  C: 0.2874585310311022
  H_max: 19.91072773159455
  H_min: 17.780913336650745
  R: 11.368462123321596
  effi: 0.0795440714556715
  power_max: 29.746242846640406
