AC:
  C: 0.28570011073740753
  H_max: 23.31297320067797
  H_min: 18.43037232310444
  R: 15.782963128601894
  effi: 0.07651903573536188
  power_max: 28.294140495018308
