AC:
  C: 0.2713968331975215
  H_max: 19.832116118231713
  H_min: 15.611956487490815
  R: 13.622540409575713
  effi: 0.08932252918370967
  power_max: 27.33222250455873
