AC:
  C: 0.2758065603281553
  H_max: 22.368314962728046
  H_min: 18.54903485980661
  R: 13.404333496972287
  effi: 0.08844924255471208
  power_max: 33.32658152597656
