AC:
  C: 0.27071301617634586
  H_max: 22.07069004822406
  H_min: 17.068562785591997
  R: 14.077533023811746
  effi: 0.09395166783889793
  power_max: 23.338088683801782
