AC:
  C: 0.2969334558615349
  H_max: 19.9506437380995
  H_min: 14.340079160683558
  R: 12.19660298075949
  effi: 0.0801271438098283
  power_max: 29.247734563835323
