AC:
  C: 0.2525680300780438
  H_max: 22.768622857464702
  H_min: 16.26694711042643
  R: 13.525215595381418
  effi: 0.09428709296546425
  power_max: 26.984551366140984
