AC:
  C: 0.2450040868067674
  H_max: 20.89687103235016
  H_min: 13.798885798348541
  R: 14.010502211330119
  effi: 0.07091916552098852
  power_max: 28.58873904907346
