AC:
  C: 0.23525631655872417
  H_max: 20.733248110151077
  H_min: 12.314604413216026
  R: 12.258703762940897
  effi: 0.08031750435080048
  power_max: 29.51416108969971
