AC:
  C: 0.2812961781131154
  H_max: 23.184109973763174
  H_min: 18.32602287238118
  R: 13.179262684328625
  effi: 0.09039240613229452
  power_max: 22.68966026427834
