AC:
  C: 0.27465865217926716
  H_max: 23.866783808485618
  H_min: 16.644739206878658
  R: 14.011424619910803
  effi: 0.08655850450173475
  power_max: 24.80466136692263
