AC:
  C: 0.2073027868050986
  H_max: 20.856327476414112
  H_min: 15.566553483992244
  R: 13.226201356990018
  effi: 0.07928234698370634
  power_max: 28.65071125630099
