AC:
  C: 0.24944806999926164
  H_max: 21.369651342184934
  H_min: 18.88813756008718
  R: 14.979304598710085
  effi: 0.0814418939144661
  power_max: 26.2430700644888
