AC:
  C: 0.2823550328668873
  H_max: 19.326063303741442
  H_min: 18.068537909778815
  R: 16.715196612830848
  effi: 0.08878844859741879
  power_max: 28.28003356898717
