AC:
  C: 0.3040981318949562
  H_max: 20.941517421709392
  H_min: 16.69339234265652
  R: 10.553912552990221
  effi: 0.0890696453585186
  power_max: 27.487589242485623
