AC:
  C: 0.2550580520999339
  H_max: 18.25633557391522
  H_min: 20.082559337456097
  R: 14.686233107400998
  effi: 0.09357354502633644
  power_max: 25.424338222482923
