AC:
  C: 0.27196887396718944
  H_max: 22.06392173334038
  H_min: 14.26806857052122
  R: 14.360392159384379
  effi: 0.07790548410067508
  power_max: 29.63747609001106
