AC:
  C: 0.29920620519577334
  H_max: 20.65330919144577
  H_min: 20.40791361825232
  R: 12.885763304802515
  effi: 0.08652823546080513
  power_max: 29.59318678036348
