AC:
  C: 0.23162986471129943
  H_max: 22.54662251056064
  H_min: 18.6655946178944
  R: 16.05708276025701
  effi: 0.08333313426618837
  power_max: 27.91019790350631
