AC:
  C: 0.24447332064527977
  H_max: 21.08878994212337
  H_min: 15.155826193034946
  R: 11.466167142468834
  effi: 0.06597618845159875
  power_max: 29.888548457218896
