AC:
  C: 0.21144660618758834
  H_max: 23.395937732635304
  H_min: 17.93658342118146
  R: 13.771571795679822
  effi: 0.07328682186862472
  power_max: 26.400135602791092
