AC:
  C: 0.2761237574350817
  H_max: 22.660514289055136
  H_min: 17.880745601542003
  R: 15.55924371530862
  effi: 0.08590543725038303
  power_max: 30.8454978422072
