AC:
  C: 0.27801640847451053
  H_max: 18.144416068073106
  H_min: 15.255599546431121
  R: 13.496511445530777
  effi: 0.07417567165040573
  power_max: 25.76497345960348
