AC:
  C: 0.23020757422442967
  H_max: 20.456731744835775
  H_min: 16.662680574377973
  R: 13.830321929658238
  effi: 0.08048898318915282
  power_max: 25.80512252660242
