AC:
  C: 0.28562293873620714
  H_max: 20.368614787416746
  H_min: 15.472461834849433
  R: 14.83781849779531
  effi: 0.08786329716964977
  power_max: 24.447162544536255
