AC:
  C: 0.18819499066942794
  H_max: 21.355583422871106
  H_min: 15.642539595253599
  R: 13.617335931191889
  effi: 0.07075562156621883
  power_max: 23.71565283251848
