AC:
  C: 0.25499842113782184
  H_max: 21.451764247056747
  H_min: 18.25106380001806
  R: 16.0017792776496
  effi: 0.10185873210421545
  power_max: 27.201339249692158
