AC:
  C: 0.28195169628656513
  H_max: 17.6186627667815
  H_min: 16.20567576507349
  R: 13.876255241086378
  effi: 0.08530380371791865
  power_max: 25.341341113210508
