AC:
  C: 0.2761752857565406
  H_max: 25.67589770016464
  H_min: 16.488918360535433
  R: 13.219181296222377
  effi: 0.0795545143792764
  power_max: 27.799554909594864
