AC:
  C: 0.28511612382472856
  H_max: 19.249726036518673
  H_min: 18.049625681485814
  R: 14.970197096616873
  effi: 0.08121606052188605
  power_max: 26.274277711388287
