AC:
  C: 0.24454894394771853
  H_max: 22.88087133807504
  H_min: 14.933172060219398
  R: 15.07050986630126
  effi: 0.08496271475776006
  power_max: 23.95085151397575
