AC:
  C: 0.23461927318826778
  H_max: 21.832406075570592
  H_min: 17.014014860704734
  R: 13.862353022385422
  effi: 0.07658304445269197
  power_max: 24.811309349489104
