AC:
  C: 0.2609912947250982
  H_max: 18.872672861055904
  H_min: 16.342799761718908
  R: 13.688017413848701
  effi: 0.07710018357842162
  power_max: 22.13564158767236
