AC:
  C: 0.2976523675646612
  H_max: 20.86154014011945
  H_min: 16.995719053069696
  R: 13.912723426435223
  effi: 0.09906997585986789
  power_max: 25.498391741094352
