AC:
  C: 0.21312156450355865
  H_max: 24.240059443344467
  H_min: 16.109866608116825
  R: 11.658859237098955
  effi: 0.08934140223618496
  power_max: 31.696072887172686
