AC:
  C: 0.2874499731393434
  H_max: 20.234593936946645
  H_min: 15.261530171872268
  R: 12.711093688326688
  effi: 0.07042813181037426
  power_max: 30.989222853205934
