AC:
  C: 0.2682236492118968
  H_max: 16.993889850681846
  H_min: 12.61685276479431
  R: 15.741038207017743
  effi: 0.09930366719321418
  power_max: 28.201626815548867
