AC:
  C: 0.23707103701251328
  H_max: 22.450334709136076
  H_min: 16.224144007447766
  R: 13.682774277284445
  effi: 0.08279105404779713
  power_max: 28.141419910979625
