AC:
  C: 0.26086999609432704
  H_max: 23.510455415430084
  H_min: 15.098521158694856
  R: 14.680749805090205
  effi: 0.07966562557633283
  power_max: 26.85689432157488
