AC:
  C: 0.26981782755964473
  H_max: 20.477132139903528
  H_min: 18.717958260740463
  R: 10.867444273725797
  effi: 0.09239876241908344
  power_max: 28.00063617969638
