AC:
  C: 0.20895919434074084
  H_max: 22.765540676186408
  H_min: 16.36053840093314
  R: 14.867413838696086
  effi: 0.07914150965835903
  power_max: 31.71928470204045
