AC:
  C: 0.27943616670000304
  H_max: 20.199536567768263
  H_min: 15.699109194504612
  R: 14.32567426509927
  effi: 0.08329468647908708
  power_max: 22.572040812624657
