AC:
  C: 0.3096482491272829
  H_max: 24.228074149795017
  H_min: 17.324336548587763
  R: 14.069505817418172
  effi: 0.0804871077815479
  power_max: 24.52021810975269
