AC:
  C: 0.2778187119466423
  H_max: 20.231963748740554
  H_min: 14.376559620146528
  R: 11.229443144194814
  effi: 0.08666180721949152
  power_max: 30.291141260826375
