AC:
  C: 0.2590502469156403
  H_max: 18.344676547463862
  H_min: 15.893271687259945
  R: 13.279225343625422
  effi: 0.07373991959268271
  power_max: 33.26382577545042
