AC:
  C: 0.28404300381803727
  H_max: 19.42280053501646
  H_min: 20.010735573232026
  R: 14.674098902725742
  effi: 0.08659070415828213
  power_max: 30.256685825072488
