AC:
  C: 0.29936486793598005
  H_max: 24.53869881479582
  H_min: 16.465579646604088
  R: 12.269089694048683
  effi: 0.07841980799315065
  power_max: 23.994179466124024
