AC:
  C: 0.24333714403229134
  H_max: 21.805609733982955
  H_min: 18.623571768116513
  R: 14.285031591460706
  effi: 0.09243677449417945
  power_max: 26.334532732030418
