AC:
  C: 0.3177037042786196
  H_max: 22.008229199633572
  H_min: 18.37989955544833
  R: 15.165326919809687
  effi: 0.07308695531398864
  power_max: 23.61201661309865
