AC:
  C: 0.27713008778968834
  H_max: 21.99828329822656
  H_min: 20.241784256554396
  R: 13.239207820872195
  effi: 0.09203223754094356
  power_max: 26.170033955106746
