AC:
  C: 0.2562099579752866
  H_max: 24.834343030285464
  H_min: 20.355890153586156
  R: 15.041458028882
  effi: 0.07661896721942649
  power_max: 28.93905318510219
