AC:
  C: 0.23069006949120593
  H_max: 22.453426038220442
  H_min: 15.832621563506157
  R: 13.483157835152051
  effi: 0.07918640249249036
  power_max: 25.060434286656598
