AC:
  C: 0.26449591859277255
  H_max: 19.27476109090245
  H_min: 19.99808302894702
  R: 12.227457525592946
  effi: 0.08920889621751654
  power_max: 27.99324784767606
