AC:
  C: 0.27867000307470274
  H_max: 21.076239812085436
  H_min: 15.476249878087193
  R: 15.192510835801762
  effi: 0.0841111978339806
  power_max: 24.921666226989224
