AC:
  C: 0.25404194016025167
  H_max: 20.40549444820792
  H_min: 18.88835317370191
  R: 13.18806073377464
  effi: 0.08780730642134889
  power_max: 23.619875964309323
