AC:
  C: 0.3057968425381154
  H_max: 20.365939628988485
  H_min: 16.356715468455363
  R: 13.348740367945018
  effi: 0.08024915401333438
  power_max: 24.89405281484635
