AC:
  C: 0.27392154877908415
  H_max: 18.73075890958885
  H_min: 20.818311626619625
  R: 12.815802763223443
  effi: 0.08580346715417618
  power_max: 20.743870096568216
