AC:
  C: 0.24874365070821347
  H_max: 21.943341608466692
  H_min: 18.82491055473151
  R: 14.626070076433496
  effi: 0.08949095457324756
  power_max: 19.575151325869676
