AC:
  C: 0.2640309531641564
  H_max: 18.483567521158935
  H_min: 19.26939801268256
  R: 12.860498869494238
  effi: 0.10083105273757301
  power_max: 28.799100347243172
