AC:
  C: 0.2826983290496751
  H_max: 22.711341247833275
  H_min: 17.51947723795012
  R: 13.225652802575844
  effi: 0.09099698868414098
  power_max: 32.015463468746056
