AC:
  C: 0.24761353845934847
  H_max: 22.24418767004685
  H_min: 18.447690355593885
  R: 15.54415046780029
  effi: 0.08676240671552711
  power_max: 26.509348009306485
