AC:
  C: 0.26847531158661814
  H_max: 20.554474174361403
  H_min: 17.3665100816884
  R: 13.40280370859562
  effi: 0.08685282127224907
  power_max: 26.361635999191158
