AC:
  C: 0.29062665323928166
  H_max: 20.600181548752897
  H_min: 18.292642570755937
  R: 11.943471680747146
  effi: 0.07446239532127702
  power_max: 25.63733123151244
