AC:
  C: 0.2435394968327346
  H_max: 19.51567087123557
  H_min: 15.65278148262137
  R: 12.132076570027127
  effi: 0.08261013776767863
  power_max: 27.168417830812047
