AC:
  C: 0.24901725187771617
  H_max: 20.16194928406822
  H_min: 16.184988348082523
  R: 13.421700957335025
  effi: 0.07129948076070923
  power_max: 25.007518011233483
