AC:
  C: 0.2649808303438228
  H_max: 22.103500865907193
  H_min: 17.802846097188734
  R: 11.194755943270149
  effi: 0.09300585524504532
  power_max: 29.56115090628986
