AC:
  C: 0.27380787884621566
  H_max: 20.75446212577316
  H_min: 18.682837285640826
  R: 15.574848569766466
  effi: 0.09450361234751894
  power_max: 19.371830723574742
