AC:
  C: 0.2509993396114913
  H_max: 20.436843616438694
  H_min: 19.903246829851266
  R: 12.319170618246487
  effi: 0.08582707673381355
  power_max: 26.642098128883568
