AC:
  C: 0.30670165099965535
  H_max: 22.172776593533886
  H_min: 17.770065806495452
  R: 12.139516752253137
  effi: 0.10028727281398624
  power_max: 24.084510227154826
