AC:
  C: 0.2927393199061329
  H_max: 19.46402624072406
  H_min: 18.0936708846293
  R: 13.489583481027394
  effi: 0.0883457077120254
  power_max: 27.819284981440486
