AC:
  C: 0.27321662139310104
  H_max: 19.712244615656864
  H_min: 17.05234766952204
  R: 13.347014504518011
  effi: 0.0834198092366614
  power_max: 28.18761857772996
