AC:
  C: 0.2992243861505995
  H_max: 21.67810998437589
  H_min: 20.37119555500546
  R: 13.430492469076174
  effi: 0.07943995016472911
  power_max: 26.172095163051004
