AC:
  C: 0.27966096286484915
  H_max: 20.121369511320196
  H_min: 19.770204575130272
  R: 13.45662919109559
  effi: 0.08619924555305862
  power_max: 27.682868908957918
