AC:
  C: 0.23264189955557357
  H_max: 23.843934757142964
  H_min: 16.376674851570225
  R: 13.441196787336377
  effi: 0.08246687782611839
  power_max: 27.841103227210347
