AC:
  C: 0.2786265949537233
  H_max: 21.105934909354968
  H_min: 16.33611868105562
  R: 11.382384219370786
  effi: 0.09674679242910139
  power_max: 22.25913687083308
