AC:
  C: 0.24080140883379902
  H_max: 23.360757980427124
  H_min: 19.254139445562014
  R: 13.910637354839816
  effi: 0.08704564808091102
  power_max: 24.222348876852436
