AC:
  C: 0.24064795003420994
  H_max: 22.42959509433861
  H_min: 15.388202738426278
  R: 13.078861690866432
  effi: 0.08454339189749581
  power_max: 27.026184303559635
