AC:
  C: 0.22862270589739167
  H_max: 21.872898632200055
  H_min: 17.84958586915992
  R: 15.04484690077989
  effi: 0.0802775932423332
  power_max: 27.306268293919903
