AC:
  C: 0.29024856965712936
  H_max: 21.654481080683603
  H_min: 16.296858837361246
  R: 14.046686901398333
  effi: 0.06565237701336649
  power_max: 28.05318031579807
