AC:
  C: 0.2781388090882522
  H_max: 21.020892147586565
  H_min: 20.37734343378272
  R: 14.024895129738242
  effi: 0.0773013883219621
  power_max: 32.606820459894166
