AC:
  C: 0.23771671108972617
  H_max: 18.994733941582318
  H_min: 18.352288263178558
  R: 16.09546158943771
  effi: 0.0743382905472974
  power_max: 29.5510152614655
