AC:
  C: 0.23748334676949087
  H_max: 22.174293149553563
  H_min: 17.20177310863434
  R: 13.89200169114256
  effi: 0.09398104547918822
  power_max: 29.958292408574067
