AC:
  C: 0.28085184553426007
  H_max: 21.94606537734754
  H_min: 16.803261342034435
  R: 16.041868176501758
  effi: 0.07563344030564458
  power_max: 24.962656224838163
