AC:
  C: 0.2809183881737932
  H_max: 20.357695359514903
  H_min: 19.009627509745837
  R: 13.754111460147875
  effi: 0.06450906911663166
  power_max: 24.204637370371444
