AC:
  C: 0.29782294485107513
  H_max: 24.895144156960427
  H_min: 16.17358766044324
  R: 14.092618845977677
  effi: 0.09547001576922308
  power_max: 28.87066153403671
