AC:
  C: 0.2592126306133952
  H_max: 21.06196624011114
  H_min: 16.21742430168122
  R: 14.326566190335852
  effi: 0.088920214076343
  power_max: 27.71166769367871
