AC:
  C: 0.27825070337912783
  H_max: 20.59225605582898
  H_min: 17.59216573664917
  R: 9.444224831219154
  effi: 0.06629055113958378
  power_max: 32.1070368465427
