AC:
  C: 0.26383190751870433
  H_max: 22.237639450668222
  H_min: 16.5167726462332
  R: 15.109835870851803
  effi: 0.09645402651128633
  power_max: 24.781716328920705
