AC:
  C: 0.2770163648659942
  H_max: 22.253619112574604
  H_min: 16.554108040191682
  R: 13.954004127783104
  effi: 0.08148746450270856
  power_max: 21.293300186539565
