AC:
  C: 0.28182779055316165
  H_max: 18.45290009184206
  H_min: 16.01827471237435
  R: 12.770063667808452
  effi: 0.08595339069535973
  power_max: 28.050961027037932
