AC:
  C: 0.24712654870825213
  H_max: 22.518114163394088
  H_min: 17.657813883864463
  R: 14.32271739595626
  effi: 0.10416284515778297
  power_max: 30.677717439103336
