AC:
  C: 0.26241622232729056
  H_max: 19.505744389710394
  H_min: 15.700411992456122
  R: 15.370095279067344
  effi: 0.0763301267305057
  power_max: 26.399101001040908
