AC:
  C: 0.28556494557304546
  H_max: 22.342545551095007
  H_min: 21.27850729473866
  R: 11.968345780131777
  effi: 0.08263297252982366
  power_max: 23.469850217424277
