AC:
  C: 0.26084582077062723
  H_max: 23.83506817593464
  H_min: 16.0883702612202
  R: 13.085339155035115
  effi: 0.0827980225625625
  power_max: 24.450326255418553
