AC:
  C: 0.26055266897578594
  H_max: 23.944490422921128
  H_min: 19.13925331864583
  R: 12.638237021119002
  effi: 0.08640193578737389
  power_max: 26.592090746109104
