AC:
  C: 0.28694709806231095
  H_max: 22.590329743406325
  H_min: 14.78156821393299
  R: 14.890403138496344
  effi: 0.07825844772828597
  power_max: 25.069601885372496
