AC:
  C: 0.26880661997576577
  H_max: 21.146014304320015
  H_min: 16.063988817196403
  R: 14.886557121239491
  effi: 0.07678169463495021
  power_max: 29.818841308771486
