AC:
  C: 0.2589806159525947
  H_max: 22.86062216151629
  H_min: 14.941631749548932
  R: 14.493806097261157
  effi: 0.0845856613193755
  power_max: 27.654210239102795
