AC:
  C: 0.2337565838534724
  H_max: 22.746521333513595
  H_min: 17.97186507996235
  R: 15.937158141346046
  effi: 0.08029741282572034
  power_max: 27.748918314048698
