AC:
  C: 0.28718878720952185
  H_max: 24.570435152124922
  H_min: 17.705519716247426
  R: 15.989194908934095
  effi: 0.09138191435385028
  power_max: 28.186844690933764
