AC:
  C: 0.24756296549633544
  H_max: 21.157015420642516
  H_min: 17.904242761650735
  R: 14.389547883714833
  effi: 0.06719211131838942
  power_max: 26.366084692217946
