AC:
  C: 0.25451331661936294
  H_max: 21.743074714209193
  H_min: 19.71450841709576
  R: 16.321315118346188
  effi: 0.09692725905221562
  power_max: 31.36537723271873
