AC:
  C: 0.24191217509006838
  H_max: 20.741994191666535
  H_min: 18.219717736512568
  R: 13.98371430548481
  effi: 0.09228535905382979
  power_max: 25.136912630255914
