AC:
  C: 0.2567168197612433
  H_max: 21.78127247615353
  H_min: 20.857558224953678
  R: 14.128464882707512
  effi: 0.08899821687415599
  power_max: 25.120263426576265
