AC:
  C: 0.26098783916387375
  H_max: 20.882430672181638
  H_min: 14.5162922997733
  R: 13.5643584650267
  effi: 0.09323964228729582
  power_max: 25.077281047441
