AC:
  C: 0.2256777418808896
  H_max: 26.183597926649984
  H_min: 15.123199109960634
  R: 14.230674050554684
  effi: 0.08117814751456014
  power_max: 28.82179359311393
