AC:
  C: 0.25327967974509225
  H_max: 22.771405067417703
  H_min: 16.53983589526173
  R: 15.691976469310863
  effi: 0.08386532130228812
  power_max: 26.283428953267855
