AC:
  C: 0.28891128714852915
  H_max: 24.21183071672327
  H_min: 15.72669639406046
  R: 13.212048206170252
  effi: 0.08669659376053473
  power_max: 24.90290363811044
