AC:
  C: 0.3284299466928158
  H_max: 21.161147953533817
  H_min: 15.055057147860415
  R: 13.220827984519662
  effi: 0.07255760894934771
  power_max: 28.2942265622376
