AC:
  C: 0.2364002759022489
  H_max: 19.671183854618494
  H_min: 15.00304576989204
  R: 15.554821080714753
  effi: 0.08178238726573028
  power_max: 29.254909884270884
