AC:
  C: 0.20314548592566237
  H_max: 19.44153432041329
  H_min: 16.5409570050422
  R: 13.407155841499794
  effi: 0.07917418772267956
  power_max: 33.193715635326335
