AC:
  C: 0.28511326088619054
  H_max: 20.077035759051572
  H_min: 14.553053171604816
  R: 12.362555521745193
  effi: 0.09252656242248877
  power_max: 27.114618591285353
