AC:
  C: 0.2626914013678807
  H_max: 22.24437821127746
  H_min: 14.550313829537851
  R: 13.552677921636766
  effi: 0.08756914710273667
  power_max: 25.36280341372551
