AC:
  C: 0.2514729456964234
  H_max: 25.352141358625122
  H_min: 14.110380932530024
  R: 14.33929366835054
  effi: 0.08431284999946911
  power_max: 27.987692375512783
