AC:
  C: 0.20051161702606676
  H_max: 20.896135598460653
  H_min: 17.196377210276996
  R: 13.303819706807857
  effi: 0.09604154914495927
  power_max: 22.958318091856302
