AC:
  C: 0.2680483990592294
  H_max: 18.370584984611348
  H_min: 20.30127991205903
  R: 14.456963430689983
  effi: 0.08654438366894257
  power_max: 21.65548261185488
