AC:
  C: 0.2633322108836656
  H_max: 24.202387765027876
  H_min: 17.464795329946412
  R: 14.259109537226163
  effi: 0.10522250310814943
  power_max: 26.436253800280845
