AC:
  C: 0.2506119930268082
  H_max: 21.69898719240788
  H_min: 17.91273647846294
  R: 14.097374802689158
  effi: 0.07970213209024626
  power_max: 28.26756321501589
