AC:
  C: 0.25501636195477945
  H_max: 17.6565781591076
  H_min: 15.869125735210696
  R: 12.077280620573692
  effi: 0.060369467603379336
  power_max: 22.42813133356519
