AC:
  C: 0.27625806128837754
  H_max: 19.64103344336836
  H_min: 17.307810732495295
  R: 13.734765674582993
  effi: 0.0810239284076931
  power_max: 26.192047418221183
