AC:
  C: 0.2522638925574148
  H_max: 21.00969432526348
  H_min: 18.792378196451306
  R: 15.336915718083926
  effi: 0.07952283243276456
  power_max: 31.751265912393865
