AC:
  C: 0.2706617928210128
  H_max: 19.51062180441805
  H_min: 18.110611736815073
  R: 13.087659334534466
  effi: 0.09826649557310141
  power_max: 29.041196938806028
