AC:
  C: 0.27632579314138095
  H_max: 20.114708518603297
  H_min: 16.479966470242637
  R: 14.22023426354092
  effi: 0.07495269416703468
  power_max: 24.904208586993125
