AC:
  C: 0.23617789930008729
  H_max: 25.293902244839238
  H_min: 18.30755578842365
  R: 11.361996123610966
  effi: 0.09471454322032269
  power_max: 27.892085872127595
