AC:
  C: 0.24931936725324685
  H_max: 22.049768084026212
  H_min: 14.903073483486168
  R: 11.635197290367286
  effi: 0.08329565473104379
  power_max: 23.095638945819747
