AC:
  C: 0.2627543991428253
  H_max: 20.72757329782603
  H_min: 17.019827141357535
  R: 15.004567906927297
  effi: 0.09916285328878743
  power_max: 26.680026129868825
