AC:
  C: 0.26477063383182964
  H_max: 23.440256356231817
  H_min: 16.163663023932266
  R: 12.689497726524975
  effi: 0.09771987103835753
  power_max: 28.65978722885649
