AC:
  C: 0.27839244110893496
  H_max: 17.864715078919087
  H_min: 17.419035530696057
  R: 16.67548961250379
  effi: 0.08826204331205185
  power_max: 23.170961326305637
