AC:
  C: 0.2823154328228858
  H_max: 25.91875928039175
  H_min: 20.032913177584824
  R: 14.529705403307489
  effi: 0.09741513127282278
  power_max: 26.521787117308733
