AC:
  C: 0.264412103687764
  H_max: 21.511334863094046
  H_min: 16.5207455993069
  R: 12.617662556466847
  effi: 0.08757142205228494
  power_max: 25.817483801616532
