AC:
  C: 0.29307337946167206
  H_max: 22.98240317825759
  H_min: 18.51833872585501
  R: 11.441216541585689
  effi: 0.08366241751991073
  power_max: 27.182903938296537
