AC:
  C: 0.2712983846446783
  H_max: 21.034931660774884
  H_min: 17.52573834326761
  R: 13.460056933778608
  effi: 0.08947610928231617
  power_max: 25.572267754499176
