AC:
  C: 0.2900221148947871
  H_max: 23.791049233834265
  H_min: 19.497149643824866
  R: 12.898147530504625
  effi: 0.07619027614093637
  power_max: 23.10873704210643
