AC:
  C: 0.31301414673969674
  H_max: 21.800059107830815
  H_min: 15.818928232177877
  R: 15.187553815299092
  effi: 0.07282305708028552
  power_max: 28.924564491113056
