AC:
  C: 0.24137065905679525
  H_max: 19.38918099041769
  H_min: 16.370807022553308
  R: 13.35771664142609
  effi: 0.07166527392711462
  power_max: 25.914388378927008
