AC:
  C: 0.2723621535306659
  H_max: 23.105158435315992
  H_min: 16.99063778658104
  R: 14.498313131992251
  effi: 0.09323257891824076
  power_max: 31.762442645785853
