AC:
  C: 0.2712619118974175
  H_max: 22.86374362145065
  H_min: 18.07380569001801
  R: 13.505604827803072
  effi: 0.0838568088103344
  power_max: 23.805670558471434
