AC:
  C: 0.25095893755284115
  H_max: 19.86222588506485
  H_min: 14.124646435918505
  R: 14.906767840999507
  effi: 0.08962710320282415
  power_max: 27.160855746047705
