AC:
  C: 0.26858297192284103
  H_max: 18.982047173637255
  H_min: 17.83650197297159
  R: 12.947243409018773
  effi: 0.07667282039478546
  power_max: 27.70928785013707
