AC:
  C: 0.2466658943718362
  H_max: 23.70531632434814
  H_min: 17.92772048874815
  R: 14.953917796290858
  effi: 0.08367755207799281
  power_max: 23.225583717228076
