AC:
  C: 0.304430745701919
  H_max: 22.704114844721715
  H_min: 18.142132160041267
  R: 12.195362557503865
  effi: 0.08227350925578299
  power_max: 27.448434523774477
