AC:
  C: 0.1898623098407739
  H_max: 20.188301728660942
  H_min: 16.796561880326127
  R: 11.925804301391977
  effi: 0.08649382608120522
  power_max: 25.666114065076215
