AC:
  C: 0.2622417436387096
  H_max: 17.191777875726505
  H_min: 17.48130360795292
  R: 13.096075771794727
  effi: 0.08780469081661901
  power_max: 25.311307345202408
