AC:
  C: 0.2250554124136984
  H_max: 21.736969778967662
  H_min: 19.53147045442018
  R: 14.443003967482337
  effi: 0.09126517997955916
  power_max: 29.330859170550543
