AC:
  C: 0.27834194012210156
  H_max: 23.22078442031266
  H_min: 19.919735681034616
  R: 12.352810006805825
  effi: 0.0802128387447717
  power_max: 26.3669625333004
