AC:
  C: 0.2948705518714846
  H_max: 18.91507057327983
  H_min: 16.591633575850512
  R: 10.668199242869733
  effi: 0.08580247614450827
  power_max: 24.605689185220214
