AC:
  C: 0.2752528099804115
  H_max: 22.80753110810917
  H_min: 20.01498496431076
  R: 14.674678920404439
  effi: 0.09497245314341718
  power_max: 29.834744682915932
