AC:
  C: 0.2461747681497251
  H_max: 21.881112470355042
  H_min: 15.708525535434976
  R: 13.11170442698969
  effi: 0.0793578027407292
  power_max: 29.035491626430343
