AC:
  C: 0.29790580897569247
  H_max: 24.244755570333364
  H_min: 14.972009245004891
  R: 14.56257822145215
  effi: 0.07340775083023515
  power_max: 28.853631892891997
