AC:
  C: 0.21759224964169085
  H_max: 22.59828203447468
  H_min: 15.946093653888674
  R: 13.78744745202341
  effi: 0.08640570977346278
  power_max: 27.49811020264507
