AC:
  C: 0.2721204886493065
  H_max: 19.631505155453105
  H_min: 17.099549549896
  R: 9.816143518310147
  effi: 0.08342399822886143
  power_max: 27.522454074967065
