AC:
  C: 0.27748482406047753
  H_max: 17.254137334497113
  H_min: 18.12538134822818
  R: 14.41425022097153
  effi: 0.06464946196753446
  power_max: 28.23498358268626
