AC:
  C: 0.24662340835216148
  H_max: 23.084144784902392
  H_min: 15.294564376789651
  R: 12.417683913982842
  effi: 0.10032576619007628
  power_max: 30.046085454759087
