AC:
  C: 0.23222794739747946
  H_max: 22.7097390841645
  H_min: 16.65108160559006
  R: 15.198102673432969
  effi: 0.08645873713511862
  power_max: 26.486863903438017
