AC:
  C: 0.25358387030099894
  H_max: 22.506838209328887
  H_min: 16.101013685106864
  R: 12.426207865253346
  effi: 0.07343756559566224
  power_max: 28.90890720401584
