AC:
  C: 0.24819664421821763
  H_max: 22.272383113752497
  H_min: 18.451089160977244
  R: 13.187284623410575
  effi: 0.07169509606615572
  power_max: 27.580562736182912
