AC:
  C: 0.2709129679267867
  H_max: 21.79581373902309
  H_min: 17.993092563764414
  R: 15.254636352829227
  effi: 0.090493139955593
  power_max: 26.660228463265877
