AC:
  C: 0.21995917735718332
  H_max: 21.63949476286747
  H_min: 17.932451355471716
  R: 10.676000197654634
  effi: 0.08458165068073902
  power_max: 27.02797445201618
