AC:
  C: 0.227099147242683
  H_max: 24.683207694069033
  H_min: 16.401835169411424
  R: 15.0184135972246
  effi: 0.09223797005063852
  power_max: 25.025001418437586
