AC:
  C: 0.2564386617425989
  H_max: 22.082289255615418
  H_min: 18.900291454533196
  R: 11.997417342239979
  effi: 0.08613732608240714
  power_max: 26.734672250156365
