AC:
  C: 0.2495436257458087
  H_max: 19.607183533274153
  H_min: 19.160432966796417
  R: 13.936529596527638
  effi: 0.07368313824011855
  power_max: 30.961843304298654
