AC:
  C: 0.28189974989845373
  H_max: 19.891048148435676
  H_min: 15.858227829028186
  R: 12.689656702607255
  effi: 0.09250421615650621
  power_max: 27.962071000723693
