AC:
  C: 0.22985652162223014
  H_max: 20.678036972648407
  H_min: 19.49248000257231
  R: 12.528744239683007
  effi: 0.07875784934367198
  power_max: 24.45174166350777
