AC:
  C: 0.2586628439140506
  H_max: 23.412959094451125
  H_min: 17.58695715675583
  R: 14.155562236540288
  effi: 0.07986224041054138
  power_max: 25.545632472308686
