AC:
  C: 0.2538787900586357
  H_max: 20.13820468726458
  H_min: 17.457701783191027
  R: 14.427264329031908
  effi: 0.08776824278154913
  power_max: 22.409942584617216
