AC:
  C: 0.2426572805042722
  H_max: 20.098877666851173
  H_min: 15.897987110963747
  R: 14.420579875036337
  effi: 0.09072064669429598
  power_max: 27.124651993294055
