AC:
  C: 0.2340895114218336
  H_max: 18.66082466045594
  H_min: 18.865879373967665
  R: 13.420622577879435
  effi: 0.0806263952915111
  power_max: 25.165514670035424
