AC:
  C: 0.22455360411087177
  H_max: 19.19801591917662
  H_min: 14.358162306506506
  R: 14.30585431518593
  effi: 0.06233044554516132
  power_max: 24.12479681391777
