AC:
  C: 0.2835381704940854
  H_max: 23.814877563268908
  H_min: 17.587764279056444
  R: 16.14141502097905
  effi: 0.07533518603762959
  power_max: 26.329395408812875
