AC:
  C: 0.2206620970834286
  H_max: 17.939088719651558
  H_min: 17.181603119823254
  R: 12.321761429004972
  effi: 0.09181792540349465
  power_max: 27.55543734913847
