AC:
  C: 0.2829384128997055
  H_max: 23.126491956065358
  H_min: 14.048734963578626
  R: 15.906004894041677
  effi: 0.09482003458702926
  power_max: 25.689112957634734
