AC:
  C: 0.29464747071726655
  H_max: 17.86865608284457
  H_min: 17.714922444462413
  R: 14.545198019565552
  effi: 0.08712631816766545
  power_max: 23.67403483524719
