AC:
  C: 0.23488616148391606
  H_max: 15.854293035153361
  H_min: 17.638072224773634
  R: 12.490303933091191
  effi: 0.08051154493532706
  power_max: 31.457170278132267
