AC:
  C: 0.28139927872647763
  H_max: 19.814167469621385
  H_min: 16.119553081679527
  R: 12.466783185918377
  effi: 0.09218661293903992
  power_max: 30.21144576766375
