AC:
  C: 0.2704479319904975
  H_max: 18.225118621688516
  H_min: 17.2144272435135
  R: 13.448290015969091
  effi: 0.08191482876410937
  power_max: 28.469729876209435
