AC:
  C: 0.28015553538226207
  H_max: 22.835011736219112
  H_min: 18.523273235913788
  R: 14.000494175228681
  effi: 0.09172632221531506
  power_max: 25.692964199346974
