AC:
  C: 0.2892050000743637
  H_max: 22.86159528912115
  H_min: 15.799250671729832
  R: 16.221913848522576
  effi: 0.07775302396243963
  power_max: 28.022893623066764
