AC:
  C: 0.2520388342104479
  H_max: 22.129314388194317
  H_min: 16.509951022078166
  R: 11.64383186106409
  effi: 0.07418969314063739
  power_max: 29.816691979611086
