AC:
  C: 0.2462254558755397
  H_max: 21.937285961075368
  H_min: 16.0591775492452
  R: 13.668775637813358
  effi: 0.07574218270264262
  power_max: 25.978871653818157
