AC:
  C: 0.26584164084878004
  H_max: 19.95263093048608
  H_min: 14.834146075210352
  R: 14.160010615277608
  effi: 0.10461355182586148
  power_max: 25.255552285706344
