AC:
  C: 0.2902980791137334
  H_max: 23.14792805722055
  H_min: 18.39315968108643
  R: 13.094295255087305
  effi: 0.09097845225882929
  power_max: 28.604902907571475
