AC:
  C: 0.26756184239512404
  H_max: 19.682173011057536
  H_min: 18.821373933263356
  R: 15.095301271985626
  effi: 0.07737094999572573
  power_max: 26.67842412454853
