AC:
  C: 0.26997554527225065
  H_max: 19.56930715545393
  H_min: 17.05116859019488
  R: 14.03942800908438
  effi: 0.07976211697401099
  power_max: 20.89997013715581
