AC:
  C: 0.2303730755085156
  H_max: 21.584300150464237
  H_min: 19.129002472354006
  R: 14.128507230206573
  effi: 0.07592737675031477
  power_max: 27.406719203592996
