AC:
  C: 0.22444489154150432
  H_max: 24.80414540969496
  H_min: 19.252778832453128
  R: 12.914631429448294
  effi: 0.09073647451617105
  power_max: 27.030458592459997
