AC:
  C: 0.24634740428256272
  H_max: 19.04497638784554
  H_min: 18.257386765894704
  R: 13.196882308093922
  effi: 0.09351570451965975
  power_max: 29.129921895761907
