AC:
  C: 0.24781762386253878
  H_max: 22.66843805344071
  H_min: 16.181059799544837
  R: 14.797666596517391
  effi: 0.09276040381433691
  power_max: 26.384826302664464
