AC:
  C: 0.2980724951732141
  H_max: 20.505774488491404
  H_min: 17.638426211953778
  R: 14.330060625201188
  effi: 0.09547898640225574
  power_max: 32.1863409181785
