AC:
  C: 0.26968821755542505
  H_max: 24.06056031444646
  H_min: 18.192340072793023
  R: 14.504344352454977
  effi: 0.0946681076955963
  power_max: 24.176449395506978
