AC:
  C: 0.29066553851992116
  H_max: 25.50212585658229
  H_min: 18.107411190184425
  R: 11.960682119498552
  effi: 0.085610475765578
  power_max: 29.287090385324035
