AC:
  C: 0.3036913287514326
  H_max: 24.36242652943962
  H_min: 17.57369701979657
  R: 15.007966882052887
  effi: 0.08957007008677505
  power_max: 23.576071456292574
