AC:
  C: 0.28060964585428155
  H_max: 23.606406674968444
  H_min: 15.546768207681545
  R: 14.196203562670805
  effi: 0.0802595256100667
  power_max: 22.745824930945414
