AC:
  C: 0.24428127637128363
  H_max: 17.591847654478823
  H_min: 17.932417122604264
  R: 14.050967675452668
  effi: 0.08218481918684341
  power_max: 22.791246757442632
