AC:
  C: 0.29387713092490453
  H_max: 24.89939428162519
  H_min: 18.49961658117278
  R: 14.636331159177244
  effi: 0.06813351208737362
  power_max: 25.377589031232965
