AC:
  C: 0.3027179822654621
  H_max: 20.262232754323826
  H_min: 16.22709746194228
  R: 14.55877034511733
  effi: 0.06967009024113963
  power_max: 23.68708385978328
