AC:
  C: 0.2579273730491305
  H_max: 17.91669384308924
  H_min: 18.276113951124184
  R: 12.924190709099422
  effi: 0.08766539663804745
  power_max: 20.265676069159994
