AC:
  C: 0.29039088636613364
  H_max: 21.345242959378385
  H_min: 17.304106379434383
  R: 15.258573082957092
  effi: 0.08545183382213721
  power_max: 29.697526376654828
