AC:
  C: 0.2810882799100751
  H_max: 17.024930805201
  H_min: 17.90926859264251
  R: 13.749433385012175
  effi: 0.08276319594385574
  power_max: 27.08986637180606
