AC:
  C: 0.22023732258383905
  H_max: 21.346824964726192
  H_min: 15.109667853309421
  R: 11.914895186508883
  effi: 0.08618578563334042
  power_max: 23.216438785559394
