AC:
  C: 0.28641914553208464
  H_max: 18.524894663615967
  H_min: 14.325435976790008
  R: 14.024866912064828
  effi: 0.09639413035688571
  power_max: 22.844729586481414
