AC:
  C: 0.2177112810569844
  H_max: 22.929276648480627
  H_min: 16.095757826317232
  R: 11.48433787777577
  effi: 0.06996432367018163
  power_max: 24.721935468183545
