AC:
  C: 0.28487230140698505
  H_max: 24.50114469394668
  H_min: 17.595251767714494
  R: 16.300867538832104
  effi: 0.07941358381813787
  power_max: 22.48205997445173
