AC:
  C: 0.2615191599122853
  H_max: 16.99708107946853
  H_min: 16.5134746520682
  R: 11.38255698253599
  effi: 0.09335286201785323
  power_max: 29.078318129789068
