AC:
  C: 0.25689155755448423
  H_max: 21.317170565536973
  H_min: 15.17242605101898
  R: 13.269765599488364
  effi: 0.09854025067775687
  power_max: 26.420101857239644
