AC:
  C: 0.23050335188231386
  H_max: 22.089634350757603
  H_min: 15.831692494297656
  R: 13.158368015811877
  effi: 0.0832760899806951
  power_max: 30.952595830501107
