AC:
  C: 0.2634570130027888
  H_max: 18.47345041230067
  H_min: 16.883130620139976
  R: 10.844018014922636
  effi: 0.07453455303082193
  power_max: 31.71028316174226
