AC:
  C: 0.2306692905060478
  H_max: 20.03436952723968
  H_min: 17.089420482103314
  R: 14.14721077876452
  effi: 0.08897071779662852
  power_max: 28.017482251998445
