AC:
  C: 0.28303862828760545
  H_max: 22.52811027116177
  H_min: 19.72284875853451
  R: 12.813639076606751
  effi: 0.09706762591582208
  power_max: 23.47393692572771
