AC:
  C: 0.3049867563434864
  H_max: 21.574766650689135
  H_min: 16.162773662601712
  R: 12.355025858780607
  effi: 0.07973911685154046
  power_max: 24.544920813426405
