AC:
  C: 0.24819410273181827
  H_max: 21.095312584512772
  H_min: 16.90337947243001
  R: 12.741824406506186
  effi: 0.0935011234603583
  power_max: 24.42915295340218
