AC:
  C: 0.24523097491243376
  H_max: 21.052855416523887
  H_min: 14.060369505395357
  R: 14.541525339003288
  effi: 0.07679318831582431
  power_max: 19.41436344741095
