AC:
  C: 0.24089992877443525
  H_max: 20.421433221398757
  H_min: 18.150571324734546
  R: 14.472254775937687
  effi: 0.07468917753565421
  power_max: 24.91486505105097
