AC:
  C: 0.2277025521195739
  H_max: 21.893770460321118
  H_min: 19.061158895751664
  R: 14.114333147989386
  effi: 0.08211821235576564
  power_max: 25.61843499306628
