AC:
  C: 0.23166072205542054
  H_max: 18.413503037654646
  H_min: 16.004117707180292
  R: 11.65033675864481
  effi: 0.0755291229817537
  power_max: 26.156556590869524
