AC:
  C: 0.23536345134804007
  H_max: 20.92154269805451
  H_min: 17.393672966283212
  R: 14.19884237857855
  effi: 0.07689038340548184
  power_max: 24.86353772060289
