AC:
  C: 0.2205158803022244
  H_max: 23.191775366750647
  H_min: 13.118376339983154
  R: 15.550098433126323
  effi: 0.08935218061447399
  power_max: 22.510569122936666
