AC:
  C: 0.27892289581668017
  H_max: 27.07023097383112
  H_min: 16.846104240203427
  R: 15.918910695039214
  effi: 0.11050261772298453
  power_max: 27.691491426783678
