AC:
  C: 0.23333634164419323
  H_max: 17.246985422593713
  H_min: 15.610930265186138
  R: 14.783866372769971
  effi: 0.08476456575142852
  power_max: 21.277752259020758
