AC:
  C: 0.2814008943181503
  H_max: 17.475593126799275
  H_min: 19.749831634779603
  R: 14.003446694876542
  effi: 0.0799938450908961
  power_max: 27.957135103314414
