AC:
  C: 0.26719054222706956
  H_max: 18.219803885585847
  H_min: 16.26802312429849
  R: 13.77209173205571
  effi: 0.08152868172118717
  power_max: 24.067607000240102
