AC:
  C: 0.22903384413274755
  H_max: 23.576401308804137
  H_min: 16.66768755564935
  R: 15.494037186070164
  effi: 0.07356466622746972
  power_max: 25.30626019731527
