AC:
  C: 0.24048928457756158
  H_max: 20.45317441035802
  H_min: 17.530526222636258
  R: 15.511479466837987
  effi: 0.08904324483459808
  power_max: 32.057532296902465
