AC:
  C: 0.3016237510276978
  H_max: 20.856363419997507
  H_min: 16.6046181343462
  R: 15.017767115792228
  effi: 0.07873706987053787
  power_max: 21.21900208018942
