AC:
  C: 0.24151784208685484
  H_max: 21.816997747315124
  H_min: 17.99741766319811
  R: 16.375732864806526
  effi: 0.07750659703047767
  power_max: 24.371656072463875
