AC:
  C: 0.26060469228015243
  H_max: 19.030433173547422
  H_min: 12.2995240150382
  R: 13.461175479412796
  effi: 0.08622882934495273
  power_max: 24.25786580673733
