AC:
  C: 0.2984828961179335
  H_max: 24.60280977353101
  H_min: 20.014956400154748
  R: 11.884348354342018
  effi: 0.0773242821361995
  power_max: 22.352740671976257
