AC:
  C: 0.25284356650900147
  H_max: 20.885146373553795
  H_min: 17.43653570200162
  R: 14.494347368721085
  effi: 0.0893215794173831
  power_max: 27.787963768488112
