AC:
  C: 0.2605026305607909
  H_max: 23.178672615584926
  H_min: 19.60163002600928
  R: 16.071707235069354
  effi: 0.08302883633693116
  power_max: 28.452102874181765
