AC:
  C: 0.24274346087702658
  H_max: 24.894759231137886
  H_min: 16.399771309846745
  R: 12.468369000176619
  effi: 0.08500864216167887
  power_max: 25.06742661657308
