AC:
  C: 0.27959081109405454
  H_max: 23.25678189682449
  H_min: 15.980923766225873
  R: 14.254079783953884
  effi: 0.09106600006659127
  power_max: 24.835588896452737
