AC:
  C: 0.23808513771120354
  H_max: 22.62926556076443
  H_min: 19.59642092533939
  R: 14.251762365482008
  effi: 0.10050440416819925
  power_max: 25.002144205630692
