AC:
  C: 0.26966813990471133
  H_max: 23.130936380378248
  H_min: 19.002418761139502
  R: 15.3980484445236
  effi: 0.077701817489366
  power_max: 27.075647547571542
