AC:
  C: 0.27236068517970946
  H_max: 24.0160247874774
  H_min: 15.738923336373807
  R: 11.880840423008154
  effi: 0.07170977830427447
  power_max: 31.663437082220135
