AC:
  C: 0.24338986875701132
  H_max: 20.813581042387607
  H_min: 19.640557115395247
  R: 14.13033498122138
  effi: 0.09432908275661149
  power_max: 27.37763712590464
