AC:
  C: 0.27205871628443057
  H_max: 19.624664776309423
  H_min: 17.75899559991185
  R: 14.532320207214658
  effi: 0.08207051704569826
  power_max: 27.476945954419893
