AC:
  C: 0.27992755692894283
  H_max: 23.548184269040014
  H_min: 16.68094751739881
  R: 15.902568521570995
  effi: 0.08603048173874096
  power_max: 24.203260904774062
