AC:
  C: 0.28668689086608784
  H_max: 21.482746271203474
  H_min: 14.432910567747781
  R: 14.02323509514767
  effi: 0.08363169901442824
  power_max: 30.602475413984536
