AC:
  C: 0.22574130238276185
  H_max: 20.387458371472224
  H_min: 17.471920617413073
  R: 13.080789809254112
  effi: 0.08078673956372434
  power_max: 29.887920999445083
