AC:
  C: 0.26635415859677014
  H_max: 21.755346913534524
  H_min: 18.426854941653218
  R: 14.717618384612681
  effi: 0.08379246525314529
  power_max: 26.61877852386245
