AC:
  C: 0.2566737695072906
  H_max: 21.966795055172398
  H_min: 17.303241591279317
  R: 14.0784358982125
  effi: 0.08238227702651249
  power_max: 29.687194140043946
