AC:
  C: 0.22296030664619468
  H_max: 20.221771670038716
  H_min: 15.674533969658873
  R: 15.01663077443877
  effi: 0.08565355909958065
  power_max: 26.357864789398462
