AC:
  C: 0.25668001830705156
  H_max: 20.604682855875872
  H_min: 18.71067648497412
  R: 11.82793162154398
  effi: 0.08391443123087729
  power_max: 26.67712629869359
