AC:
  C: 0.27833820406824544
  H_max: 20.009040459569366
  H_min: 17.95930823395609
  R: 11.508798674838088
  effi: 0.09641437223501505
  power_max: 26.923397758443787
