AC:
  C: 0.2298820941398971
  H_max: 24.434916388189162
  H_min: 14.812293986014275
  R: 15.01067848102632
  effi: 0.07495335406308085
  power_max: 28.52363228986513
