AC:
  C: 0.28200808192568194
  H_max: 21.043482185667937
  H_min: 16.467856109308528
  R: 13.987275750971635
  effi: 0.08188902736904491
  power_max: 25.943777383686843
