AC:
  C: 0.27035856859681306
  H_max: 20.677181672579025
  H_min: 16.469099016078864
  R: 12.318082052438612
  effi: 0.10280207311626291
  power_max: 26.218076644827764
