AC:
  C: 0.28822022433134814
  H_max: 22.72453161795822
  H_min: 15.357467423610792
  R: 12.761196768369912
  effi: 0.07505396955333246
  power_max: 25.392658668069306
