AC:
  C: 0.29638036253371164
  H_max: 19.958783451087957
  H_min: 19.57026131230586
  R: 12.827896503492743
  effi: 0.08109088132749626
  power_max: 26.052318622750366
