AC:
  C: 0.2593445655956428
  H_max: 24.28453303794852
  H_min: 16.884624783131184
  R: 13.926850861160323
  effi: 0.08292557550245994
  power_max: 28.155185132564235
