AC:
  C: 0.28929512568575905
  H_max: 25.52501749379796
  H_min: 16.085799877097845
  R: 13.552128119151643
  effi: 0.09611797827555682
  power_max: 29.730357266132746
