AC:
  C: 0.28699715598827047
  H_max: 24.34814102654685
  H_min: 15.647970043712984
  R: 14.140778478770306
  effi: 0.10169577045077699
  power_max: 28.932390177675824
