AC:
  C: 0.2810537024938417
  H_max: 24.84040602421889
  H_min: 18.377254040256886
  R: 11.946562466410693
  effi: 0.08800021816896789
  power_max: 29.78602068434528
