AC:
  C: 0.22569712780066908
  H_max: 21.850273473856742
  H_min: 13.835348197971628
  R: 14.07782406450678
  effi: 0.08114209170284746
  power_max: 22.931240818270872
