AC:
  C: 0.21968809017744012
  H_max: 23.528245045103176
  H_min: 17.360125526768467
  R: 12.391784051783734
  effi: 0.0773092919847657
  power_max: 31.05754304453533
