AC:
  C: 0.262653870408121
  H_max: 16.95822026998228
  H_min: 20.060626763647775
  R: 13.39615526898836
  effi: 0.08576829661209563
  power_max: 26.454476857398937
