AC:
  C: 0.24643360229259134
  H_max: 22.743068112017983
  H_min: 17.76896998927045
  R: 13.15551137068636
  effi: 0.08743216356990668
  power_max: 29.376392915244406
