AC:
  C: 0.26276034524964104
  H_max: 24.84911214890276
  H_min: 16.477295519745642
  R: 13.514997740990728
  effi: 0.08302134468689272
  power_max: 26.254684321640738
