AC:
  C: 0.23358966292343625
  H_max: 23.37842023768313
  H_min: 16.726085747697972
  R: 12.23730894016012
  effi: 0.07362231077113074
  power_max: 29.405210827334837
