AC:
  C: 0.26943843485050994
  H_max: 19.578855598327987
  H_min: 15.335140650270334
  R: 14.881101772684929
  effi: 0.08945483148784515
  power_max: 27.433909702869713
