AC:
  C: 0.25115027538604945
  H_max: 24.059067684455645
  H_min: 16.95804358025937
  R: 15.235960144007311
  effi: 0.09958256593266444
  power_max: 25.784663019568185
