AC:
  C: 0.23896924443926842
  H_max: 19.802792494001665
  H_min: 19.38247716405376
  R: 14.76289610392138
  effi: 0.08583682260671335
  power_max: 25.77725622439417
