AC:
  C: 0.2832346448594081
  H_max: 21.36509563737296
  H_min: 16.576980767045978
  R: 13.68649995222934
  effi: 0.0942821082093606
  power_max: 22.662059091740414
