AC:
  C: 0.2609571505736336
  H_max: 20.33731431442645
  H_min: 14.935991801005246
  R: 16.034401037656536
  effi: 0.08329177667293587
  power_max: 25.645430448555086
