AC:
  C: 0.24654118834619063
  H_max: 21.48416557068518
  H_min: 14.766065298981937
  R: 12.979119885282007
  effi: 0.08847722230935791
  power_max: 27.982016430860806
