AC:
  C: 0.2493372560255285
  H_max: 19.336074938258964
  H_min: 16.73684338362495
  R: 13.460133093137024
  effi: 0.08451703325785664
  power_max: 24.75865840023242
