AC:
  C: 0.2947698353521493
  H_max: 22.055940665523007
  H_min: 18.759218057114577
  R: 11.313132584826853
  effi: 0.08925155935522272
  power_max: 26.25756200035104
