AC:
  C: 0.21880219164699397
  H_max: 16.455415990357842
  H_min: 19.201060392905404
  R: 14.27830775423456
  effi: 0.10314274076737596
  power_max: 28.720760628877883
