AC:
  C: 0.291027746032061
  H_max: 21.311798585792413
  H_min: 19.573728338251588
  R: 15.144775558116146
  effi: 0.07735445524166264
  power_max: 28.91111358333694
