AC:
  C: 0.2720105413530037
  H_max: 21.84356489182803
  H_min: 18.94631183701113
  R: 13.459548325652419
  effi: 0.06664485191999378
  power_max: 23.517360434085393
