AC:
  C: 0.2477889369917327
  H_max: 18.863784924608836
  H_min: 18.2048974410197
  R: 13.323254530926194
  effi: 0.08608463151225676
  power_max: 21.58792573164559
