AC:
  C: 0.269650737874143
  H_max: 19.67610867361878
  H_min: 18.544617654461923
  R: 14.573351948440843
  effi: 0.0828104727440651
  power_max: 32.14131281430477
