AC:
  C: 0.23287227664372814
  H_max: 22.026997990210543
  H_min: 19.57351033726426
  R: 16.389751127392827
  effi: 0.07602580157209378
  power_max: 23.56019404766971
