AC:
  C: 0.2951142023224081
  H_max: 22.111674951533285
  H_min: 17.9594410182262
  R: 12.564889717661034
  effi: 0.07993563296137896
  power_max: 22.256329084813206
