AC:
  C: 0.2832555231805638
  H_max: 21.115081214619916
  H_min: 18.489474304383315
  R: 13.50712160571141
  effi: 0.08060823051694883
  power_max: 22.6600612421845
