AC:
  C: 0.2928395417961505
  H_max: 22.001135173897996
  H_min: 17.682785104861434
  R: 13.36360587104571
  effi: 0.07347481245652263
  power_max: 24.398598215871214
