AC:
  C: 0.2729497793706206
  H_max: 20.529145285798236
  H_min: 16.640509166468423
  R: 12.448828791949929
  effi: 0.065834413701511
  power_max: 25.52540616505852
