AC:
  C: 0.27754856102095
  H_max: 20.775176292483355
  H_min: 16.619567637073658
  R: 13.746483940573752
  effi: 0.06633219052851498
  power_max: 31.40695169197313
