AC:
  C: 0.25691954853480437
  H_max: 20.92763627702537
  H_min: 15.814379382309971
  R: 15.892961657554519
  effi: 0.08193844749841675
  power_max: 28.2843280411638
