AC:
  C: 0.3044525628072025
  H_max: 22.567483088566746
  H_min: 16.939823357316573
  R: 13.19477217330087
  effi: 0.1035055391627751
  power_max: 22.790667589570056
