AC:
  C: 0.24859586551740084
  H_max: 23.672123730399537
  H_min: 18.345654757249562
  R: 11.298150386699785
  effi: 0.0864165416622142
  power_max: 25.721912127339763
