AC:
  C: 0.2735235449880091
  H_max: 24.51327359921877
  H_min: 15.241481424792523
  R: 14.402206091720755
  effi: 0.07780777957741976
  power_max: 29.225976298397008
