AC:
  C: 0.2364724326678069
  H_max: 23.068104139020523
  H_min: 17.318653587339853
  R: 13.489710392649071
  effi: 0.09644190913514727
  power_max: 27.750401168253543
