AC:
  C: 0.29089923979850046
  H_max: 23.097955254561445
  H_min: 17.093104702049377
  R: 12.669359503578153
  effi: 0.08633179116621797
  power_max: 27.880742482473686
