AC:
  C: 0.250836930466801
  H_max: 21.73690106326594
  H_min: 17.39449893710165
  R: 15.269571458992537
  effi: 0.07664391457196298
  power_max: 28.83709796875226
