AC:
  C: 0.27037223869633914
  H_max: 21.42844794696374
  H_min: 15.603179686841255
  R: 13.233778165669387
  effi: 0.08069428452759098
  power_max: 25.74767386851909
