AC:
  C: 0.25119321914419784
  H_max: 25.750325464937717
  H_min: 17.324085439457335
  R: 14.336733390817031
  effi: 0.06947402365261311
  power_max: 28.12089175845502
