AC:
  C: 0.24706363236558038
  H_max: 18.986267614254025
  H_min: 17.835045073715268
  R: 11.823817308285259
  effi: 0.09012651057514551
  power_max: 28.865454979710147
