AC:
  C: 0.26364022670885284
  H_max: 21.623789134933613
  H_min: 16.88167926048891
  R: 13.01600090803141
  effi: 0.0743352008344516
  power_max: 22.2692308501188
