AC:
  C: 0.2702928999614163
  H_max: 19.952840045519444
  H_min: 17.155278911527894
  R: 14.16387762142739
  effi: 0.1006979890541378
  power_max: 24.994099947494597
