AC:
  C: 0.27422472886767707
  H_max: 20.917487469870935
  H_min: 16.41038013473706
  R: 15.194521065386846
  effi: 0.08753891427942409
  power_max: 32.26293844978482
