AC:
  C: 0.22963429458802395
  H_max: 18.464757208889957
  H_min: 18.602195934527025
  R: 12.702979680241869
  effi: 0.06337981949989983
  power_max: 25.57266337391522
