AC:
  C: 0.2245496815970228
  H_max: 20.76417515602828
  H_min: 19.95301428317797
  R: 11.191579304926458
  effi: 0.08552392252860812
  power_max: 28.256925292536213
