AC:
  C: 0.25906538124012035
  H_max: 22.849677482007106
  H_min: 15.089133998703835
  R: 13.845794354070115
  effi: 0.07642047644953824
  power_max: 25.18880881638109
