AC:
  C: 0.22673636801475638
  H_max: 18.22888659227812
  H_min: 19.054940545295338
  R: 14.620857904020625
  effi: 0.07189645908442957
  power_max: 27.14882360381396
