AC:
  C: 0.2729103010067713
  H_max: 19.77030642745512
  H_min: 18.6183206194559
  R: 13.386456028492866
  effi: 0.0814833574907317
  power_max: 20.90690131860765
