AC:
  C: 0.27042351870949577
  H_max: 27.518703415719784
  H_min: 14.73321258821638
  R: 13.229637256375463
  effi: 0.08051033177012698
  power_max: 23.52372746339008
