AC:
  C: 0.23471575962923288
  H_max: 21.634258776340356
  H_min: 16.574764280334353
  R: 11.800153388572612
  effi: 0.08828131241911347
  power_max: 24.489750472359443
