AC:
  C: 0.2433321105421853
  H_max: 23.031335441730764
  H_min: 17.47332657790929
  R: 13.421017025334667
  effi: 0.0949724534259002
  power_max: 27.93629299236234
