AC:
  C: 0.2416469856445389
  H_max: 21.339492731719183
  H_min: 16.261985338640564
  R: 13.916757721849645
  effi: 0.0908313799050818
  power_max: 24.63660390021662
