AC:
  C: 0.2649163818424437
  H_max: 20.261897555407764
  H_min: 18.347995209646214
  R: 11.030000518962737
  effi: 0.0813130924982412
  power_max: 19.130948187134038
