AC:
  C: 0.2581499288440709
  H_max: 23.711637391246796
  H_min: 15.995266654697192
  R: 13.921843785159902
  effi: 0.07655713174563998
  power_max: 23.509777956212027
