AC:
  C: 0.2660743148704356
  H_max: 23.207001593030416
  H_min: 15.900528780664969
  R: 13.10674549693194
  effi: 0.07054567949825306
  power_max: 28.256631398166046
