AC:
  C: 0.278079276790247
  H_max: 22.089021796864387
  H_min: 16.77222105267734
  R: 13.750928229612501
  effi: 0.08420072906263852
  power_max: 23.363594730947295
