AC:
  C: 0.2291802726096264
  H_max: 23.748753806934594
  H_min: 19.966049317197193
  R: 10.845763307357199
  effi: 0.0825790583339852
  power_max: 24.06125455959297
