AC:
  C: 0.2780523426175428
  H_max: 20.961159831794195
  H_min: 16.82301788628361
  R: 14.03409366769091
  effi: 0.09087144774328962
  power_max: 29.57956846343565
