AC:
  C: 0.2510880373423753
  H_max: 17.314253149844276
  H_min: 17.034175187157032
  R: 14.124329913135982
  effi: 0.07989229447080251
  power_max: 27.538287111836283
