AC:
  C: 0.26703398953182017
  H_max: 20.857659941275983
  H_min: 17.817742159443867
  R: 16.438579314614703
  effi: 0.07234676960950567
  power_max: 23.434179230182465
