AC:
  C: 0.2597744204776303
  H_max: 22.093945589236853
  H_min: 18.051883763422744
  R: 15.947706108948854
  effi: 0.09025590584976241
  power_max: 25.867465852413357
