AC:
  C: 0.3070249369584238
  H_max: 19.275065160443244
  H_min: 15.390938315146695
  R: 14.471092193488314
  effi: 0.09307344971342203
  power_max: 25.09185951313238
