AC:
  C: 0.2531017527274878
  H_max: 24.356800743039827
  H_min: 17.300634970712462
  R: 11.588054236718175
  effi: 0.08998149243474272
  power_max: 25.62469197516602
