AC:
  C: 0.23127491846729514
  H_max: 20.12114154366575
  H_min: 16.232358719470838
  R: 13.22562534879933
  effi: 0.07720228966270416
  power_max: 28.536926154526157
