AC:
  C: 0.2596347296408023
  H_max: 20.16718580885274
  H_min: 17.361862486275484
  R: 14.488545096170805
  effi: 0.07784395305665685
  power_max: 28.201731204902583
