AC:
  C: 0.2519258797005239
  H_max: 21.390507699794036
  H_min: 19.392932691280567
  R: 10.757929985593883
  effi: 0.09471713893868196
  power_max: 31.10696528105404
