AC:
  C: 0.2865027895959738
  H_max: 19.38021626497239
  H_min: 18.363528595146068
  R: 13.42900401644733
  effi: 0.07543505020771528
  power_max: 25.723541400320933
