AC:
  C: 0.2968175876802697
  H_max: 22.351557971088393
  H_min: 16.111042398091154
  R: 11.569203811537578
  effi: 0.08261450930440795
  power_max: 26.365557536018823
