AC:
  C: 0.2463618874921085
  H_max: 24.17767171325066
  H_min: 18.734552713161563
  R: 12.83719950279805
  effi: 0.08366429542268104
  power_max: 26.766143300687798
