AC:
  C: 0.25986777738280153
  H_max: 21.6436518226934
  H_min: 17.89500983234837
  R: 14.32773271944494
  effi: 0.07657065459176805
  power_max: 28.546915327984493
