AC:
  C: 0.27417671334580523
  H_max: 22.90062969402572
  H_min: 14.985063312224018
  R: 13.701643996876427
  effi: 0.07090384215504235
  power_max: 26.584327596442506
