AC:
  C: 0.26240168679958953
  H_max: 17.870238813061274
  H_min: 18.617811606648015
  R: 14.501747773895188
  effi: 0.09087680639343226
  power_max: 26.224131967837867
