AC:
  C: 0.2497360770385731
  H_max: 23.705687289479297
  H_min: 19.390923662102587
  R: 13.836013818827924
  effi: 0.08200320439007566
  power_max: 27.42857975504037
