AC:
  C: 0.22292429822354246
  H_max: 20.434932412604255
  H_min: 19.2605071945223
  R: 13.504067002317548
  effi: 0.1032547251009793
  power_max: 25.084593438993377
