AC:
  C: 0.30195338544100847
  H_max: 22.310931368672478
  H_min: 16.251886895446592
  R: 14.360539295159956
  effi: 0.0961232468345027
  power_max: 30.721820196543746
