AC:
  C: 0.2644848243556958
  H_max: 23.321656056550385
  H_min: 17.253617634943488
  R: 12.717159171694748
  effi: 0.09704004393803017
  power_max: 28.3153415707258
