AC:
  C: 0.2590872532783383
  H_max: 20.475380416100776
  H_min: 21.08154905056417
  R: 14.252723551639424
  effi: 0.08676081792350399
  power_max: 28.566019038013895
