AC:
  C: 0.2564985686399397
  H_max: 21.739236822158087
  H_min: 16.299262691002316
  R: 13.71265808390189
  effi: 0.08344518921038853
  power_max: 25.379136045872986
