AC:
  C: 0.29462930092894996
  H_max: 24.606784764690975
  H_min: 17.21786063733622
  R: 12.942147957917147
  effi: 0.09871775796118588
  power_max: 25.842846711662876
