AC:
  C: 0.2353718586131787
  H_max: 23.35622831854259
  H_min: 17.571350201066245
  R: 14.03391537378453
  effi: 0.09499075407071349
  power_max: 26.897076232680973
