AC:
  C: 0.28004794353483276
  H_max: 20.608484689642445
  H_min: 16.758010124848873
  R: 12.753370313851356
  effi: 0.08555236747777131
  power_max: 28.8989522182661
