AC:
  C: 0.2960788753364803
  H_max: 20.903572043882807
  H_min: 17.008237317983212
  R: 13.434421194643456
  effi: 0.08868176442640419
  power_max: 28.174755878472034
