AC:
  C: 0.30537545636555186
  H_max: 22.38149189576128
  H_min: 18.258983023462317
  R: 14.266785827117504
  effi: 0.08091240823842924
  power_max: 27.533083142183813
