AC:
  C: 0.24636082113313768
  H_max: 21.81429021403719
  H_min: 15.113700535480577
  R: 12.34261430188634
  effi: 0.08260938806154675
  power_max: 26.87788400327083
