AC:
  C: 0.242090586365144
  H_max: 18.493895605944026
  H_min: 14.259628390561534
  R: 14.702597928613683
  effi: 0.08095528352311859
  power_max: 30.368052373533608
