AC:
  C: 0.2922260880954086
  H_max: 21.577412149532957
  H_min: 15.88456634437661
  R: 14.574594341499523
  effi: 0.09128152631116757
  power_max: 25.269463008327893
