AC:
  C: 0.23536022850815766
  H_max: 21.164978484871124
  H_min: 17.109091247753113
  R: 11.242450326168893
  effi: 0.08987347895448711
  power_max: 29.42541045125641
