AC:
  C: 0.19574517358890262
  H_max: 23.828378124031175
  H_min: 19.941038117682158
  R: 11.38152258293397
  effi: 0.09094215912373353
  power_max: 28.909779000907157
