AC:
  C: 0.2695893627764802
  H_max: 18.89578418579016
  H_min: 17.704777223833783
  R: 13.311334264053253
  effi: 0.07367563174205494
  power_max: 24.222190834038386
