AC:
  C: 0.27368006343510853
  H_max: 20.123027626915032
  H_min: 19.542992692052994
  R: 11.999454565527568
  effi: 0.08368101580672778
  power_max: 25.329861779253854
