AC:
  C: 0.2695080768936933
  H_max: 23.729394434033154
  H_min: 17.666736478378805
  R: 12.240461819667788
  effi: 0.08807024331549804
  power_max: 30.793676112607912
