AC:
  C: 0.3096667027674253
  H_max: 20.54084278739228
  H_min: 15.740618573647632
  R: 14.312891085598814
  effi: 0.0981393881965407
  power_max: 20.425986636409423
