AC:
  C: 0.2925900088088407
  H_max: 23.381769107577412
  H_min: 19.548068781179822
  R: 15.510550115015914
  effi: 0.0788824627375859
  power_max: 23.761514755652854
