AC:
  C: 0.28653006453270324
  H_max: 24.53239058189733
  H_min: 17.635714656515493
  R: 14.817179264616327
  effi: 0.08890167816256316
  power_max: 23.569288516421807
