AC:
  C: 0.20599219459484344
  H_max: 23.648114544122446
  H_min: 15.895225470512251
  R: 11.8727660872269
  effi: 0.09276144583961284
  power_max: 25.49226599908431
