AC:
  C: 0.2634939489858543
  H_max: 21.61291928405828
  H_min: 14.434785782053353
  R: 12.283405248436742
  effi: 0.09757968967398323
  power_max: 31.506754661139905
