AC:
  C: 0.27929280521625965
  H_max: 22.04433346269057
  H_min: 16.337596572549973
  R: 15.979717082197507
  effi: 0.09006520555439229
  power_max: 28.044898959782618
