AC:
  C: 0.2496252633242377
  H_max: 21.408309177907316
  H_min: 15.82221973656415
  R: 13.126537034158137
  effi: 0.08787937686886131
  power_max: 30.36781662045267
