AC:
  C: 0.2325554952540375
  H_max: 21.600678536134154
  H_min: 12.602882699168388
  R: 11.88859248028065
  effi: 0.08350499068366618
  power_max: 25.98635777893027
