AC:
  C: 0.24996851730707112
  H_max: 19.769971246260035
  H_min: 16.496513467096616
  R: 14.053486810588428
  effi: 0.09501619151830934
  power_max: 23.947442674839067
