AC:
  C: 0.25239024293350965
  H_max: 22.325290031314076
  H_min: 19.255145608001328
  R: 12.5471384842305
  effi: 0.08309712358778719
  power_max: 26.865154552834984
