AC:
  C: 0.20868615092721632
  H_max: 20.55030827223872
  H_min: 15.633265490758063
  R: 11.14217220531942
  effi: 0.07952332940625977
  power_max: 23.95582316280423
