AC:
  C: 0.2761250762235877
  H_max: 21.96902074978195
  H_min: 16.98689934873225
  R: 12.571355301190055
  effi: 0.07965146888196517
  power_max: 26.08788397697412
