AC:
  C: 0.2565326281312834
  H_max: 23.430426457277214
  H_min: 20.440715688075606
  R: 14.318009783385271
  effi: 0.08395241991954741
  power_max: 23.06115342144309
