AC:
  C: 0.2707393252515783
  H_max: 24.160589981686094
  H_min: 15.410477691515371
  R: 13.21859372988669
  effi: 0.0908088833119548
  power_max: 25.706754873062675
