AC:
  C: 0.23674852587184658
  H_max: 21.66449681909617
  H_min: 15.77235154225976
  R: 15.162013453825823
  effi: 0.10138078784934598
  power_max: 25.664591618471974
