AC:
  C: 0.21522911344910325
  H_max: 22.656470445784564
  H_min: 18.24038629332758
  R: 13.302671305824026
  effi: 0.07312229435425777
  power_max: 23.77835801928256
