AC:
  C: 0.2968313400272678
  H_max: 21.460451431007165
  H_min: 14.89350952109175
  R: 11.851871006793681
  effi: 0.09141676739007587
  power_max: 26.911224492303198
