AC:
  C: 0.27350183297774033
  H_max: 22.126872920852506
  H_min: 18.028868972028178
  R: 14.268984181359459
  effi: 0.06419287870470114
  power_max: 26.363049645185107
