AC:
  C: 0.24548164241827
  H_max: 24.313924514453955
  H_min: 17.390223316119055
  R: 13.803675131687582
  effi: 0.07461837134584107
  power_max: 30.13547785458236
