AC:
  C: 0.2750433073384017
  H_max: 24.102884305257973
  H_min: 17.003625825548067
  R: 12.015672754648694
  effi: 0.09121982337142347
  power_max: 29.797879985946516
