AC:
  C: 0.22114021904737804
  H_max: 22.10128046051361
  H_min: 18.245706958743284
  R: 11.955718251768229
  effi: 0.0703588159690726
  power_max: 28.35840135296123
