AC:
  C: 0.260414717221551
  H_max: 21.51773672097374
  H_min: 18.745549084317105
  R: 14.20805259976064
  effi: 0.09172918967106888
  power_max: 24.572514761359265
