AC:
  C: 0.3004491690368038
  H_max: 23.601209542976108
  H_min: 15.540194037005366
  R: 13.384912001177533
  effi: 0.08454437695016744
  power_max: 33.07372960568775
