AC:
  C: 0.27010142153514255
  H_max: 20.448445524637272
  H_min: 16.699360853776252
  R: 14.554634816049969
  effi: 0.09490324776752306
  power_max: 26.689597619999454
