AC:
  C: 0.2808221153003142
  H_max: 22.54454767675286
  H_min: 15.901377580408939
  R: 13.468211731903002
  effi: 0.07212133292652351
  power_max: 21.633043137006528
