AC:
  C: 0.2609510812795927
  H_max: 24.930521595336632
  H_min: 16.159879585381574
  R: 12.895347685034531
  effi: 0.07736119994684963
  power_max: 24.74972921140214
