AC:
  C: 0.2544487390516618
  H_max: 20.36824800779096
  H_min: 17.81650213419641
  R: 11.902875644542846
  effi: 0.07153869615513277
  power_max: 22.003265885468622
