AC:
  C: 0.2337723812556775
  H_max: 23.30248429797778
  H_min: 18.56725294314566
  R: 12.909549577020922
  effi: 0.09177982446628713
  power_max: 29.154744557434135
