AC:
  C: 0.259986056700058
  H_max: 20.73975377849468
  H_min: 14.27338247051921
  R: 12.908162558420974
  effi: 0.09072583800388473
  power_max: 26.837500918176612
