AC:
  C: 0.271299129728455
  H_max: 25.357728378449746
  H_min: 14.574714790617888
  R: 11.625929262257031
  effi: 0.08450052792131511
  power_max: 24.977020896433366
