AC:
  C: 0.2341153192504231
  H_max: 22.771608494760564
  H_min: 16.745575557025546
  R: 13.663317259962305
  effi: 0.08412612093488617
  power_max: 23.137656904760497
