AC:
  C: 0.24368110879026714
  H_max: 23.271796031827908
  H_min: 16.50379228416254
  R: 11.71244875957471
  effi: 0.080423948605762
  power_max: 31.870522634011767
