AC:
  C: 0.23150911152982379
  H_max: 23.85976448239836
  H_min: 19.577673130938923
  R: 12.692627667567761
  effi: 0.08560105031254725
  power_max: 30.904635711389172
