AC:
  C: 0.2399633779411542
  H_max: 19.288989260644104
  H_min: 16.931270237135458
  R: 12.063166315831657
  effi: 0.08435747326591093
  power_max: 27.755893637098954
