AC:
  C: 0.2627539643623834
  H_max: 22.524025006107568
  H_min: 16.047586647533986
  R: 12.605409368792092
  effi: 0.07823382366355441
  power_max: 27.03063117841778
