AC:
  C: 0.22352244201969432
  H_max: 18.98431400887204
  H_min: 16.10167571267148
  R: 14.97375352346685
  effi: 0.07693606740443616
  power_max: 26.450357077199488
