AC:
  C: 0.2551834867481311
  H_max: 26.21507535472118
  H_min: 16.105472886148558
  R: 12.833990633082617
  effi: 0.08502986531931264
  power_max: 27.813599088342418
