AC:
  C: 0.25921022123129184
  H_max: 20.0303411174356
  H_min: 15.300334705437614
  R: 13.428004585817419
  effi: 0.08136427091185817
  power_max: 29.152609227571496
