AC:
  C: 0.23636586230348092
  H_max: 19.101885663554633
  H_min: 16.33512032612893
  R: 13.399409925436604
  effi: 0.09331610651638274
  power_max: 24.563592651438633
