AC:
  C: 0.2666013926753689
  H_max: 17.84263530842466
  H_min: 17.973477429664772
  R: 12.835688648821211
  effi: 0.0859464448632238
  power_max: 24.99711311691017
