AC:
  C: 0.18682398858534072
  H_max: 19.646216684442038
  H_min: 16.479818877869235
  R: 14.267722868081117
  effi: 0.08091638985082733
  power_max: 24.099557994532738
