AC:
  C: 0.2610406522879974
  H_max: 20.76644233985651
  H_min: 17.004613338068832
  R: 11.683187757336652
  effi: 0.08965011431717781
  power_max: 24.64367996025351
