AC:
  C: 0.3331155770622965
  H_max: 20.290219386220638
  H_min: 16.167216286518922
  R: 15.259622434227724
  effi: 0.09348913124679924
  power_max: 21.36192544279476
