AC:
  C: 0.2097107779868551
  H_max: 17.314055852979607
  H_min: 16.74273112271876
  R: 13.881705114980015
  effi: 0.0835384642815169
  power_max: 27.804674706363343
