AC:
  C: 0.22559540262684522
  H_max: 22.037184612382404
  H_min: 15.775066010698229
  R: 14.353763082475373
  effi: 0.06719425858090744
  power_max: 29.26483217433959
