AC:
  C: 0.23875275799358678
  H_max: 22.091707530599585
  H_min: 17.618406397509254
  R: 12.202912880508098
  effi: 0.06853936878441416
  power_max: 27.316443300863508
