AC:
  C: 0.20900219142901685
  H_max: 22.398788182457498
  H_min: 18.392597215296963
  R: 12.876502874592171
  effi: 0.08691435107426668
  power_max: 29.066196320745732
