AC:
  C: 0.26907025517859734
  H_max: 21.147439628085422
  H_min: 17.38163390502372
  R: 10.163542828322742
  effi: 0.0870990368377561
  power_max: 23.328777508280172
