AC:
  C: 0.2600119245076991
  H_max: 22.39979976319897
  H_min: 18.29306303676019
  R: 13.23291945092431
  effi: 0.07857557637235867
  power_max: 27.987795304499173
