AC:
  C: 0.21460914691926777
  H_max: 20.409207377096074
  H_min: 17.84711796397636
  R: 14.220753254313275
  effi: 0.0836776295452871
  power_max: 22.03063489411998
