AC:
  C: 0.22922143552064303
  H_max: 16.849649164475228
  H_min: 18.53666938892853
  R: 12.877744180757443
  effi: 0.0910018507638648
  power_max: 25.843119462047987
