AC:
  C: 0.2524065250233644
  H_max: 24.715873624170353
  H_min: 15.3438971794113
  R: 11.972545619188681
  effi: 0.07768937424722401
  power_max: 23.266341038727553
