AC:
  C: 0.2617472983560209
  H_max: 22.136537709830613
  H_min: 15.765435762370325
  R: 14.133184739365294
  effi: 0.08408296709848155
  power_max: 24.945450520721245
