AC:
  C: 0.2640275438478532
  H_max: 21.035482157608737
  H_min: 18.673729227513515
  R: 11.499910961661215
  effi: 0.0817796003782961
  power_max: 29.51784057546679
