AC:
  C: 0.22805267423380865
  H_max: 22.950758762170487
  H_min: 17.141416535969473
  R: 12.148630359148894
  effi: 0.08822114952303818
  power_max: 23.554165289064287
