AC:
  C: 0.2663627273574998
  H_max: 25.110608341351625
  H_min: 16.45565232434577
  R: 16.387163454798092
  effi: 0.08428886676489687
  power_max: 27.45127815247904
