AC:
  C: 0.24109628937729483
  H_max: 23.12810606048081
  H_min: 16.565352302639678
  R: 13.8009381589813
  effi: 0.08348031460748155
  power_max: 31.06142776019046
