AC:
  C: 0.30613984148367823
  H_max: 24.073151766515004
  H_min: 17.32809524197499
  R: 15.440252801736857
  effi: 0.08626290646398319
  power_max: 25.195040280740205
