AC:
  C: 0.23307166194752346
  H_max: 22.361236575392113
  H_min: 18.27450059606607
  R: 14.124460644028114
  effi: 0.09317329792530325
  power_max: 27.476067630284067
