AC:
  C: 0.24807559264298792
  H_max: 21.02558727180924
  H_min: 15.386081925055308
  R: 16.224756384622218
  effi: 0.06374633279947946
  power_max: 31.315920765766165
