AC:
  C: 0.2456177290345451
  H_max: 20.722028127875863
  H_min: 16.432565069696267
  R: 15.221705359817175
  effi: 0.06496582467183547
  power_max: 27.663178850075113
