AC:
  C: 0.2509645077990555
  H_max: 21.35013487507274
  H_min: 14.63339947013865
  R: 14.654098313192248
  effi: 0.0841551480916569
  power_max: 25.74060309445233
