AC:
  C: 0.30903637596075145
  H_max: 19.704034287307223
  H_min: 16.280553119075744
  R: 14.142981187713938
  effi: 0.1036756662695107
  power_max: 29.107672863254905
