AC:
  C: 0.2642724545120101
  H_max: 26.579788877628364
  H_min: 15.423097892553267
  R: 11.407360468239313
  effi: 0.07045575684096032
  power_max: 31.10085007443982
