AC:
  C: 0.2682185785642853
  H_max: 21.118659921399423
  H_min: 18.651448521350698
  R: 13.594687811624047
  effi: 0.07866607624796794
  power_max: 28.78239573631614
