AC:
  C: 0.27594587848714675
  H_max: 22.621579060483295
  H_min: 17.16068777510112
  R: 14.516392557890008
  effi: 0.09841513142762454
  power_max: 25.475659885485445
