AC:
  C: 0.2667902112431236
  H_max: 22.060177297175272
  H_min: 17.315178157902395
  R: 14.322549388064141
  effi: 0.10366064816450814
  power_max: 24.68325041976207
