AC:
  C: 0.23100310926594017
  H_max: 21.266198769180914
  H_min: 19.304482879648976
  R: 10.831793192849938
  effi: 0.08788076737975774
  power_max: 27.600191921771202
