AC:
  C: 0.2595691304931836
  H_max: 21.536393248915196
  H_min: 17.180276971609832
  R: 13.542000477653483
  effi: 0.08369639559570297
  power_max: 26.58179178903144
