AC:
  C: 0.23713251973219202
  H_max: 21.384806790994645
  H_min: 18.549204886785283
  R: 15.624594135716958
  effi: 0.08707855030505018
  power_max: 27.17661909323945
