AC:
  C: 0.24328310649988363
  H_max: 22.88960115276337
  H_min: 18.51346079842658
  R: 11.396895487894186
  effi: 0.08523271904052078
  power_max: 27.44354997826345
