AC:
  C: 0.239614456488291
  H_max: 20.659260828825435
  H_min: 17.511293528245012
  R: 13.83675630421984
  effi: 0.08792898454220126
  power_max: 28.265014277099137
