AC:
  C: 0.2700594913601321
  H_max: 18.706907692025872
  H_min: 18.49097743810364
  R: 14.83365961958831
  effi: 0.1039391712122952
  power_max: 26.77427901452816
