AC:
  C: 0.23260687718020473
  H_max: 23.792120279665717
  H_min: 16.950606106619627
  R: 13.064197012816727
  effi: 0.07979343627920654
  power_max: 25.23019856473753
