AC:
  C: 0.25850431837619714
  H_max: 18.115457888393497
  H_min: 17.312111436489754
  R: 12.940698656871069
  effi: 0.08855645370760183
  power_max: 27.687291385126326
