AC:
  C: 0.21109785647209092
  H_max: 21.4422126490326
  H_min: 10.600745317677436
  R: 13.312372215453706
  effi: 0.08778824429111139
  power_max: 27.371405227518718
