AC:
  C: 0.30247905519910334
  H_max: 18.11243617754847
  H_min: 20.039787492967857
  R: 14.196928124839163
  effi: 0.0959708897898377
  power_max: 28.669720160954704
