AC:
  C: 0.2195788164676752
  H_max: 22.193776565006697
  H_min: 18.036654922147424
  R: 12.894334175980154
  effi: 0.08234604009218671
  power_max: 27.22466294852401
