AC:
  C: 0.2896165498074105
  H_max: 24.600105358012765
  H_min: 21.168997456345515
  R: 13.559177414603917
  effi: 0.08540147667831746
  power_max: 26.25360563494649
