AC:
  C: 0.2985019938590401
  H_max: 22.832730880205318
  H_min: 17.368773324996447
  R: 15.707757824993777
  effi: 0.06722851334399206
  power_max: 28.122717785202333
