AC:
  C: 0.25530707440813705
  H_max: 22.450772938258616
  H_min: 16.38958732635322
  R: 14.363248068243085
  effi: 0.08629844529786455
  power_max: 25.82563608177658
