AC:
  C: 0.26831846485403016
  H_max: 18.747685814751527
  H_min: 17.19529677157611
  R: 12.471931234548569
  effi: 0.1029209223193443
  power_max: 33.850815795966305
