AC:
  C: 0.2474435224071284
  H_max: 17.977800080936802
  H_min: 17.215201077350812
  R: 12.920744669543458
  effi: 0.08100837147116577
  power_max: 24.089280399330374
