AC:
  C: 0.2483980516212076
  H_max: 27.487069929773174
  H_min: 17.621796594429917
  R: 12.566238981609471
  effi: 0.07916196836523108
  power_max: 28.52823770979532
