AC:
  C: 0.25949878230124873
  H_max: 20.809592572211375
  H_min: 18.30779970375693
  R: 14.117133204364594
  effi: 0.07480287420316166
  power_max: 26.98889692259722
