AC:
  C: 0.2654568285826407
  H_max: 21.47001246262069
  H_min: 17.54374236145627
  R: 14.501957037795629
  effi: 0.08317924437054187
  power_max: 31.034292627845776
