AC:
  C: 0.28595528521798913
  H_max: 17.955824447322925
  H_min: 16.377800661068054
  R: 12.696358226053592
  effi: 0.08587879792828819
  power_max: 26.700010975766507
