AC:
  C: 0.2775854240971097
  H_max: 20.936617346032865
  H_min: 15.340971553496992
  R: 15.426532550354864
  effi: 0.07386811658746274
  power_max: 24.329790812623667
