AC:
  C: 0.2706827069700839
  H_max: 21.159124390610295
  H_min: 17.88840099360541
  R: 13.772884779734738
  effi: 0.07714373864238247
  power_max: 31.314308241700346
