AC:
  C: 0.24343790091919978
  H_max: 20.08457295477788
  H_min: 17.960285692261163
  R: 12.230914931041012
  effi: 0.06303646276394473
  power_max: 24.46078645018262
