AC:
  C: 0.2633866961977886
  H_max: 19.996576793553672
  H_min: 18.002952714099358
  R: 13.284641936920204
  effi: 0.0856188658809289
  power_max: 27.619429917032363
