AC:
  C: 0.24944498596932177
  H_max: 19.738169436844768
  H_min: 18.91774602078765
  R: 12.728168352702985
  effi: 0.0860141612900879
  power_max: 22.684451501451388
