AC:
  C: 0.2815669055145498
  H_max: 19.910888824796636
  H_min: 16.423238177845025
  R: 10.509681225527881
  effi: 0.08640272083286919
  power_max: 22.213643933704933
