AC:
  C: 0.25920098738950476
  H_max: 24.622019745698868
  H_min: 17.37958198071066
  R: 13.66863174029693
  effi: 0.09735013146757832
  power_max: 26.22020901274907
