AC:
  C: 0.2858141104707141
  H_max: 20.40966038340234
  H_min: 18.010823442844266
  R: 13.663037439657513
  effi: 0.0869491862101442
  power_max: 22.883080090779057
