AC:
  C: 0.2963005163008926
  H_max: 22.77889761040109
  H_min: 17.025569530923917
  R: 12.236261822330716
  effi: 0.06112909589722149
  power_max: 26.10663150831115
