AC:
  C: 0.2712725841461969
  H_max: 18.066612953949985
  H_min: 13.169739181042171
  R: 13.76878354462268
  effi: 0.0772686495926004
  power_max: 26.828016304387976
