AC:
  C: 0.2882417211157754
  H_max: 20.371251456765567
  H_min: 17.746872751517472
  R: 11.649118066846025
  effi: 0.08211860207059511
  power_max: 23.46073891374233
