AC:
  C: 0.25215444636113193
  H_max: 21.46401595777019
  H_min: 18.774725262136084
  R: 17.56000803656553
  effi: 0.09451428129533508
  power_max: 30.215642758545034
