AC:
  C: 0.2443629250733487
  H_max: 24.145166683558635
  H_min: 15.578473198564307
  R: 13.691766587084667
  effi: 0.08099124080035391
  power_max: 28.997493733138214
