AC:
  C: 0.2695968349603644
  H_max: 20.338213250242518
  H_min: 18.10027560173909
  R: 12.932414180523521
  effi: 0.07281089901732504
  power_max: 24.522442370449994
