AC:
  C: 0.2570438625674036
  H_max: 19.791888310772155
  H_min: 17.92184584275319
  R: 14.148330749164568
  effi: 0.08698265626572817
  power_max: 28.163354900939268
