AC:
  C: 0.24999401741145882
  H_max: 22.967442862006642
  H_min: 17.690679714452386
  R: 12.461325739087659
  effi: 0.08821584672181886
  power_max: 30.002506538347195
