AC:
  C: 0.2674977942600975
  H_max: 17.991330555092976
  H_min: 18.24705958523452
  R: 12.369668611599627
  effi: 0.0913332278097032
  power_max: 26.480718614467175
