AC:
  C: 0.2823962458764659
  H_max: 24.475599501336188
  H_min: 15.109663114767214
  R: 14.621214128103224
  effi: 0.07837131739901733
  power_max: 33.97212379691799
