AC:
  C: 0.24294776816893243
  H_max: 21.712238035691783
  H_min: 22.067020304072834
  R: 13.655858060757941
  effi: 0.08978732342092162
  power_max: 26.977834293956736
