AC:
  C: 0.25725915334280736
  H_max: 22.62123125289601
  H_min: 14.923695668533231
  R: 12.84411628899302
  effi: 0.06707119364900431
  power_max: 27.43852189350134
