AC:
  C: 0.24311764304524267
  H_max: 26.167801152865614
  H_min: 14.475500228540435
  R: 15.216097296259592
  effi: 0.07938570083543252
  power_max: 27.04541863252125
