AC:
  C: 0.22374806910937692
  H_max: 23.879049760940298
  H_min: 20.361410166780402
  R: 13.189187370947897
  effi: 0.08598954753418435
  power_max: 24.46302677411131
