AC:
  C: 0.298517505775565
  H_max: 25.211179882086455
  H_min: 17.739273429397514
  R: 13.348424087695781
  effi: 0.08328236644085188
  power_max: 30.374361903101494
