AC:
  C: 0.2658602950645341
  H_max: 22.147194770469362
  H_min: 18.16431549241281
  R: 14.709721192266084
  effi: 0.07455554672750904
  power_max: 29.28551770546982
