AC:
  C: 0.31696785561690705
  H_max: 21.47544384775922
  H_min: 14.75980650263694
  R: 13.527628129843306
  effi: 0.07186568408901227
  power_max: 24.311379163195262
