AC:
  C: 0.2844459343829695
  H_max: 22.57618070523516
  H_min: 15.549311946661685
  R: 15.585066928989058
  effi: 0.09178590569146836
  power_max: 26.56122938327252
