AC:
  C: 0.266124606106306
  H_max: 25.26993662253964
  H_min: 16.904613829205005
  R: 11.008452585967037
  effi: 0.07265360851201336
  power_max: 24.729384364304725
