AC:
  C: 0.26182310579195023
  H_max: 18.687483273796506
  H_min: 14.655616454468866
  R: 13.953582288049654
  effi: 0.07583030883434794
  power_max: 25.097652292253542
