AC:
  C: 0.2685653298418333
  H_max: 21.456818791328097
  H_min: 17.834652765125682
  R: 13.377959724555627
  effi: 0.08789482052980342
  power_max: 28.114745541828594
