AC:
  C: 0.2528560572754153
  H_max: 21.27486863373946
  H_min: 16.031840374453157
  R: 13.72665078512016
  effi: 0.07162253177020864
  power_max: 26.89529202885482
