AC:
  C: 0.26980372571480027
  H_max: 27.05076981333667
  H_min: 16.857827992043322
  R: 11.04947907236238
  effi: 0.0789105285037079
  power_max: 26.944083143139114
