AC:
  C: 0.2663753975279209
  H_max: 19.40150413357541
  H_min: 15.72397940369375
  R: 10.13771713667344
  effi: 0.08897491466455022
  power_max: 26.24767978499822
