AC:
  C: 0.2761495998846316
  H_max: 19.724639937982126
  H_min: 17.962182675798008
  R: 15.438827752495158
  effi: 0.08905316677202814
  power_max: 25.311127327792917
