AC:
  C: 0.22256009528503837
  H_max: 19.705579496415172
  H_min: 16.136414543514338
  R: 13.171549053163298
  effi: 0.07729083465593864
  power_max: 19.807072869675963
