AC:
  C: 0.28165506067372126
  H_max: 21.446165025934263
  H_min: 17.85796081799449
  R: 14.994141887820629
  effi: 0.0820936536420278
  power_max: 28.064961282355437
