AC:
  C: 0.26149787921778206
  H_max: 19.38602019270503
  H_min: 18.170427338499984
  R: 10.72627550472097
  effi: 0.08907764006630518
  power_max: 26.953211118699997
