AC:
  C: 0.25052434245667854
  H_max: 21.216725357936205
  H_min: 18.68303066808145
  R: 11.807010493606333
  effi: 0.08850404915667341
  power_max: 30.191944744761923
