AC:
  C: 0.21835142804633303
  H_max: 21.243218719613935
  H_min: 14.263412429398215
  R: 10.830631499835297
  effi: 0.09989334703404196
  power_max: 25.374359841178542
