AC:
  C: 0.2503580828677923
  H_max: 18.584091421254332
  H_min: 17.560461588023657
  R: 14.204135450923586
  effi: 0.08613422900688536
  power_max: 24.98798651660312
