AC:
  C: 0.2515114861378251
  H_max: 20.545708020521893
  H_min: 15.503124293184017
  R: 13.01203719554446
  effi: 0.08958944299049858
  power_max: 26.69238269618707
