AC:
  C: 0.29219170807851785
  H_max: 22.665391748552853
  H_min: 15.705087704882848
  R: 14.132242111857027
  effi: 0.07424582481488833
  power_max: 21.500076534260316
