AC:
  C: 0.2576368706520318
  H_max: 22.96311189787461
  H_min: 15.280960377330823
  R: 13.463951886189152
  effi: 0.07726378304886411
  power_max: 28.267451100322653
