AC:
  C: 0.27405415906643543
  H_max: 18.693454116564446
  H_min: 16.854529642306897
  R: 15.460528884108252
  effi: 0.08442927865716009
  power_max: 23.848138780033683
