AC:
  C: 0.24458337285917478
  H_max: 21.700583996114453
  H_min: 18.56247016113423
  R: 12.226375912774001
  effi: 0.07687271268926386
  power_max: 28.664710543275717
