AC:
  C: 0.22480267599220638
  H_max: 20.48477466399209
  H_min: 19.32453244621525
  R: 13.935386471473272
  effi: 0.09140029877434522
  power_max: 27.497382072926207
