AC:
  C: 0.23939143440852811
  H_max: 20.011890316413965
  H_min: 16.62746247309097
  R: 14.423988412523274
  effi: 0.08632466766900078
  power_max: 28.037113401523584
