AC:
  C: 0.211722400626341
  H_max: 24.295268689485255
  H_min: 18.58017807348728
  R: 13.424070345952833
  effi: 0.0712366417615195
  power_max: 24.12025418682731
