AC:
  C: 0.2591128717158569
  H_max: 22.78565464075677
  H_min: 17.544869096748023
  R: 13.67353678768611
  effi: 0.06168583108795634
  power_max: 24.777519615256665
