AC:
  C: 0.2399070455498419
  H_max: 20.280548313874327
  H_min: 18.1776661398388
  R: 15.462698788702246
  effi: 0.09300299904643931
  power_max: 27.102961076756824
