AC:
  C: 0.20039274269714377
  H_max: 21.34500411992383
  H_min: 17.70967848574728
  R: 13.724101188087788
  effi: 0.08572468913426283
  power_max: 27.380721308938437
