AC:
  C: 0.2698104838923586
  H_max: 21.68945596067308
  H_min: 13.953131634342439
  R: 13.110104389615724
  effi: 0.08502108337275859
  power_max: 23.070716875162773
