AC:
  C: 0.2625851352618016
  H_max: 20.53377317978812
  H_min: 17.18929108965227
  R: 15.418128314283294
  effi: 0.07443883306708612
  power_max: 29.2885638945188
