AC:
  C: 0.2532109949682422
  H_max: 16.590851065088206
  H_min: 15.370024257910314
  R: 13.653417689454821
  effi: 0.08266279932060358
  power_max: 21.336850611080415
