AC:
  C: 0.25704068733748386
  H_max: 23.427345997121563
  H_min: 16.55908467200098
  R: 14.697221671072652
  effi: 0.09201338243455642
  power_max: 28.675319650452533
