AC:
  C: 0.22031962085754828
  H_max: 22.372300574735004
  H_min: 17.663455096454996
  R: 12.843614229838128
  effi: 0.08307524276857303
  power_max: 25.851060384646498
