AC:
  C: 0.2819381398472881
  H_max: 21.975326565123765
  H_min: 19.82897973646208
  R: 14.443103640931616
  effi: 0.07874213270653162
  power_max: 23.26052869488449
