AC:
  C: 0.2684177213173041
  H_max: 21.535164933661157
  H_min: 18.38256546985473
  R: 11.539570641564582
  effi: 0.08043243858298424
  power_max: 27.716243065686445
