AC:
  C: 0.3070094990012429
  H_max: 23.537790115355875
  H_min: 14.051174037046426
  R: 12.802975099418335
  effi: 0.077330904914357
  power_max: 30.137532646306816
