AC:
  C: 0.2783700830995222
  H_max: 22.057589437189417
  H_min: 17.60114899929429
  R: 15.334250748439588
  effi: 0.08697545471726745
  power_max: 24.831565187561164
