AC:
  C: 0.22121626237705844
  H_max: 18.926567679224142
  H_min: 16.578443609443394
  R: 12.678234890838848
  effi: 0.08969351737168187
  power_max: 25.169059025531414
