AC:
  C: 0.2581267608723782
  H_max: 19.934731507485342
  H_min: 19.310038897189113
  R: 13.0377463396049
  effi: 0.08790330963001594
  power_max: 28.96673975666255
