AC:
  C: 0.24520581369241942
  H_max: 24.05082939468635
  H_min: 20.25230405659274
  R: 12.828863952995542
  effi: 0.08448460578447711
  power_max: 28.535736029177983
