AC:
  C: 0.24301870006385262
  H_max: 21.1207408509337
  H_min: 17.20397387321108
  R: 16.095828036081404
  effi: 0.08114301290262263
  power_max: 23.43076554969479
