AC:
  C: 0.24509143200474257
  H_max: 21.105720425464753
  H_min: 16.271351780428994
  R: 10.896685520279561
  effi: 0.07857462387450909
  power_max: 27.78364184282411
