AC:
  C: 0.2812542422977709
  H_max: 26.445902547412842
  H_min: 14.457446578155436
  R: 12.753767442330929
  effi: 0.06960994525620375
  power_max: 24.97949021000154
