AC:
  C: 0.24093712166354672
  H_max: 19.55275533826212
  H_min: 15.42961046789636
  R: 12.516318924520323
  effi: 0.09818937062620942
  power_max: 26.165421737946424
