AC:
  C: 0.2815243801106801
  H_max: 25.06671092587085
  H_min: 17.16895535462359
  R: 11.993573066368176
  effi: 0.08220651563421544
  power_max: 27.04776512909033
