AC:
  C: 0.2758570493825748
  H_max: 20.14411621976799
  H_min: 16.656185959463144
  R: 10.51925770288228
  effi: 0.09266845278324581
  power_max: 27.35433637107291
