AC:
  C: 0.2782608271729537
  H_max: 21.640589566075153
  H_min: 18.17330253667499
  R: 14.56107157138853
  effi: 0.07549262020141888
  power_max: 27.337600698409368
