AC:
  C: 0.28328609882328104
  H_max: 22.766253511531755
  H_min: 16.535746743768517
  R: 15.059073940530354
  effi: 0.10160267366078793
  power_max: 30.153284705086428
