AC:
  C: 0.22877522136501785
  H_max: 22.424468435055605
  H_min: 16.971701537922055
  R: 11.619211214390832
  effi: 0.09261741206166668
  power_max: 28.549008567936884
