AC:
  C: 0.2889895713345126
  H_max: 21.085433374293334
  H_min: 17.404848530967605
  R: 13.433842652665767
  effi: 0.07429536460472667
  power_max: 28.18479564010312
