AC:
  C: 0.29171907177708234
  H_max: 22.927956554766496
  H_min: 18.497506486176732
  R: 13.131273547484726
  effi: 0.08499333161797029
  power_max: 25.52526009257713
