AC:
  C: 0.17452431952587097
  H_max: 19.88385851588876
  H_min: 20.033204488754087
  R: 15.239845978487748
  effi: 0.0881949213292062
  power_max: 35.34951010498781
