AC:
  C: 0.2498469028420706
  H_max: 22.534216394427705
  H_min: 16.310858363321408
  R: 13.304971323483977
  effi: 0.09003199495500595
  power_max: 26.84779685232531
