AC:
  C: 0.2760055035050955
  H_max: 24.10653699338232
  H_min: 17.17144341102044
  R: 11.119320363660224
  effi: 0.05788066007543394
  power_max: 26.69552512317425
