AC:
  C: 0.2596809279469883
  H_max: 21.269539118863957
  H_min: 17.295676121151086
  R: 15.11361285938115
  effi: 0.07226554779603125
  power_max: 25.800692585250232
