AC:
  C: 0.24488214513928372
  H_max: 23.225987907502365
  H_min: 15.933401916989487
  R: 12.93870429473821
  effi: 0.07592155811516507
  power_max: 19.47705253726959
