AC:
  C: 0.2856213750032833
  H_max: 22.32198569768778
  H_min: 17.602730271953902
  R: 12.40738015335907
  effi: 0.08646097874143427
  power_max: 32.09343547015804
