AC:
  C: 0.18238507885401653
  H_max: 20.394818043742713
  H_min: 17.499729539380194
  R: 14.252166172324355
  effi: 0.09500656009203327
  power_max: 26.629329183253546
