AC:
  C: 0.29578038403891893
  H_max: 18.938190904407456
  H_min: 18.41125264330583
  R: 11.894115185308344
  effi: 0.08920743521947498
  power_max: 25.25332373844388
