AC:
  C: 0.2596172262789714
  H_max: 21.22719080978498
  H_min: 18.07082597491719
  R: 12.676367897643864
  effi: 0.07735495900911225
  power_max: 27.748790376080986
