AC:
  C: 0.2546498015525256
  H_max: 21.632923149106045
  H_min: 15.53432660625363
  R: 13.7770306664087
  effi: 0.06523941423000068
  power_max: 31.719258378414594
