AC:
  C: 0.22189570249393306
  H_max: 20.761564219409706
  H_min: 18.127656906307596
  R: 14.914984514446868
  effi: 0.09031847086397687
  power_max: 28.254937992271433
