AC:
  C: 0.3015712410942361
  H_max: 21.92748672367224
  H_min: 18.467982400070973
  R: 13.251480467008905
  effi: 0.08814893737302255
  power_max: 23.126117757429494
