AC:
  C: 0.28691573431447115
  H_max: 19.680340261096223
  H_min: 14.490975801053281
  R: 16.615321752387537
  effi: 0.09029967421616664
  power_max: 27.066502598845194
