AC:
  C: 0.2489113098728369
  H_max: 19.977387312740447
  H_min: 17.778418744539938
  R: 12.625452801362474
  effi: 0.09699735752144266
  power_max: 24.21227578441867
