AC:
  C: 0.2815133959145544
  H_max: 20.55299404250154
  H_min: 19.179848681832862
  R: 14.657710210003016
  effi: 0.07322786959445143
  power_max: 24.236414129703913
