AC:
  C: 0.25907850672579347
  H_max: 18.180544546480235
  H_min: 20.687167829560074
  R: 14.114346027681894
  effi: 0.08530015189712478
  power_max: 26.65745385659184
