AC:
  C: 0.2699181840226687
  H_max: 21.433675849151573
  H_min: 17.38801544755267
  R: 13.399257318730076
  effi: 0.08996563143588383
  power_max: 25.477704199793205
