AC:
  C: 0.2923039546753033
  H_max: 20.90865720159672
  H_min: 18.70490412634451
  R: 14.60334419593534
  effi: 0.06959682086399509
  power_max: 26.411900964018088
