AC:
  C: 0.2550525776595347
  H_max: 21.77782941425592
  H_min: 18.519286455613226
  R: 12.066654675049492
  effi: 0.07462817001521266
  power_max: 24.11618694373812
