AC:
  C: 0.20256949634773122
  H_max: 21.2129060505078
  H_min: 19.79116621423677
  R: 13.596531967242155
  effi: 0.07430666520067787
  power_max: 27.193783023695524
