AC:
  C: 0.2892583095559614
  H_max: 22.774606382471568
  H_min: 16.833268865163035
  R: 15.833121469124219
  effi: 0.08056262173463402
  power_max: 27.71155905319339
