AC:
  C: 0.27238534118135965
  H_max: 24.588437752383353
  H_min: 18.315305078204865
  R: 13.47820184560302
  effi: 0.08679350760356824
  power_max: 25.193343237867186
