AC:
  C: 0.2420067022922393
  H_max: 16.88470291585413
  H_min: 16.69079722031978
  R: 12.448372506931502
  effi: 0.0802864573828505
  power_max: 27.800108256317824
