AC:
  C: 0.22061739935988917
  H_max: 21.342576846475723
  H_min: 16.41670285353
  R: 11.477976771968105
  effi: 0.08521493376609465
  power_max: 25.728857102436177
