AC:
  C: 0.29590129825195277
  H_max: 21.100218096868005
  H_min: 17.51371934421529
  R: 12.14346548679065
  effi: 0.0926890390888399
  power_max: 26.8459691463654
