AC:
  C: 0.26648152125838154
  H_max: 21.883632400257728
  H_min: 15.300097573299182
  R: 12.504976903327284
  effi: 0.09496066036490415
  power_max: 26.04303451691375
