AC:
  C: 0.24510515189783094
  H_max: 22.077290903709343
  H_min: 14.442674050512593
  R: 10.999402343135376
  effi: 0.08149143352078637
  power_max: 24.200767959053863
