AC:
  C: 0.2525936726054275
  H_max: 22.437213478461416
  H_min: 16.837174857398008
  R: 12.599951192954567
  effi: 0.09972495496628363
  power_max: 26.09250121738859
