AC:
  C: 0.31928048892760835
  H_max: 17.12040189075499
  H_min: 17.930775424894577
  R: 12.646489537817038
  effi: 0.08670327174660047
  power_max: 31.029026853430917
