AC:
  C: 0.3405702245317924
  H_max: 17.361356994360506
  H_min: 19.5872845881919
  R: 13.579004389778332
  effi: 0.08301350775446581
  power_max: 25.08993060549129
