AC:
  C: 0.27703794151519723
  H_max: 23.83557230455762
  H_min: 19.32513280101584
  R: 14.403268241745469
  effi: 0.07389413307037955
  power_max: 25.829704386891798
