AC:
  C: 0.20318219543787164
  H_max: 15.621786003095464
  H_min: 15.680436213934449
  R: 12.152219204741572
  effi: 0.08551478815432778
  power_max: 27.072164060443807
