AC:
  C: 0.26370980232707725
  H_max: 18.25223869640251
  H_min: 20.914745162960745
  R: 12.342140331984941
  effi: 0.08242579653171642
  power_max: 26.354995126888852
