AC:
  C: 0.29216108968939825
  H_max: 22.865824923269518
  H_min: 19.375828010201488
  R: 14.191460036918604
  effi: 0.07338917089537467
  power_max: 25.912443977135293
