AC:
  C: 0.25913301007331346
  H_max: 21.784472117714948
  H_min: 18.685557383591377
  R: 12.766204378560303
  effi: 0.09080098381199453
  power_max: 30.475027972590205
