AC:
  C: 0.26583370206344953
  H_max: 22.030866728179323
  H_min: 15.999855795175174
  R: 14.683039805322434
  effi: 0.07989984991027997
  power_max: 28.530429059502683
