AC:
  C: 0.2505568056586866
  H_max: 21.728634087477644
  H_min: 19.431044879786505
  R: 15.274044754194943
  effi: 0.07787030048604839
  power_max: 22.75064096657698
