AC:
  C: 0.19449047752169293
  H_max: 22.105188659672816
  H_min: 15.16102365519249
  R: 12.386044592682609
  effi: 0.07495609852424381
  power_max: 28.02427176407925
