AC:
  C: 0.2527901571844703
  H_max: 23.4548514878878
  H_min: 16.290216473835397
  R: 13.27662265185387
  effi: 0.07629509203500191
  power_max: 26.00279296068622
