AC:
  C: 0.28402478940747583
  H_max: 23.543620021203314
  H_min: 20.036026078260083
  R: 13.080363388264185
  effi: 0.06762593284708868
  power_max: 24.341165833192445
