AC:
  C: 0.2660068567304542
  H_max: 17.57156063827949
  H_min: 19.80546939312194
  R: 12.650747464591522
  effi: 0.06872334807242396
  power_max: 25.31615502824194
