AC:
  C: 0.2975172185699212
  H_max: 22.2562388029788
  H_min: 17.33637009698474
  R: 12.222476620492262
  effi: 0.08690175787908354
  power_max: 23.406630108572724
