AC:
  C: 0.310645606400476
  H_max: 19.124509851795413
  H_min: 17.081629640245897
  R: 12.628948235025067
  effi: 0.07955695123601055
  power_max: 30.861008504358765
