AC:
  C: 0.2884682423361487
  H_max: 20.0731253649139
  H_min: 14.175787507801038
  R: 13.280541821341444
  effi: 0.09295736568828596
  power_max: 23.286385127656803
