AC:
  C: 0.2456871161772482
  H_max: 20.59339543381327
  H_min: 20.581690816043928
  R: 13.070838332585062
  effi: 0.0777903257475661
  power_max: 29.320056250530502
