AC:
  C: 0.269729812702141
  H_max: 21.388785080947255
  H_min: 20.00418225511019
  R: 14.875535305373921
  effi: 0.08713079510783116
  power_max: 23.38768766475092
