AC:
  C: 0.2957765737958605
  H_max: 22.607711718684474
  H_min: 18.483862701725137
  R: 11.677732819677098
  effi: 0.08888783978639665
  power_max: 25.55718182777613
