AC:
  C: 0.2549331239870716
  H_max: 23.139312997470075
  H_min: 17.395886594747164
  R: 12.057297513606771
  effi: 0.06877144910284305
  power_max: 23.280156268477818
