AC:
  C: 0.26984268381396287
  H_max: 22.05264978970512
  H_min: 18.828775021866104
  R: 13.487275212819563
  effi: 0.0831345340180554
  power_max: 29.400531033597698
