AC:
  C: 0.27083373531890315
  H_max: 25.01984281329386
  H_min: 17.77550218603174
  R: 14.348280746878986
  effi: 0.087259487578312
  power_max: 27.470434527999917
