AC:
  C: 0.2779542991689724
  H_max: 26.200505927858824
  H_min: 18.08151033111041
  R: 14.421253618065018
  effi: 0.09971543590769272
  power_max: 30.224240434899386
