AC:
  C: 0.2346815860072009
  H_max: 24.071894650987527
  H_min: 15.783702931528534
  R: 14.372670938145362
  effi: 0.08488219203553864
  power_max: 28.2460185105993
