AC:
  C: 0.28485941385656705
  H_max: 20.255241938438935
  H_min: 17.712591287121615
  R: 16.153955056048105
  effi: 0.08177702013430208
  power_max: 28.143648359269044
