AC:
  C: 0.302086826772785
  H_max: 20.46919226102355
  H_min: 19.571601304121383
  R: 15.133616402380726
  effi: 0.07326980495411217
  power_max: 27.566501007324124
