AC:
  C: 0.23492701653306566
  H_max: 23.309144937963907
  H_min: 15.553031829951573
  R: 14.393944199473149
  effi: 0.07155078436350437
  power_max: 22.767537948452738
