AC:
  C: 0.2709781279228393
  H_max: 21.904495835437793
  H_min: 21.230591774685763
  R: 14.304335836406425
  effi: 0.08910235840952896
  power_max: 24.03129922511051
