AC:
  C: 0.3028723809155858
  H_max: 17.923278704471567
  H_min: 16.576342371552233
  R: 8.494249130923771
  effi: 0.06707669674703011
  power_max: 23.589055823439477
