AC:
  C: 0.30722046562016525
  H_max: 22.557765168656687
  H_min: 17.562152666064296
  R: 15.139682396113054
  effi: 0.07946178951930875
  power_max: 25.54979668958574
