AC:
  C: 0.24677949135026062
  H_max: 18.612998799931173
  H_min: 14.351714677171497
  R: 14.534221301554183
  effi: 0.08438473572105584
  power_max: 28.808820458328125
