AC:
  C: 0.22882669805421163
  H_max: 23.261715854356122
  H_min: 14.629516042842669
  R: 13.634143804859743
  effi: 0.08628171154809659
  power_max: 30.677965085838345
