AC:
  C: 0.22803222309132237
  H_max: 19.863154749742613
  H_min: 17.51865782907401
  R: 13.524819299909293
  effi: 0.08193198984682448
  power_max: 20.720412134262318
