AC:
  C: 0.23352907682226376
  H_max: 21.34555505081254
  H_min: 16.58495168187378
  R: 12.827289131483374
  effi: 0.07894978099203535
  power_max: 26.131548965542997
