AC:
  C: 0.27057974793471823
  H_max: 21.902837593351453
  H_min: 18.584622663263758
  R: 14.155128510197574
  effi: 0.09079626495889617
  power_max: 28.4261655547078
