AC:
  C: 0.2552407845368827
  H_max: 24.13066918597629
  H_min: 16.87726645974513
  R: 13.921466568408144
  effi: 0.0832469634234126
  power_max: 23.65670916622091
