AC:
  C: 0.22857689205994655
  H_max: 21.59878303609775
  H_min: 18.385747686516687
  R: 13.409786842910833
  effi: 0.09807684837613542
  power_max: 26.298256760186604
