AC:
  C: 0.2745896385913036
  H_max: 22.050076062577606
  H_min: 16.60708779002181
  R: 12.603359296315057
  effi: 0.08489572991513708
  power_max: 28.399585840985658
