AC:
  C: 0.2473310197472766
  H_max: 18.511249163138
  H_min: 14.842727865708227
  R: 12.19624977887008
  effi: 0.08202698260630002
  power_max: 26.628767843754147
