AC:
  C: 0.2679522510506417
  H_max: 24.86608027863387
  H_min: 19.865532529137795
  R: 13.67160514604653
  effi: 0.08910723864043577
  power_max: 29.316756452144965
