AC:
  C: 0.26614979795933047
  H_max: 19.721238381901102
  H_min: 15.392991835946477
  R: 12.19658764086672
  effi: 0.09752047608499709
  power_max: 23.971374546548248
