AC:
  C: 0.24890888923864338
  H_max: 21.49310375555342
  H_min: 18.133508293952595
  R: 12.436796863771601
  effi: 0.09036473586732502
  power_max: 27.178354728597064
