AC:
  C: 0.2500591080986787
  H_max: 23.948026190840153
  H_min: 15.040451848736792
  R: 13.68257844835234
  effi: 0.09271019169698162
  power_max: 25.315213113334277
