AC:
  C: 0.25416935217637504
  H_max: 21.80473609788194
  H_min: 14.225561677385485
  R: 11.219552305334274
  effi: 0.08452896319331257
  power_max: 21.980234880122357
