AC:
  C: 0.2709917189439563
  H_max: 22.682427859185662
  H_min: 18.41541871491276
  R: 12.535848202023386
  effi: 0.08048927149777192
  power_max: 27.460165399565586
