AC:
  C: 0.25465251148815926
  H_max: 21.83272217758848
  H_min: 18.11539278840424
  R: 10.466212043811662
  effi: 0.07373399966888648
  power_max: 30.25379983635587
