AC:
  C: 0.25311993104185604
  H_max: 17.335357228311786
  H_min: 17.676689246557004
  R: 13.001708280463008
  effi: 0.07063090138099025
  power_max: 26.72267568380575
