AC:
  C: 0.24601470887846735
  H_max: 17.754290315305916
  H_min: 16.84753117095624
  R: 15.258267340161535
  effi: 0.09124176875997468
  power_max: 28.534701534656552
