AC:
  C: 0.25847722835875214
  H_max: 20.405600232385133
  H_min: 19.75777895493823
  R: 13.75264065562696
  effi: 0.08752188946312876
  power_max: 28.850733884545015
