AC:
  C: 0.2883065032787048
  H_max: 21.355053626918405
  H_min: 19.56152430737255
  R: 12.794583205177332
  effi: 0.07536135159560603
  power_max: 27.843033810474576
