AC:
  C: 0.25156972150414786
  H_max: 22.098287902324547
  H_min: 17.08375861544806
  R: 13.776065761027965
  effi: 0.09058387240170263
  power_max: 26.87268412073858
