AC:
  C: 0.2778202395711131
  H_max: 20.540813431233275
  H_min: 16.930272098589455
  R: 15.54537066435114
  effi: 0.07625511991812554
  power_max: 28.638299148812816
