AC:
  C: 0.2653881168084145
  H_max: 21.763333244538167
  H_min: 17.009319071950625
  R: 14.036621661926876
  effi: 0.08155613291774863
  power_max: 29.61035528913113
