AC:
  C: 0.29523011137085614
  H_max: 21.824276660023315
  H_min: 18.821253306755704
  R: 14.65339556647431
  effi: 0.08181905688211724
  power_max: 31.06562566216622
