AC:
  C: 0.21986466210990563
  H_max: 19.647509678902658
  H_min: 19.632292659992668
  R: 13.55845840802036
  effi: 0.08653673358706704
  power_max: 25.07688322235507
