AC:
  C: 0.2593445610433559
  H_max: 21.488351932668788
  H_min: 18.996905095992567
  R: 13.808730129560587
  effi: 0.0761250475797412
  power_max: 23.495213006911282
