AC:
  C: 0.28882338908294125
  H_max: 18.102801730007155
  H_min: 15.421410294002431
  R: 13.142758107930874
  effi: 0.0807411262362402
  power_max: 25.22984039556448
