AC:
  C: 0.2910629610203823
  H_max: 18.695606518992786
  H_min: 18.115314170087146
  R: 14.758395890716187
  effi: 0.09681109460295595
  power_max: 24.196525651778405
