AC:
  C: 0.26798213172202434
  H_max: 16.713670595619103
  H_min: 17.382063268129823
  R: 11.602521298819752
  effi: 0.07485348087677972
  power_max: 21.754412468830704
