AC:
  C: 0.28309822738445434
  H_max: 20.72489049536697
  H_min: 17.697597012597125
  R: 13.140800808112274
  effi: 0.08839600735129921
  power_max: 24.3436740364922
