AC:
  C: 0.2945703636293931
  H_max: 19.904128240273323
  H_min: 16.95217179253752
  R: 14.497739821786512
  effi: 0.07345776876601386
  power_max: 29.287281317203586
