AC:
  C: 0.23197473447618763
  H_max: 21.801378586262103
  H_min: 18.80616768242312
  R: 10.474327793063859
  effi: 0.09352515938968378
  power_max: 30.8089744353891
