AC:
  C: 0.26589023322193434
  H_max: 21.750602232131694
  H_min: 18.60312422322841
  R: 13.261656319723976
  effi: 0.08365334809392636
  power_max: 26.85407240486083
