AC:
  C: 0.24762291021295196
  H_max: 27.93129937501374
  H_min: 18.709627846979583
  R: 12.798740676661263
  effi: 0.09217956411515646
  power_max: 24.64881236839161
