AC:
  C: 0.27348180151996004
  H_max: 16.51843363523717
  H_min: 14.670397284892037
  R: 14.238148177789956
  effi: 0.09059025451637374
  power_max: 28.200265917023923
