AC:
  C: 0.303137427912234
  H_max: 21.408716518169513
  H_min: 16.34848145463505
  R: 13.008349824802385
  effi: 0.08168668530523922
  power_max: 32.04039424741292
