AC:
  C: 0.29212059764740156
  H_max: 18.96626324571025
  H_min: 18.422036892920282
  R: 12.670292561464949
  effi: 0.07169517791913617
  power_max: 33.498079229524
