AC:
  C: 0.2527637607201441
  H_max: 21.75802708207311
  H_min: 14.406162006529815
  R: 15.884589041009006
  effi: 0.09204305686856991
  power_max: 19.411228681278025
