AC:
  C: 0.2618310785478681
  H_max: 21.34461092840281
  H_min: 17.494998499396203
  R: 14.16790526924539
  effi: 0.08678429621590579
  power_max: 24.016567106043965
