AC:
  C: 0.30359178726970976
  H_max: 22.47085339604479
  H_min: 17.911241355693637
  R: 17.182494516058664
  effi: 0.10184926519588496
  power_max: 27.42575386268732
