AC:
  C: 0.21103037902988953
  H_max: 24.176513933665895
  H_min: 21.309178669515173
  R: 11.964100080543405
  effi: 0.08609265411860517
  power_max: 29.2233950607231
