AC:
  C: 0.25899151211589394
  H_max: 21.317120851719874
  H_min: 16.4907320481793
  R: 15.00445256000994
  effi: 0.08223087421740567
  power_max: 27.726726355295416
