AC:
  C: 0.24928913799684244
  H_max: 23.641766154886028
  H_min: 18.784724705667653
  R: 12.393935253830946
  effi: 0.07297739706516732
  power_max: 22.85452635758608
