AC:
  C: 0.25815594570650935
  H_max: 20.08416385169087
  H_min: 11.917556982823566
  R: 12.040169492183278
  effi: 0.07020626351302478
  power_max: 23.646755700423075
