AC:
  C: 0.24688895093892307
  H_max: 20.368435109584002
  H_min: 16.636565359139976
  R: 14.373722246357344
  effi: 0.08768373650900257
  power_max: 28.892347793799093
