AC:
  C: 0.23103334038485887
  H_max: 22.18884105621287
  H_min: 16.652745705446378
  R: 13.867969301234682
  effi: 0.08038178712410352
  power_max: 31.007453894316445
