AC:
  C: 0.25446761153554937
  H_max: 19.5991061327907
  H_min: 15.611974525221534
  R: 13.23563191535441
  effi: 0.09080310945557764
  power_max: 27.173983156998265
