AC:
  C: 0.29840927106511794
  H_max: 24.83374186162221
  H_min: 17.882140329242475
  R: 13.675675821396188
  effi: 0.08136599524949208
  power_max: 27.403526895429625
