AC:
  C: 0.27277357502023875
  H_max: 22.11335745891177
  H_min: 16.457566554898694
  R: 12.698216551762373
  effi: 0.08279490108620959
  power_max: 26.638873999019577
