AC:
  C: 0.27627124822084076
  H_max: 19.751480153893553
  H_min: 17.282176689337454
  R: 12.856221904392273
  effi: 0.09437498465059992
  power_max: 29.708859100109454
