AC:
  C: 0.23162626065075478
  H_max: 20.577349064549402
  H_min: 15.755119530320039
  R: 12.09070517340014
  effi: 0.08242330494676313
  power_max: 28.361212161414237
