AC:
  C: 0.2733067557456131
  H_max: 23.636798567528697
  H_min: 16.045184533626443
  R: 11.311092142438474
  effi: 0.08102595153531099
  power_max: 24.69020346478449
