AC:
  C: 0.24295003273345644
  H_max: 18.78349166057681
  H_min: 18.507819511373395
  R: 11.399246423820486
  effi: 0.09036494247933011
  power_max: 24.463497322972703
