AC:
  C: 0.28468721410265624
  H_max: 21.488833698254144
  H_min: 17.78436082563605
  R: 13.483196141962523
  effi: 0.07308562161982338
  power_max: 29.23325518451892
