AC:
  C: 0.2863292035767887
  H_max: 21.837309812477052
  H_min: 15.464862498414282
  R: 14.605667466653204
  effi: 0.09296631479973295
  power_max: 25.44310118592392
