AC:
  C: 0.28115587292218486
  H_max: 20.73793467119506
  H_min: 16.82161258687062
  R: 14.78537789668615
  effi: 0.07852344945421093
  power_max: 28.69844261498484
