AC:
  C: 0.2723235496917602
  H_max: 19.21270024191499
  H_min: 17.00623919715808
  R: 15.54210319041888
  effi: 0.0958002540674428
  power_max: 24.709921905708303
