AC:
  C: 0.27138298992663723
  H_max: 17.39983577096345
  H_min: 17.522053170968185
  R: 13.931687382291729
  effi: 0.09593463732345107
  power_max: 29.162237610538046
