AC:
  C: 0.259438417451475
  H_max: 22.83961593607862
  H_min: 18.835114993388498
  R: 12.595252270502623
  effi: 0.07307096835807718
  power_max: 24.07244171870265
