AC:
  C: 0.2669411210787781
  H_max: 23.702247293568
  H_min: 16.989540619976164
  R: 13.829690407813827
  effi: 0.09114991612640715
  power_max: 26.74287406349583
