AC:
  C: 0.2635538313144522
  H_max: 22.480128515288406
  H_min: 17.730711417507536
  R: 12.019472827535411
  effi: 0.06517816511383176
  power_max: 24.239770009507005
