AC:
  C: 0.22084931725541762
  H_max: 21.691540517713175
  H_min: 20.51794023984482
  R: 15.086717830059907
  effi: 0.08375213029136211
  power_max: 26.799533029607588
