AC:
  C: 0.28758414945541877
  H_max: 20.650461151323043
  H_min: 15.745707535082113
  R: 12.25057515217917
  effi: 0.07521081495172927
  power_max: 24.939838742124273
