AC:
  C: 0.3255545225418698
  H_max: 25.588601320211428
  H_min: 14.634900231204522
  R: 12.375235363710955
  effi: 0.10145586686112179
  power_max: 24.9773469523899
