AC:
  C: 0.23414310613499878
  H_max: 23.491399675592
  H_min: 17.28382466684773
  R: 17.133871567722245
  effi: 0.07840080943757866
  power_max: 19.293575453140406
