AC:
  C: 0.2733765727793466
  H_max: 17.756336980992746
  H_min: 15.148178504965442
  R: 16.203263330215094
  effi: 0.07455791698717516
  power_max: 26.848024747686363
