AC:
  C: 0.23879561543880098
  H_max: 20.17815352225559
  H_min: 18.283081935644535
  R: 15.59247111326056
  effi: 0.08876872483602412
  power_max: 27.723722860350552
