AC:
  C: 0.2387931177389894
  H_max: 23.68100215006418
  H_min: 17.97980863186003
  R: 14.202003697762454
  effi: 0.07538065643421686
  power_max: 29.465675983362168
