AC:
  C: 0.23269027914967075
  H_max: 19.836053826238906
  H_min: 15.806327704587119
  R: 15.631394328566664
  effi: 0.09478651866659797
  power_max: 27.169110499404272
