AC:
  C: 0.28006677792477624
  H_max: 18.698404012023317
  H_min: 20.052796887001254
  R: 13.736324574157464
  effi: 0.07178841597674986
  power_max: 25.272785047622726
