AC:
  C: 0.2578275855468543
  H_max: 18.274466698780543
  H_min: 16.64339404047318
  R: 13.039619657621465
  effi: 0.09420777518341462
  power_max: 27.061548655206803
