AC:
  C: 0.2672705552341971
  H_max: 23.208055031734595
  H_min: 19.480835982569257
  R: 13.004371752380283
  effi: 0.08599253750153459
  power_max: 21.971493645497734
