AC:
  C: 0.25790954251319215
  H_max: 21.91675892312503
  H_min: 17.690809280391914
  R: 14.515123665189902
  effi: 0.06994882938181717
  power_max: 26.24456484491861
