AC:
  C: 0.22184910015524345
  H_max: 20.357166199424668
  H_min: 17.22240883327558
  R: 13.422999308749642
  effi: 0.08045435480208918
  power_max: 28.404054116138333
