AC:
  C: 0.22057184373577118
  H_max: 22.014056747729015
  H_min: 17.407145629377407
  R: 14.766185713494739
  effi: 0.07140877357834371
  power_max: 27.404328105725
