AC:
  C: 0.25010908194459813
  H_max: 20.794883687214647
  H_min: 16.12982075616288
  R: 12.306071113163469
  effi: 0.06157608457313677
  power_max: 27.279039690726698
