AC:
  C: 0.23879459240645243
  H_max: 21.18769169321441
  H_min: 18.45475803109003
  R: 13.608954823100827
  effi: 0.08730824031382046
  power_max: 25.127554701345595
