AC:
  C: 0.28533974952671015
  H_max: 20.61082579428236
  H_min: 18.07769586868101
  R: 12.75637661873857
  effi: 0.08010909029143416
  power_max: 27.65813482002688
