AC:
  C: 0.256007856825288
  H_max: 21.15308502658546
  H_min: 18.096899235998023
  R: 13.349941688793637
  effi: 0.09877861267448759
  power_max: 27.85165826008717
