AC:
  C: 0.29944813991143704
  H_max: 24.013862128109167
  H_min: 17.871790457162508
  R: 14.122659572298039
  effi: 0.08666868708868881
  power_max: 23.68422170598236
