AC:
  C: 0.27966448923709036
  H_max: 21.893126914303622
  H_min: 15.045345491418226
  R: 14.784677380903593
  effi: 0.07606899686360946
  power_max: 23.68111934631852
