AC:
  C: 0.24266537309734088
  H_max: 17.704038100615247
  H_min: 15.54438874417738
  R: 13.48366682408154
  effi: 0.08761729611147169
  power_max: 29.316306238523264
