AC:
  C: 0.2442827098624839
  H_max: 19.378813243579206
  H_min: 13.17509458121122
  R: 13.563656445217227
  effi: 0.10351093971827596
  power_max: 25.0271816286545
