AC:
  C: 0.2745580240190481
  H_max: 22.44437852371432
  H_min: 16.995029500914928
  R: 13.00803555313415
  effi: 0.08891943524078667
  power_max: 26.73940322912467
