AC:
  C: 0.27552290096805454
  H_max: 18.354974517127534
  H_min: 19.49302288157194
  R: 12.578334083754655
  effi: 0.08891549136546309
  power_max: 24.861383223653274
