AC:
  C: 0.27176249771502037
  H_max: 19.967999082826214
  H_min: 18.937116977189127
  R: 13.680216863453035
  effi: 0.07816578837074901
  power_max: 19.60008572909552
