AC:
  C: 0.30762249165627165
  H_max: 21.253692677334055
  H_min: 16.06388307599559
  R: 15.180442546029614
  effi: 0.07710027830368248
  power_max: 28.151809430445244
