AC:
  C: 0.30104166217708217
  H_max: 23.1672276430225
  H_min: 17.422624348204536
  R: 13.62484455626872
  effi: 0.09038496186156549
  power_max: 28.544161731910386
