AC:
  C: 0.2533524621008603
  H_max: 22.270538212607143
  H_min: 15.029776367234163
  R: 14.884845797648657
  effi: 0.09614916037503758
  power_max: 27.608064648112975
