AC:
  C: 0.2819759589844058
  H_max: 18.274746184889732
  H_min: 15.330127383543058
  R: 14.283995866676618
  effi: 0.06928070073549482
  power_max: 30.861245050436516
