AC:
  C: 0.28145698186645884
  H_max: 20.15223185930502
  H_min: 17.51069049397846
  R: 15.0010963794793
  effi: 0.08568505362924501
  power_max: 28.05809583538796
