AC:
  C: 0.282623972271564
  H_max: 23.921728922845844
  H_min: 19.066942732875876
  R: 13.706137303517758
  effi: 0.08954277425448916
  power_max: 27.55493358570141
