AC:
  C: 0.2949559316323098
  H_max: 23.68842281671846
  H_min: 18.32191681419279
  R: 13.429666539467805
  effi: 0.09202354619198698
  power_max: 25.417105086663838
