AC:
  C: 0.2767320137822402
  H_max: 25.116755740323317
  H_min: 16.070956791312835
  R: 12.229432000909295
  effi: 0.09112889584265087
  power_max: 25.16284779819499
