AC:
  C: 0.21453299656045013
  H_max: 19.866304291248678
  H_min: 16.523168942522833
  R: 15.591739708775261
  effi: 0.0761685852245499
  power_max: 28.603542205344205
