AC:
  C: 0.24702755703068144
  H_max: 22.03805509111593
  H_min: 14.047849224548024
  R: 13.131768695228775
  effi: 0.08029441005500418
  power_max: 25.843284287345618
