AC:
  C: 0.2799357315420602
  H_max: 18.553412883147153
  H_min: 20.02436334046045
  R: 14.734341850768606
  effi: 0.08074620096933759
  power_max: 25.0886630701849
