AC:
  C: 0.25521413392630965
  H_max: 20.255959465428692
  H_min: 18.968787146478792
  R: 14.793104495890205
  effi: 0.078908837324026
  power_max: 31.63162389755368
