AC:
  C: 0.2780988004976499
  H_max: 22.68764282547054
  H_min: 16.2610400858097
  R: 15.27153428811275
  effi: 0.08084926339520307
  power_max: 30.36881858212992
