AC:
  C: 0.289344989953605
  H_max: 22.139321706992078
  H_min: 16.452125493274583
  R: 12.787473946502674
  effi: 0.09636764639098577
  power_max: 24.49640009543016
