AC:
  C: 0.2299946291836684
  H_max: 22.319821619267543
  H_min: 16.30935102675455
  R: 13.282710179598526
  effi: 0.08536642135640175
  power_max: 28.807991729666306
