AC:
  C: 0.24877838424593782
  H_max: 24.02493042902493
  H_min: 15.769334263574631
  R: 12.582700683627895
  effi: 0.0841635371903382
  power_max: 27.42980342951097
