AC:
  C: 0.2530677860660467
  H_max: 22.900333363186128
  H_min: 16.4679335848175
  R: 18.233891640746876
  effi: 0.08523818643226158
  power_max: 20.725151872028384
