AC:
  C: 0.23373384516840603
  H_max: 18.251797991188532
  H_min: 18.29195607554789
  R: 10.55925406440761
  effi: 0.07836345906993594
  power_max: 28.31533037812954
