AC:
  C: 0.2574290494593662
  H_max: 18.38854933306737
  H_min: 21.667406083749295
  R: 15.474715867210755
  effi: 0.08055051391668261
  power_max: 22.511925234433598
