AC:
  C: 0.2829858189541732
  H_max: 19.161808989149165
  H_min: 17.48299109563334
  R: 13.464973106988191
  effi: 0.09029359012854588
  power_max: 28.906167058843153
