AC:
  C: 0.2784596573392102
  H_max: 23.68370910252702
  H_min: 17.890093150659784
  R: 11.14215702163362
  effi: 0.08895665558885732
  power_max: 34.40540756763621
