AC:
  C: 0.23922045752730098
  H_max: 26.017115386091724
  H_min: 15.30605622411134
  R: 12.72681494716154
  effi: 0.0932405875123978
  power_max: 31.881169636537493
