AC:
  C: 0.2270675143477765
  H_max: 23.991005067949843
  H_min: 16.285790319958668
  R: 16.11266917584202
  effi: 0.0625409110479279
  power_max: 27.7832101053559
