AC:
  C: 0.22325434088683505
  H_max: 24.996717936721726
  H_min: 19.163688425917066
  R: 11.566957502378681
  effi: 0.0762234993745792
  power_max: 30.585697837937648
