AC:
  C: 0.28884500118570033
  H_max: 19.432477815357814
  H_min: 14.444325080156164
  R: 14.57860414003385
  effi: 0.07191540467340726
  power_max: 27.519202855796095
