AC:
  C: 0.2362689775754927
  H_max: 21.045842412377194
  H_min: 16.827798026883972
  R: 12.309236537768902
  effi: 0.09172814639363532
  power_max: 31.69478574011663
