AC:
  C: 0.24802643594440507
  H_max: 21.533518550962036
  H_min: 15.935630952487305
  R: 14.282763273875009
  effi: 0.0879514174780009
  power_max: 27.569330364456572
