AC:
  C: 0.26681063937674204
  H_max: 20.696732929163453
  H_min: 16.571804989297192
  R: 11.661456267639748
  effi: 0.0753022353020096
  power_max: 25.586526860423884
