AC:
  C: 0.21514958012316565
  H_max: 24.817143803054677
  H_min: 18.37973108577336
  R: 12.617269028867355
  effi: 0.07788278535265862
  power_max: 29.015050523352798
