AC:
  C: 0.23895251065031287
  H_max: 24.169052562047263
  H_min: 19.307158418005574
  R: 12.245471409664233
  effi: 0.08130035389925809
  power_max: 27.479585615981723
