AC:
  C: 0.30412414338501775
  H_max: 23.28307778499843
  H_min: 19.722556932485375
  R: 14.472447835114336
  effi: 0.06983307258456284
  power_max: 30.248780361482716
