AC:
  C: 0.262181486756337
  H_max: 19.289385433910788
  H_min: 18.371004795712075
  R: 12.472870142654347
  effi: 0.08198808408256757
  power_max: 25.357369999784726
