AC:
  C: 0.26639379059423685
  H_max: 20.955097371513723
  H_min: 17.044830764984543
  R: 16.878239256022585
  effi: 0.08060287287755204
  power_max: 24.87448699867387
