AC:
  C: 0.25361728673006195
  H_max: 21.084322190567107
  H_min: 15.277274678671986
  R: 13.763605884154476
  effi: 0.07988822408818784
  power_max: 31.54086915530739
