AC:
  C: 0.22456559176247887
  H_max: 20.856533061959567
  H_min: 15.95571095762725
  R: 15.297651693550302
  effi: 0.07579927060718945
  power_max: 23.9114321016104
