AC:
  C: 0.2678670054720196
  H_max: 18.95170560672794
  H_min: 16.10854697513856
  R: 13.1270827246895
  effi: 0.0891665408508215
  power_max: 25.517581123888487
