AC:
  C: 0.24650496300404068
  H_max: 21.796213005317576
  H_min: 15.752481551036947
  R: 16.034065150046132
  effi: 0.07535720843865938
  power_max: 22.658746138478758
