AC:
  C: 0.2377877503395882
  H_max: 21.983468391788158
  H_min: 18.26229852947211
  R: 17.09528429602262
  effi: 0.08925504398257346
  power_max: 22.75531578082394
