AC:
  C: 0.27187979564046627
  H_max: 21.552622295573666
  H_min: 16.80096467966578
  R: 14.154797238148955
  effi: 0.09638627774494428
  power_max: 26.988139010054876
