AC:
  C: 0.24649827037494165
  H_max: 22.9188602624796
  H_min: 17.38672529358972
  R: 12.865929404663577
  effi: 0.07874488684400723
  power_max: 29.748251014618667
