AC:
  C: 0.21493741227513083
  H_max: 21.607843415627983
  H_min: 18.849608730698662
  R: 13.122578335405914
  effi: 0.1054374071691288
  power_max: 28.57589911192041
