AC:
  C: 0.2624260552670825
  H_max: 22.00847986788053
  H_min: 16.96841490464847
  R: 14.167147238140776
  effi: 0.07718425321785054
  power_max: 24.257582746202573
