AC:
  C: 0.26167400269844915
  H_max: 23.806734280363255
  H_min: 15.515267494430075
  R: 13.837582634773488
  effi: 0.08031547457737347
  power_max: 23.184467692632342
