AC:
  C: 0.2240391348110202
  H_max: 21.222888724139384
  H_min: 15.88848632550894
  R: 12.39029704141758
  effi: 0.0686405492152022
  power_max: 27.521278915754674
