AC:
  C: 0.2778907469623306
  H_max: 24.46983104949996
  H_min: 19.10647039599996
  R: 14.20982552949446
  effi: 0.06301166510102209
  power_max: 26.49715203556897
