AC:
  C: 0.2873464980866518
  H_max: 19.100034903642424
  H_min: 15.228296764407679
  R: 14.097156358914871
  effi: 0.06496772236388812
  power_max: 28.346425601219508
