AC:
  C: 0.31558442885608917
  H_max: 20.894025497091594
  H_min: 15.514325840776435
  R: 14.49437768159176
  effi: 0.08709206151312388
  power_max: 26.59806887925709
