AC:
  C: 0.29214517523365147
  H_max: 25.79945852197632
  H_min: 17.44416094134365
  R: 12.560247382886077
  effi: 0.078365540881601
  power_max: 26.51349193301001
