AC:
  C: 0.2618263398903332
  H_max: 20.2558840415898
  H_min: 17.56870132869276
  R: 12.613840542710275
  effi: 0.06715031153627571
  power_max: 26.284884593937345
