AC:
  C: 0.259452627997697
  H_max: 24.185014137414615
  H_min: 16.34393537601825
  R: 11.325340400894444
  effi: 0.09169040471247639
  power_max: 21.569546076730223
