AC:
  C: 0.21631238587695398
  H_max: 20.050191621061963
  H_min: 16.61340571938713
  R: 11.995055848018778
  effi: 0.0782726663541253
  power_max: 28.837410856012283
