AC:
  C: 0.2888394317360557
  H_max: 25.58717941530793
  H_min: 15.39246043747582
  R: 13.419326286931742
  effi: 0.08884873898563306
  power_max: 28.059998576413932
