AC:
  C: 0.26249448801175
  H_max: 19.916646645723635
  H_min: 19.216409927490943
  R: 14.231271502260935
  effi: 0.1147466580386
  power_max: 25.01662484346357
