AC:
  C: 0.24031990846833481
  H_max: 21.344612818034122
  H_min: 16.006536404339997
  R: 11.03004551986256
  effi: 0.07741264644731967
  power_max: 21.900808221081373
