AC:
  C: 0.24871254856645073
  H_max: 20.630577384599714
  H_min: 19.95932311718162
  R: 13.565064058900338
  effi: 0.07484019524196453
  power_max: 36.18017719909595
