AC:
  C: 0.29732716062575715
  H_max: 24.332180322336345
  H_min: 17.58167090689083
  R: 14.893828655886777
  effi: 0.08212998286860751
  power_max: 26.841532684088815
