AC:
  C: 0.26494456562190555
  H_max: 24.279771531600897
  H_min: 15.165769433618465
  R: 15.461711678214867
  effi: 0.08060679023320085
  power_max: 25.92496784202304
