AC:
  C: 0.27466249742227977
  H_max: 23.90353046228262
  H_min: 15.147432647095412
  R: 13.54879186792123
  effi: 0.08949931009521853
  power_max: 23.600837380770457
