AC:
  C: 0.2350540123975926
  H_max: 20.317557040412336
  H_min: 16.9619615959837
  R: 13.920411974100036
  effi: 0.08599843668106243
  power_max: 29.346624285693757
