AC:
  C: 0.23117356545344572
  H_max: 21.67140640425262
  H_min: 17.199027799068883
  R: 13.882838145339777
  effi: 0.06609677549376021
  power_max: 25.946470792648846
