AC:
  C: 0.3031147002316705
  H_max: 21.284438090207914
  H_min: 16.874033790531335
  R: 12.024129217478938
  effi: 0.09075625040751638
  power_max: 27.88257228128035
