AC:
  C: 0.2506148877731071
  H_max: 22.014371991161315
  H_min: 18.00409217961522
  R: 11.932219175215966
  effi: 0.07389516444122578
  power_max: 27.176954489647517
