AC:
  C: 0.27802234372973966
  H_max: 21.717446826246707
  H_min: 18.74888784262115
  R: 11.808346432047601
  effi: 0.08256772159404016
  power_max: 28.755662866831525
