AC:
  C: 0.22671748265760933
  H_max: 21.5477262113863
  H_min: 19.30076189722104
  R: 15.159562154976248
  effi: 0.08894896228709176
  power_max: 30.64924295337938
