AC:
  C: 0.24515334748369844
  H_max: 22.27571221312359
  H_min: 16.76629081262879
  R: 15.347865594321044
  effi: 0.07894456379313539
  power_max: 29.42284243214636
