AC:
  C: 0.2621996074992254
  H_max: 27.22397272693477
  H_min: 15.972849076603152
  R: 13.232384746764824
  effi: 0.0967558137619671
  power_max: 31.184260458298905
