AC:
  C: 0.24883826822325242
  H_max: 22.415222513100264
  H_min: 15.747976480627937
  R: 14.788570591707636
  effi: 0.06453806588185533
  power_max: 28.55100953769434
