AC:
  C: 0.29183107094036903
  H_max: 26.244693731491573
  H_min: 19.097059171227368
  R: 12.032331436999678
  effi: 0.08593794037837944
  power_max: 27.615228918111768
