AC:
  C: 0.20075947624559726
  H_max: 20.409582132169145
  H_min: 15.678628613068996
  R: 12.77715171090985
  effi: 0.0807052577390216
  power_max: 24.682961765539964
