AC:
  C: 0.2547245694667542
  H_max: 19.100658516003737
  H_min: 14.80790476348457
  R: 13.28808648911941
  effi: 0.07675651347521688
  power_max: 21.07986830888915
