AC:
  C: 0.27341340906707645
  H_max: 24.063807502470823
  H_min: 15.6868235765083
  R: 15.736536552632542
  effi: 0.08572511310117088
  power_max: 26.340325484668554
