AC:
  C: 0.2292336856706933
  H_max: 24.68880055135861
  H_min: 17.10831244109931
  R: 12.700549796487012
  effi: 0.07583363608049593
  power_max: 24.902788776308352
