AC:
  C: 0.26449195157270305
  H_max: 22.26957159640464
  H_min: 18.023834985177956
  R: 12.626145663159573
  effi: 0.06133222341505317
  power_max: 25.266239091594272
