AC:
  C: 0.26663068568945697
  H_max: 20.57612456802191
  H_min: 18.554896376909745
  R: 14.182855701002172
  effi: 0.08453209682370805
  power_max: 26.35753449010007
