AC:
  C: 0.3128533557208515
  H_max: 21.196329986441146
  H_min: 15.868536750744491
  R: 12.230054746052208
  effi: 0.08400194949367201
  power_max: 27.797397243675103
