AC:
  C: 0.27079568843854673
  H_max: 20.130675632111846
  H_min: 17.45780555124852
  R: 12.958841981703122
  effi: 0.08720882534668212
  power_max: 25.038049692141588
