AC:
  C: 0.2413012658342889
  H_max: 19.952455992383964
  H_min: 16.404035261075816
  R: 14.169450489966636
  effi: 0.08177801202059336
  power_max: 28.194227557386817
