AC:
  C: 0.2644978587011728
  H_max: 22.28277173991784
  H_min: 16.311016229484597
  R: 14.674100291657464
  effi: 0.08478356369488198
  power_max: 24.321445744465443
