AC:
  C: 0.2527296160196564
  H_max: 20.443886406167902
  H_min: 17.163226441554908
  R: 9.37775506507542
  effi: 0.08818192141565988
  power_max: 27.702773962206606
