AC:
  C: 0.27662624476305436
  H_max: 20.67844053662263
  H_min: 16.499832293397407
  R: 13.058403447052983
  effi: 0.08816977261446778
  power_max: 24.559456384383353
