AC:
  C: 0.2458449237263461
  H_max: 24.426034608922418
  H_min: 17.720505732758447
  R: 15.444279229503877
  effi: 0.08030821073449684
  power_max: 28.799377575939186
