AC:
  C: 0.261323051510371
  H_max: 20.290099608736792
  H_min: 18.949699997089024
  R: 13.803673318447471
  effi: 0.07112513072094573
  power_max: 27.147300662158727
