AC:
  C: 0.25226797216017555
  H_max: 19.99730559708942
  H_min: 17.977791095750295
  R: 13.793510383318702
  effi: 0.08888201701710112
  power_max: 26.965597491479784
