AC:
  C: 0.2700448009767545
  H_max: 19.001725515555282
  H_min: 15.845296064174658
  R: 14.048285747620096
  effi: 0.08032819195124943
  power_max: 25.785914131220803
