AC:
  C: 0.25289340013898987
  H_max: 24.67851108653759
  H_min: 15.780979405187473
  R: 12.16928836508875
  effi: 0.07897282656394047
  power_max: 27.74057860104853
