AC:
  C: 0.28145595769048676
  H_max: 21.983324153748498
  H_min: 15.91839833862839
  R: 14.77661432686708
  effi: 0.07840280619519006
  power_max: 24.633755749939613
