AC:
  C: 0.22433043340134867
  H_max: 22.95944558968792
  H_min: 16.884945618162796
  R: 13.616732322501003
  effi: 0.08189906811915466
  power_max: 27.08069652608838
