AC:
  C: 0.25095537552182506
  H_max: 20.881807880761443
  H_min: 18.823970650667764
  R: 10.117937836774724
  effi: 0.09700935067838667
  power_max: 21.944119621359878
