AC:
  C: 0.21681133084170523
  H_max: 20.95714369608775
  H_min: 16.13852884287289
  R: 12.163636266989064
  effi: 0.08752679241744254
  power_max: 27.691138713039827
