AC:
  C: 0.2756880338824913
  H_max: 19.37382802527368
  H_min: 19.403427994879763
  R: 13.535924779124938
  effi: 0.09022617439103194
  power_max: 24.327982392319573
