AC:
  C: 0.2677973692042912
  H_max: 21.012192026736304
  H_min: 17.857811652872805
  R: 12.457363130860559
  effi: 0.0800345571766652
  power_max: 29.716250898859904
