AC:
  C: 0.29264869839678104
  H_max: 25.358283262317233
  H_min: 17.654747556803045
  R: 13.691291850539807
  effi: 0.08543793363489327
  power_max: 25.384628736987406
