AC:
  C: 0.267699325578048
  H_max: 23.052713885546126
  H_min: 17.47719364217223
  R: 13.825437801890489
  effi: 0.06835058657311216
  power_max: 25.02135258663663
