AC:
  C: 0.25592877145490817
  H_max: 21.055920220593784
  H_min: 19.300231586970682
  R: 15.340826737191048
  effi: 0.08849690263990852
  power_max: 27.674065905907593
