AC:
  C: 0.24726896453559444
  H_max: 19.411457977227112
  H_min: 16.811249568108238
  R: 15.433942542080795
  effi: 0.08909347451047245
  power_max: 22.723015685563805
