AC:
  C: 0.2776356867817948
  H_max: 20.347508867227035
  H_min: 14.050086464040428
  R: 11.715207996159087
  effi: 0.08347718476938633
  power_max: 30.954448934110054
