AC:
  C: 0.2706584867993736
  H_max: 22.241360540410447
  H_min: 18.492447443309583
  R: 17.979514047008987
  effi: 0.0919882771650083
  power_max: 27.7882871403636
