AC:
  C: 0.2970863298680695
  H_max: 20.83599725080931
  H_min: 15.28831826112452
  R: 15.041114633534734
  effi: 0.0831243646343194
  power_max: 24.39618718704575
