AC:
  C: 0.2596994198150388
  H_max: 24.77831008360538
  H_min: 18.505122819822816
  R: 14.524216626714795
  effi: 0.07780256091657456
  power_max: 25.5578343608061
