AC:
  C: 0.2949293739465356
  H_max: 18.857436272932283
  H_min: 18.852900922272067
  R: 13.488273241396307
  effi: 0.08659466651213373
  power_max: 26.541954492787397
