AC:
  C: 0.2358977273416275
  H_max: 24.16480851534806
  H_min: 17.274226031812553
  R: 10.990184634392916
  effi: 0.06589188245125467
  power_max: 30.116344724589162
