AC:
  C: 0.25350811473590323
  H_max: 22.953929563762493
  H_min: 17.682800446779318
  R: 13.988875818131659
  effi: 0.09032748312438883
  power_max: 23.925542098522644
