AC:
  C: 0.28836483057234097
  H_max: 22.77314282927791
  H_min: 17.98240361023732
  R: 14.573212303502665
  effi: 0.07463277684439766
  power_max: 31.876356278956173
