AC:
  C: 0.28331210314569893
  H_max: 21.098279343781044
  H_min: 18.39139741725575
  R: 12.434833693728784
  effi: 0.08828891632592709
  power_max: 23.79581079768712
