AC:
  C: 0.26413626850116506
  H_max: 24.832452083456783
  H_min: 14.906081755117734
  R: 14.283689678857579
  effi: 0.07241874289602104
  power_max: 30.74283092540998
