AC:
  C: 0.24699396955024755
  H_max: 19.872171002948043
  H_min: 15.403982627051734
  R: 13.422364406284453
  effi: 0.07933223999609888
  power_max: 21.45701271862311
