AC:
  C: 0.26763376397800115
  H_max: 23.42211266559713
  H_min: 14.282525886989482
  R: 11.466786002285673
  effi: 0.05937611825843146
  power_max: 26.188974528439005
