AC:
  C: 0.2550163753924388
  H_max: 23.39388262432007
  H_min: 19.48135505674298
  R: 12.78358927282538
  effi: 0.07883385377298338
  power_max: 23.391498315548656
