AC:
  C: 0.2584131283325987
  H_max: 19.694914474405696
  H_min: 18.09692655877307
  R: 12.502552947383439
  effi: 0.10033498478077019
  power_max: 26.4522562726098
