AC:
  C: 0.2463528917858325
  H_max: 23.695205017255628
  H_min: 20.052596083906188
  R: 15.442211001137688
  effi: 0.09268342893298681
  power_max: 27.940779697357264
