AC:
  C: 0.22677268951845328
  H_max: 22.23012838147106
  H_min: 16.656852024537617
  R: 15.109351596198564
  effi: 0.07912507305176575
  power_max: 22.996557770205442
