AC:
  C: 0.264739818583529
  H_max: 24.674030331889952
  H_min: 19.794508957564734
  R: 14.227279112944647
  effi: 0.09697833599162956
  power_max: 29.320002539519102
