AC:
  C: 0.22965916848438836
  H_max: 23.574597628538413
  H_min: 19.11573659084423
  R: 12.242424725698001
  effi: 0.08480967778676289
  power_max: 25.814613803967685
