AC:
  C: 0.2588686769866342
  H_max: 21.237782224420616
  H_min: 16.968527514635046
  R: 13.230789987031576
  effi: 0.06986765125271634
  power_max: 24.993381942781195
