AC:
  C: 0.18800938267609238
  H_max: 23.104010445760306
  H_min: 12.766165380123349
  R: 13.816339708939884
  effi: 0.08868694184371341
  power_max: 28.247643983124032
