AC:
  C: 0.2499531753682184
  H_max: 18.172046332483937
  H_min: 16.889471183553727
  R: 13.429786896272345
  effi: 0.09160244357609161
  power_max: 26.989270709374246
