AC:
  C: 0.24832691312115393
  H_max: 23.642674762917157
  H_min: 16.200614158054286
  R: 11.80651692165613
  effi: 0.07626062329874803
  power_max: 26.606673228897698
