AC:
  C: 0.29434699901662614
  H_max: 22.480314129198902
  H_min: 18.81731452992701
  R: 15.208031390244997
  effi: 0.08219379725337732
  power_max: 29.104743917998263
