AC:
  C: 0.2551314268807572
  H_max: 23.13260539280611
  H_min: 16.31842412589223
  R: 13.680760717675065
  effi: 0.08289341903320545
  power_max: 26.29712657480301
