AC:
  C: 0.2717379718079773
  H_max: 23.250178115269346
  H_min: 15.218820606262687
  R: 13.19644126330573
  effi: 0.08292576176237418
  power_max: 26.136016507997056
