AC:
  C: 0.23357571735699426
  H_max: 23.087221184336542
  H_min: 18.006073834284138
  R: 14.852637472776383
  effi: 0.08086205394189748
  power_max: 26.573005574005073
