AC:
  C: 0.25581533560785863
  H_max: 17.33796845969351
  H_min: 18.443502266648093
  R: 11.642685643850765
  effi: 0.08474301429763603
  power_max: 29.520296769829702
