AC:
  C: 0.25277512239293165
  H_max: 22.026892276698945
  H_min: 18.380627789990267
  R: 14.02338618603679
  effi: 0.08911842437239077
  power_max: 27.010573031941075
