AC:
  C: 0.2714586191941792
  H_max: 25.124775802161654
  H_min: 15.99323349289615
  R: 13.569473366221562
  effi: 0.08549852831327376
  power_max: 22.950838332584937
