AC:
  C: 0.2709768136511965
  H_max: 22.337674054307705
  H_min: 17.03510280623534
  R: 13.961764905679807
  effi: 0.09867737907392644
  power_max: 26.665484993620346
