AC:
  C: 0.2520127792861773
  H_max: 24.223480640164652
  H_min: 14.166199092443087
  R: 11.866966354872522
  effi: 0.08400592995182503
  power_max: 25.943407579010792
