AC:
  C: 0.2712133854877131
  H_max: 25.038327843764527
  H_min: 16.735292997124716
  R: 15.180174182089804
  effi: 0.08581687177287692
  power_max: 30.239067609349025
