AC:
  C: 0.24133130719241194
  H_max: 20.699269385786415
  H_min: 15.089013857693319
  R: 16.069800702938807
  effi: 0.08764054328753322
  power_max: 27.33312178757507
