AC:
  C: 0.2430276721861037
  H_max: 22.44526105947068
  H_min: 17.482051669637926
  R: 15.994879448610343
  effi: 0.09270323113129116
  power_max: 27.117168202499123
