AC:
  C: 0.2654619421579398
  H_max: 18.658258668317085
  H_min: 14.58427986275481
  R: 13.956124619573554
  effi: 0.0804389904247404
  power_max: 28.565237256651805
