AC:
  C: 0.2395945080452694
  H_max: 20.838165720544353
  H_min: 15.785730384332792
  R: 16.20130777690328
  effi: 0.07886937744231605
  power_max: 26.57650408158186
