AC:
  C: 0.22517249688860747
  H_max: 22.43055895352429
  H_min: 17.06208547192436
  R: 14.342124865182742
  effi: 0.07315525162196478
  power_max: 26.455812605621563
