AC:
  C: 0.2590773665083583
  H_max: 21.262083832190353
  H_min: 16.72578208972598
  R: 15.622172356715769
  effi: 0.10080988173150651
  power_max: 29.529356852754837
