AC:
  C: 0.27315905163318815
  H_max: 21.23329147871856
  H_min: 15.798849198894175
  R: 14.593926349574106
  effi: 0.07516167263702274
  power_max: 28.23512549831598
