AC:
  C: 0.24385656352887344
  H_max: 22.172476684534907
  H_min: 16.098151875365687
  R: 15.822452252740666
  effi: 0.09232747803221263
  power_max: 30.388926538517776
