AC:
  C: 0.2509008952287701
  H_max: 19.5465824469519
  H_min: 18.122922695957264
  R: 14.660191727538717
  effi: 0.0927075770176656
  power_max: 28.347559737264127
