AC:
  C: 0.24296709711039452
  H_max: 18.606359545735724
  H_min: 16.405045808657867
  R: 14.010212294642912
  effi: 0.09215945024677517
  power_max: 22.041942948879615
