AC:
  C: 0.2420213669972166
  H_max: 20.377205412205466
  H_min: 16.01138901444968
  R: 13.922368034201249
  effi: 0.08496757490366416
  power_max: 25.920734000602504
