AC:
  C: 0.23561727899809506
  H_max: 20.86088068114802
  H_min: 15.314846472056614
  R: 12.263313204953224
  effi: 0.07849951908270336
  power_max: 26.062670483979435
