AC:
  C: 0.25778129904131514
  H_max: 23.319176567503526
  H_min: 16.311716500198695
  R: 13.248701505293429
  effi: 0.08826214678074917
  power_max: 25.25971515249221
