AC:
  C: 0.21828768870284315
  H_max: 20.00474241686099
  H_min: 15.49802733023258
  R: 14.183138080535063
  effi: 0.08287886657351015
  power_max: 27.698222900473027
