AC:
  C: 0.2356879816040529
  H_max: 25.34092885536395
  H_min: 16.251839994356867
  R: 13.920126015359735
  effi: 0.08755932642001174
  power_max: 23.003728315358583
