AC:
  C: 0.2636288698116068
  H_max: 23.439762761995084
  H_min: 16.73613996700093
  R: 15.823881923225589
  effi: 0.07330168965553412
  power_max: 25.139670075829887
