AC:
  C: 0.26951180441965833
  H_max: 23.828511352218083
  H_min: 17.63484451696109
  R: 14.029226749902891
  effi: 0.08400084005175025
  power_max: 26.6850063819988
