AC:
  C: 0.23918153077721124
  H_max: 25.24779114966776
  H_min: 16.58140363900684
  R: 14.41764847402674
  effi: 0.08579758328649187
  power_max: 26.124483572031654
