AC:
  C: 0.24255694536773292
  H_max: 21.595955679070947
  H_min: 16.322094060005266
  R: 14.155594784942828
  effi: 0.0932843802231888
  power_max: 22.183044740832084
