AC:
  C: 0.22397903909213354
  H_max: 24.560933952628343
  H_min: 16.4255521558313
  R: 12.765069652219019
  effi: 0.09099059120472165
  power_max: 23.37682701020349
