AC:
  C: 0.2675361915069441
  H_max: 20.25973251400239
  H_min: 18.30896988945108
  R: 12.0376515372467
  effi: 0.09779374294395428
  power_max: 27.75934746312743
