AC:
  C: 0.27129793666701946
  H_max: 26.655141989837002
  H_min: 16.371895661736048
  R: 13.43231182909159
  effi: 0.08614090383756572
  power_max: 22.39535658084581
