AC:
  C: 0.27827052009244185
  H_max: 22.1540641258949
  H_min: 18.76051317234713
  R: 14.466035185613007
  effi: 0.08066850645122166
  power_max: 27.033212380891758
