AC:
  C: 0.2820603180489661
  H_max: 19.412830750745137
  H_min: 18.600273956511366
  R: 11.647827811895459
  effi: 0.08591547933345778
  power_max: 25.703992126331343
