AC:
  C: 0.21399867429346875
  H_max: 22.932564042985376
  H_min: 17.943676961621133
  R: 12.400568705073985
  effi: 0.08282124541119823
  power_max: 25.24088787252382
