AC:
  C: 0.25417898334800965
  H_max: 22.28014876014799
  H_min: 15.624699719033677
  R: 14.354990079819501
  effi: 0.0912417304945456
  power_max: 26.06961165772339
