AC:
  C: 0.3011277528789987
  H_max: 21.541163399015904
  H_min: 15.675206434428526
  R: 11.782584702197129
  effi: 0.07828963937638317
  power_max: 29.060913155409366
