AC:
  C: 0.29948396953728396
  H_max: 20.115009511010978
  H_min: 19.26422332714879
  R: 13.829546396271853
  effi: 0.07975693352773147
  power_max: 25.827664166611683
