AC:
  C: 0.2690302425935702
  H_max: 17.20258346303131
  H_min: 15.739001099058388
  R: 15.90861774360205
  effi: 0.08178461472880788
  power_max: 29.1243745009631
