AC:
  C: 0.22806659738848664
  H_max: 23.66991149412892
  H_min: 16.185261543939603
  R: 15.736142308797778
  effi: 0.06489220075042057
  power_max: 26.065619409882874
