AC:
  C: 0.2631797796691069
  H_max: 19.231031223460302
  H_min: 21.030253312359676
  R: 11.355788614200033
  effi: 0.09311366557906246
  power_max: 26.44038612410406
