AC:
  C: 0.27810744458945047
  H_max: 19.094196298501675
  H_min: 21.028078783388334
  R: 13.733782908208921
  effi: 0.08394700974573717
  power_max: 29.30732279463485
