AC:
  C: 0.2505653965072379
  H_max: 21.903159490292598
  H_min: 19.199739495532327
  R: 12.093986745337453
  effi: 0.08845700685150365
  power_max: 25.343186636587294
