AC:
  C: 0.258212438162352
  H_max: 20.44515846276803
  H_min: 16.269289681010264
  R: 13.615358137191595
  effi: 0.0910161667812815
  power_max: 27.491241739461206
