AC:
  C: 0.23355813769325745
  H_max: 17.667698706514383
  H_min: 17.238449532453412
  R: 15.835988081730228
  effi: 0.08118011293180036
  power_max: 22.996769988854346
