AC:
  C: 0.2120779568714113
  H_max: 21.051059680738007
  H_min: 16.897063858435118
  R: 15.120206915561413
  effi: 0.09076463659928596
  power_max: 27.772311854285125
