AC:
  C: 0.2616541370546259
  H_max: 24.799516418170608
  H_min: 18.225820978931363
  R: 13.537781842145415
  effi: 0.09995998438317215
  power_max: 21.71576401170288
