AC:
  C: 0.2444660033462506
  H_max: 23.000841708303778
  H_min: 17.913811428016707
  R: 10.67580625271273
  effi: 0.07499189203970848
  power_max: 23.423797742366077
