AC:
  C: 0.2745228351237719
  H_max: 21.131678419972467
  H_min: 17.602229768987115
  R: 15.07932868005713
  effi: 0.07944042025022849
  power_max: 20.816960548927234
