AC:
  C: 0.2314302088441977
  H_max: 23.194904682890318
  H_min: 18.339945607651764
  R: 12.621421990398332
  effi: 0.09899865010995565
  power_max: 24.36637885720047
