AC:
  C: 0.2649527157185676
  H_max: 22.042015686081225
  H_min: 14.19937424295598
  R: 13.1143804806053
  effi: 0.0873190111023522
  power_max: 28.048134146690664
