AC:
  C: 0.24418844236876142
  H_max: 21.81111619746141
  H_min: 18.76250197321298
  R: 14.913369511384962
  effi: 0.07016373768106014
  power_max: 24.745313543462906
