AC:
  C: 0.31161179008336054
  H_max: 23.727794919741118
  H_min: 18.274696003130384
  R: 14.495785617535509
  effi: 0.07293515064791908
  power_max: 28.556521910882594
