AC:
  C: 0.26906814302227394
  H_max: 20.767781069628185
  H_min: 16.006703051707955
  R: 13.816124281294854
  effi: 0.09374204545017915
  power_max: 22.6698954329523
