AC:
  C: 0.2738966361436373
  H_max: 22.264656653766167
  H_min: 16.153002976039854
  R: 13.506666098082505
  effi: 0.080288288796925
  power_max: 24.624663857281917
