AC:
  C: 0.2905701914153968
  H_max: 22.774627232326004
  H_min: 16.997821284572296
  R: 12.57564974531712
  effi: 0.08127355572202637
  power_max: 27.674857530830685
