AC:
  C: 0.23785958548319203
  H_max: 24.128784556165495
  H_min: 18.918361054424913
  R: 13.849538558100534
  effi: 0.08721215981189272
  power_max: 26.2055986326671
