AC:
  C: 0.2609201926770072
  H_max: 20.857327776776398
  H_min: 17.863158634340227
  R: 12.193718251043716
  effi: 0.07277842711437746
  power_max: 22.80037449343563
