AC:
  C: 0.256584203040915
  H_max: 20.60792749081317
  H_min: 15.793795792363118
  R: 12.74865401475366
  effi: 0.08405236933024221
  power_max: 24.954268051216772
