AC:
  C: 0.2032345668030073
  H_max: 22.28830500247143
  H_min: 14.131161905862703
  R: 13.31244752618002
  effi: 0.0747824388072296
  power_max: 31.967587552672622
