AC:
  C: 0.24042044778510727
  H_max: 19.166325655051182
  H_min: 16.067541378564588
  R: 14.653682640837065
  effi: 0.08977122049972887
  power_max: 27.70784530173715
