AC:
  C: 0.24491298243107318
  H_max: 21.72419231026731
  H_min: 15.324902115536494
  R: 14.99960521953529
  effi: 0.07094004014276205
  power_max: 28.012830901728144
