AC:
  C: 0.26063690233998743
  H_max: 22.32923866961954
  H_min: 17.466810297061617
  R: 14.825111342795315
  effi: 0.06867340734290936
  power_max: 29.776183561552568
