AC:
  C: 0.3316245255891103
  H_max: 20.404271229334476
  H_min: 18.01073892586386
  R: 13.326014712807154
  effi: 0.07644153847819554
  power_max: 28.1818711558626
