AC:
  C: 0.32291744291468943
  H_max: 23.719143386822076
  H_min: 18.001938063418976
  R: 11.12189875861109
  effi: 0.09422500818560639
  power_max: 23.143852612943533
