AC:
  C: 0.29827000616734556
  H_max: 21.9800757153065
  H_min: 17.998251087315545
  R: 13.17228206274734
  effi: 0.09996206407120539
  power_max: 30.587037889005323
