AC:
  C: 0.23815457044292276
  H_max: 20.368240887687012
  H_min: 17.238874826267693
  R: 14.10440949784641
  effi: 0.07534712566944249
  power_max: 23.488796495039164
