AC:
  C: 0.28261864402735054
  H_max: 21.49784890936389
  H_min: 17.48560801000639
  R: 14.205219202061436
  effi: 0.07696431587317382
  power_max: 29.33271580273218
