AC:
  C: 0.25742548732237047
  H_max: 25.14617272672374
  H_min: 16.375559081979432
  R: 14.853491946866225
  effi: 0.09043461375126009
  power_max: 26.43406057493481
