AC:
  C: 0.26180693135520644
  H_max: 19.56588310609299
  H_min: 16.56209491168199
  R: 12.250386249007477
  effi: 0.09009206387872798
  power_max: 26.002880634438466
