AC:
  C: 0.253941808539766
  H_max: 21.85975222238765
  H_min: 14.59012695200325
  R: 13.315430040555809
  effi: 0.07953026699511133
  power_max: 26.226993802407684
