AC:
  C: 0.23747634318535088
  H_max: 18.0254121200387
  H_min: 16.176630803739844
  R: 11.99460675142083
  effi: 0.0647294199062804
  power_max: 29.277759903091784
