AC:
  C: 0.2679184042614009
  H_max: 18.856514793549948
  H_min: 17.827190863985244
  R: 15.203092984273155
  effi: 0.07860180664763819
  power_max: 22.672171327187094
