AC:
  C: 0.25575608988932874
  H_max: 22.333195237954648
  H_min: 15.767593290188474
  R: 15.046520081971623
  effi: 0.0656982031951381
  power_max: 23.750664818107776
