AC:
  C: 0.24741364308830754
  H_max: 20.549661872634534
  H_min: 13.76203838319214
  R: 14.695625175919938
  effi: 0.07671864777571777
  power_max: 27.020656735065813
