AC:
  C: 0.27172408595541736
  H_max: 17.657373587049616
  H_min: 15.102849231060906
  R: 14.073984089127725
  effi: 0.08789698235266181
  power_max: 25.025185687274586
