AC:
  C: 0.26227264748272694
  H_max: 19.520210423379822
  H_min: 17.627984423197184
  R: 11.77902187860907
  effi: 0.07685082493758164
  power_max: 26.72587834727094
