AC:
  C: 0.26352877299966393
  H_max: 22.601751764942605
  H_min: 20.53655739943083
  R: 14.380135074539414
  effi: 0.08297925272412193
  power_max: 29.354196685097385
