AC:
  C: 0.3003936966907211
  H_max: 23.417642246838643
  H_min: 17.755130817377676
  R: 14.573918763182387
  effi: 0.0756226897509057
  power_max: 21.76818360372158
