AC:
  C: 0.2411350231578622
  H_max: 20.93321103412118
  H_min: 17.586538344119106
  R: 13.887692894992043
  effi: 0.10071754743054814
  power_max: 26.41810745061392
