AC:
  C: 0.2376832173571962
  H_max: 18.682205815173077
  H_min: 16.767842867397793
  R: 12.15842685557744
  effi: 0.09310201076887126
  power_max: 26.114869987372984
