AC:
  C: 0.2584838870913736
  H_max: 23.351709374063436
  H_min: 17.200385884753885
  R: 11.469885930430914
  effi: 0.08578359076978646
  power_max: 29.12886123976167
