AC:
  C: 0.257646716236339
  H_max: 22.857334278380478
  H_min: 17.49497871449551
  R: 11.965632538777998
  effi: 0.10038501859870799
  power_max: 27.97717809275444
