AC:
  C: 0.2716768488715349
  H_max: 24.435840234351627
  H_min: 17.301917039267558
  R: 15.14998311942726
  effi: 0.08986509961955168
  power_max: 25.826734025195936
