AC:
  C: 0.31502286476076286
  H_max: 19.061647074855603
  H_min: 16.02524129468279
  R: 15.56838492106324
  effi: 0.0793379790785516
  power_max: 31.22660486088232
