AC:
  C: 0.23068949866468563
  H_max: 19.627272507708604
  H_min: 15.633219498555231
  R: 15.526106241460738
  effi: 0.09043743599226572
  power_max: 23.05492305176573
