AC:
  C: 0.24245754272458375
  H_max: 23.13374165556456
  H_min: 17.073981550969787
  R: 14.220321286090464
  effi: 0.08026902978918682
  power_max: 29.7003402435534
