AC:
  C: 0.29598651008975774
  H_max: 21.353281404361304
  H_min: 13.467029987954769
  R: 11.234061551085974
  effi: 0.07185457077606833
  power_max: 28.781091089877943
