AC:
  C: 0.2894888556598077
  H_max: 22.76502073437822
  H_min: 17.56726989279876
  R: 16.63688838660414
  effi: 0.08736584904130862
  power_max: 31.13912246505132
