AC:
  C: 0.2718564050143886
  H_max: 23.20008464435742
  H_min: 13.304427061385633
  R: 15.652108942493678
  effi: 0.08514858163725218
  power_max: 25.040674636848795
