AC:
  C: 0.2623600901531761
  H_max: 21.62349932822055
  H_min: 15.021222004970957
  R: 12.837042239293535
  effi: 0.0947988120792341
  power_max: 26.09556396832978
