AC:
  C: 0.24953607618025803
  H_max: 21.575139457078944
  H_min: 19.21121003218687
  R: 14.235865194766442
  effi: 0.08164717081256463
  power_max: 29.21617359393514
