AC:
  C: 0.272919872082023
  H_max: 24.00662072318088
  H_min: 17.33697484600981
  R: 15.676981146269538
  effi: 0.08459371047594205
  power_max: 22.05985807668009
