AC:
  C: 0.22196044785926844
  H_max: 20.68800151318436
  H_min: 15.81191470988851
  R: 10.424540392952172
  effi: 0.08704393671503238
  power_max: 25.423176177424054
