AC:
  C: 0.2663843580224384
  H_max: 20.65926674413668
  H_min: 17.18443753310736
  R: 12.7767320189441
  effi: 0.06417286263423415
  power_max: 30.631949228340012
