AC:
  C: 0.1776248346158325
  H_max: 22.02829776456292
  H_min: 15.639781117585445
  R: 12.655978906599028
  effi: 0.08729758105882837
  power_max: 28.45771680452765
