AC:
  C: 0.2763971283336431
  H_max: 18.550173661587568
  H_min: 16.781151525137204
  R: 10.626696864544831
  effi: 0.07513081443457771
  power_max: 27.608853748159643
