AC:
  C: 0.2236721334453121
  H_max: 18.234621291878472
  H_min: 17.667326838872345
  R: 14.788669842667113
  effi: 0.087989401844422
  power_max: 30.145569128952378
