AC:
  C: 0.25232400720760245
  H_max: 21.75817438318979
  H_min: 16.364914511347386
  R: 10.485933385416859
  effi: 0.07968562061865735
  power_max: 31.455774423225037
