AC:
  C: 0.23318453953999904
  H_max: 25.774664219849022
  H_min: 18.058474284738022
  R: 13.783081331580245
  effi: 0.08907520827633826
  power_max: 24.83721024713279
