storage:
  capacity: 83.37167378294528
  charge_effi: 0.8079968395107131
  discharge_effi: 1
  max_power: 25.531444006575498
