storage:
  capacity: 78.74095369168964
  charge_effi: 0.9854800781681441
  discharge_effi: 1
  max_power: 26.9041025907163
