storage:
  capacity: 93.6152185798348
  charge_effi: 0.8135557620658872
  discharge_effi: 0.9157295266273878
  max_power: 29.44073379409026
