storage:
  capacity: 132.62092614362035
  charge_effi: 0.9085735919855725
  discharge_effi: 0.9583159359359277
  max_power: 22.352922468634816
