storage:
  capacity: 67.02661838389263
  charge_effi: 0.937364205152905
  discharge_effi: 0.8772624451324961
  max_power: 32.384066707685925
