storage:
  capacity: 92.1789935832372
  charge_effi: 1
  discharge_effi: 0.877167530583876
  max_power: 28.008178697603878
