storage:
  capacity: 85.25311202383543
  charge_effi: 0.8511142612173931
  discharge_effi: 1.2187096892345834
  max_power: 28.89873772717412
