storage:
  capacity: 106.70807306377483
  charge_effi: 1.0010090372703688
  discharge_effi: 1.3116488648612374
  max_power: 29.812680197846436
