storage:
  capacity: 108.62715737592058
  charge_effi: 0.9016558045208806
  discharge_effi: 1.2330393717732058
  max_power: 30.601142269651486
