storage:
  capacity: 104.44577230420221
  charge_effi: 0.9398662149202716
  discharge_effi: 1.1331567260412996
  max_power: 29.360625233543658
