storage:
  capacity: 104.39043853814009
  charge_effi: 1.089253144825957
  discharge_effi: 1.3176829833916326
  max_power: 29.385252316337535
