storage:
  capacity: 121.98535378224285
  charge_effi: 1.0548881652752085
  discharge_effi: 1.0270433092217124
  max_power: 25.443492814076624
