storage:
  capacity: 115.65630684349955
  charge_effi: 1.0464470335438807
  discharge_effi: 1.0352049091784954
  max_power: 29.372312332759858
