storage:
  capacity: 91.23611290736036
  charge_effi: 0.9754850557287692
  discharge_effi: 1.1889859979539192
  max_power: 29.904536442552264
