storage:
  capacity: 101.32364872815809
  charge_effi: 0.9042462402573469
  discharge_effi: 1.1854646947736243
  max_power: 24.919853593616924
