storage:
  capacity: 98.86406782647943
  charge_effi: 0.833537613332086
  discharge_effi: 1.134138570606463
  max_power: 27.605768261850127
