storage:
  capacity: 90.78655792777269
  charge_effi: 0.8705085948114487
  discharge_effi: 1.2530780986012484
  max_power: 26.05526050077383
