storage:
  capacity: 100.2963600634962
  charge_effi: 1.110305723504733
  discharge_effi: 1.3981607054628598
  max_power: 33.14069908567175
