storage:
  capacity: 99.23619442113285
  charge_effi: 0.7936584951688777
  discharge_effi: 1.2254378807273003
  max_power: 30.004333009614953
