storage:
  capacity: 87.36472932319033
  charge_effi: 0.8274054197235947
  discharge_effi: 1.1113701429859295
  max_power: 29.04755963233771
