storage:
  capacity: 96.23469979009317
  charge_effi: 0.893259450463813
  discharge_effi: 1.1081576384062983
  max_power: 27.08492031400315
