storage:
  capacity: 107.23540744563077
  charge_effi: 0.9731758453230241
  discharge_effi: 1.0682764351287015
  max_power: 27.84347186058444
