storage:
  capacity: 88.01511802536842
  charge_effi: 1.009153411842177
  discharge_effi: 1.1487096618994355
  max_power: 26.305716864742923
