storage:
  capacity: 110.00927924081688
  charge_effi: 0.9681131115118227
  discharge_effi: 1.067833471225322
  max_power: 24.083609452053523
