storage:
  capacity: 101.05319015612602
  charge_effi: 1.0726437677602068
  discharge_effi: 1.0043781476920643
  max_power: 24.633114452267414
