storage:
  capacity: 82.5515782402485
  charge_effi: 0.841108417108058
  discharge_effi: 1.1484571194953603
  max_power: 33.97678019038552
