storage:
  capacity: 117.19231102118425
  charge_effi: 0.7960558583093226
  discharge_effi: 1.3970403503903563
  max_power: 32.40847121877464
