storage:
  capacity: 105.77792952454134
  charge_effi: 1.0589735648880112
  discharge_effi: 1.1391770847257099
  max_power: 33.35770152860799
