storage:
  capacity: 93.23185941634385
  charge_effi: 0.9901342080855569
  discharge_effi: 1.0996479052196753
  max_power: 30.411866250806323
