storage:
  capacity: 94.35608270534631
  charge_effi: 0.8255692383784894
  discharge_effi: 1.125300756327792
  max_power: 30.558929188188564
