storage:
  capacity: 95.16645033775531
  charge_effi: 1.125620842278025
  discharge_effi: 1.0112277234906946
  max_power: 30.049027419655516
