storage:
  capacity: 109.01163720570864
  charge_effi: 0.9684223550979787
  discharge_effi: 1.3800653906140337
  max_power: 27.288375916648654
