storage:
  capacity: 99.57550369427845
  charge_effi: 1.0713124531200373
  discharge_effi: 1.2203424413531556
  max_power: 27.27995483407514
