storage:
  capacity: 118.8615922687049
  charge_effi: 0.9783498028327832
  discharge_effi: 1.3033045270280759
  max_power: 27.108791743334223
