storage:
  capacity: 107.9720785737273
  charge_effi: 0.9733121732104317
  discharge_effi: 1.1274149227135917
  max_power: 24.14425446951664
