storage:
  capacity: 98.68295821398716
  charge_effi: 0.9096339063558214
  discharge_effi: 0.8202244924819447
  max_power: 29.637831208624082
