storage:
  capacity: 100.35895376272002
  charge_effi: 1.083826598068895
  discharge_effi: 1.1295842031302747
  max_power: 28.263751754042083
