storage:
  capacity: 83.42313650645039
  charge_effi: 0.8604925080679906
  discharge_effi: 0.9696004916887836
  max_power: 30.906216312527143
