storage:
  capacity: 114.57443599728892
  charge_effi: 0.8603606145775308
  discharge_effi: 1.2576200123742753
  max_power: 29.64254077423343
