storage:
  capacity: 101.24191908451756
  charge_effi: 1.009885271944713
  discharge_effi: 1.2959722930059883
  max_power: 31.96036506340711
