storage:
  capacity: 95.73337070328836
  charge_effi: 0.951304614150039
  discharge_effi: 1.0918096028691089
  max_power: 33.223639822076954
