storage:
  capacity: 105.86318985557246
  charge_effi: 0.9932670216382001
  discharge_effi: 1.2407869129403222
  max_power: 30.62951094790577
