storage:
  capacity: 104.8786556207741
  charge_effi: 0.9152612818377218
  discharge_effi: 1.1685797279302108
  max_power: 30.868863071340645
