storage:
  capacity: 104.6198970494614
  charge_effi: 1.053184379715801
  discharge_effi: 1.0380328979701634
  max_power: 33.058616753807506
