storage:
  capacity: 88.1242049300053
  charge_effi: 1.1054352682176378
  discharge_effi: 1.1427945627742544
  max_power: 29.116447198615003
