storage:
  capacity: 94.00691348482667
  charge_effi: 1.0558216445910025
  discharge_effi: 1.158733485652214
  max_power: 30.884374338467957
