storage:
  capacity: 104.77366614341958
  charge_effi: 0.9834919648754443
  discharge_effi: 1.0867907113007829
  max_power: 24.20391758662628
