storage:
  capacity: 105.22930463218916
  charge_effi: 0.998830498296804
  discharge_effi: 1.1147232300115584
  max_power: 24.951268824092132
