storage:
  capacity: 76.88298652136352
  charge_effi: 0.9091495578024696
  discharge_effi: 1.3145108217686454
  max_power: 24.429969831287305
