storage:
  capacity: 110.73703744059358
  charge_effi: 0.958391692991915
  discharge_effi: 1.2003530507914837
  max_power: 32.64907718605745
