storage:
  capacity: 99.47568947306938
  charge_effi: 1.0885523218896824
  discharge_effi: 1.3883687192463505
  max_power: 25.886748251873072
