storage:
  capacity: 102.98307349928976
  charge_effi: 1.1448011886074227
  discharge_effi: 1.1049954756836633
  max_power: 28.92905540889666
