storage:
  capacity: 110.51351761768932
  charge_effi: 0.8917726004338636
  discharge_effi: 1.2431207835574205
  max_power: 28.52124201170206
