storage:
  capacity: 88.88195754691347
  charge_effi: 0.9787088006149226
  discharge_effi: 1.1282059979846666
  max_power: 29.950509372978228
