storage:
  capacity: 95.32367120400282
  charge_effi: 0.9565727659244849
  discharge_effi: 1.3444485981173875
  max_power: 33.2105329049453
