storage:
  capacity: 102.76710851620217
  charge_effi: 1.0843360119478882
  discharge_effi: 1.1480042076569001
  max_power: 23.55211055162908
