storage:
  capacity: 88.34626890566952
  charge_effi: 1.006670056695694
  discharge_effi: 1.2928861685861293
  max_power: 26.80836085883066
