storage:
  capacity: 112.15943221105769
  charge_effi: 1.1174650158941906
  discharge_effi: 1.2253957328479625
  max_power: 26.642030268049673
