storage:
  capacity: 72.34021832895445
  charge_effi: 1.0339455448320292
  discharge_effi: 1.3455085247860512
  max_power: 33.15651292488543
