storage:
  capacity: 101.65217677143724
  charge_effi: 0.7760348450608157
  discharge_effi: 1.3015913091168572
  max_power: 28.77264542962797
