storage:
  capacity: 101.06148644252298
  charge_effi: 1.140567938489394
  discharge_effi: 1.0771555415617622
  max_power: 30.326165428227434
