storage:
  capacity: 95.40801244440144
  charge_effi: 0.9183155548235423
  discharge_effi: 1.3236809324928722
  max_power: 25.582560565230484
