storage:
  capacity: 86.01570937002889
  charge_effi: 0.8498660873951955
  discharge_effi: 1.0119022880360289
  max_power: 25.94283299286767
