storage:
  capacity: 110.71732599919811
  charge_effi: 0.9390914135402512
  discharge_effi: 1.2194457919942372
  max_power: 30.095778243891488
