storage:
  capacity: 98.45794182602182
  charge_effi: 0.8740737859163032
  discharge_effi: 1.183954398140522
  max_power: 29.396074189318757
