storage:
  capacity: 104.50340211950646
  charge_effi: 1.1470796919782837
  discharge_effi: 1.1372663138705044
  max_power: 31.857526138000225
