storage:
  capacity: 103.38222370505729
  charge_effi: 1.0023338080016926
  discharge_effi: 1.19208600730501
  max_power: 26.393846690179373
