storage:
  capacity: 91.44151844786062
  charge_effi: 1.078275136678386
  discharge_effi: 1.0554449848062029
  max_power: 33.97929406796125
