storage:
  capacity: 106.70753692210653
  charge_effi: 0.9358241166412873
  discharge_effi: 1.2294640888770236
  max_power: 28.368302140970712
