storage:
  capacity: 105.57571103068899
  charge_effi: 0.9691560357171776
  discharge_effi: 1.0919172918212636
  max_power: 27.866688487456877
