storage:
  capacity: 92.77623807096207
  charge_effi: 1.0407177026274195
  discharge_effi: 1.2109650099318023
  max_power: 24.781338909835995
