storage:
  capacity: 99.92062816013006
  charge_effi: 1.0807726129967579
  discharge_effi: 1.104864103863626
  max_power: 30.791696768153844
