storage:
  capacity: 111.19345691935261
  charge_effi: 0.9588094393242307
  discharge_effi: 1.2337093522743627
  max_power: 27.376653003574276
