storage:
  capacity: 102.00391398872235
  charge_effi: 1.030217287199391
  discharge_effi: 1.223295274184879
  max_power: 26.21903783034955
