storage:
  capacity: 105.83553209175051
  charge_effi: 1.0602145870208464
  discharge_effi: 1.1128789517639497
  max_power: 27.070985422835616
