storage:
  capacity: 88.26791730042663
  charge_effi: 1.1157760622348596
  discharge_effi: 1.158561932485296
  max_power: 31.281990078921137
