storage:
  capacity: 95.84947337064898
  charge_effi: 0.9439594822315387
  discharge_effi: 1.2980045378014788
  max_power: 30.414573357884056
