storage:
  capacity: 109.3772931715564
  charge_effi: 0.9416049655837895
  discharge_effi: 1.11549404330632
  max_power: 27.288102033527988
