storage:
  capacity: 101.7673033228688
  charge_effi: 0.932141222489681
  discharge_effi: 1.3395453632761452
  max_power: 30.782822062539008
