storage:
  capacity: 95.94430698389546
  charge_effi: 0.9104553294773489
  discharge_effi: 1.3073512033430192
  max_power: 33.391529597207104
