storage:
  capacity: 107.6589526150584
  charge_effi: 0.9014256791923355
  discharge_effi: 1.117755796517746
  max_power: 32.752868595630915
