storage:
  capacity: 99.55957246839432
  charge_effi: 1.0189418616388428
  discharge_effi: 1.0502969360926193
  max_power: 26.27169878879974
