storage:
  capacity: 100.6775961714001
  charge_effi: 1.0705451114734972
  discharge_effi: 1.341786033454298
  max_power: 32.54261143519032
