storage:
  capacity: 86.64246987654096
  charge_effi: 0.9729624877032418
  discharge_effi: 1.2232424512673732
  max_power: 26.36766799177889
