storage:
  capacity: 86.26301903319096
  charge_effi: 0.8809631349592975
  discharge_effi: 1.3100816657336807
  max_power: 31.654103105947637
