storage:
  capacity: 90.79771996362335
  charge_effi: 1.0449461497439558
  discharge_effi: 1.2048684209346758
  max_power: 28.087061741682007
