storage:
  capacity: 102.58350663582442
  charge_effi: 1.0137495796602136
  discharge_effi: 1.330076951293338
  max_power: 33.15529902110108
