storage:
  capacity: 80.67316018561198
  charge_effi: 0.8827424898677988
  discharge_effi: 1.178544009712273
  max_power: 32.70430479560349
