storage:
  capacity: 102.49832035869427
  charge_effi: 1.0561111175314037
  discharge_effi: 1.2064088690639145
  max_power: 27.806580331856008
