storage:
  capacity: 91.78277123199118
  charge_effi: 1.0861997075294745
  discharge_effi: 1.1145466260836665
  max_power: 23.771198233918764
