storage:
  capacity: 86.68259918478546
  charge_effi: 0.9035430283310388
  discharge_effi: 1.2940362318368555
  max_power: 26.597363556270547
