storage:
  capacity: 95.50077601856647
  charge_effi: 0.7710647103327648
  discharge_effi: 1.3284476500075424
  max_power: 25.846794123929325
