storage:
  capacity: 83.68884993323546
  charge_effi: 1.05257021289284
  discharge_effi: 1.1385596268155616
  max_power: 23.878375804073798
