storage:
  capacity: 115.80330394785571
  charge_effi: 0.8646329434353656
  discharge_effi: 1.1039901938637524
  max_power: 30.77958455277145
