storage:
  capacity: 107.11622657450609
  charge_effi: 1.0911128116302675
  discharge_effi: 1.1433822992998788
  max_power: 26.134141664577577
