storage:
  capacity: 82.77049834988198
  charge_effi: 0.9740777704408898
  discharge_effi: 1.2162333563393835
  max_power: 25.86315481978958
