storage:
  capacity: 104.4600736417215
  charge_effi: 0.946576930117182
  discharge_effi: 1.1720550445714761
  max_power: 28.79431518626142
