storage:
  capacity: 95.92946810496846
  charge_effi: 1.093412677271529
  discharge_effi: 1.1974001461845134
  max_power: 30.09956751874249
