storage:
  capacity: 89.59162729508937
  charge_effi: 0.8979797360311942
  discharge_effi: 1.2736916790724693
  max_power: 31.10293860396251
