storage:
  capacity: 106.2604563502424
  charge_effi: 1.0576286980483764
  discharge_effi: 1.0769175738509826
  max_power: 29.21964151028052
