storage:
  capacity: 105.94563781048542
  charge_effi: 0.8485537055789941
  discharge_effi: 1.038521155405921
  max_power: 30.418049422304335
