storage:
  capacity: 104.68704926683262
  charge_effi: 0.9883151765209608
  discharge_effi: 1.3906538221532432
  max_power: 30.069460961887145
