storage:
  capacity: 83.25041179320793
  charge_effi: 0.9675075808577268
  discharge_effi: 1.1095250613024172
  max_power: 36.03340169747784
