storage:
  capacity: 99.77969155195291
  charge_effi: 1.0256353478053128
  discharge_effi: 1.4778853135331012
  max_power: 26.84840718603588
