storage:
  capacity: 83.5483021309582
  charge_effi: 0.8836731730748877
  discharge_effi: 1.0861907358798764
  max_power: 33.471328047748564
