storage:
  capacity: 110.40983603727774
  charge_effi: 0.9950549509311373
  discharge_effi: 1.1140181507283204
  max_power: 28.395394425355267
