storage:
  capacity: 96.99068337484827
  charge_effi: 1.0788333603554892
  discharge_effi: 1.1277760925930596
  max_power: 29.08671196072772
