storage:
  capacity: 90.49781861783737
  charge_effi: 0.9200057021614596
  discharge_effi: 1.2103722662082639
  max_power: 26.112744434909747
