storage:
  capacity: 95.1458396071423
  charge_effi: 1.051162822186349
  discharge_effi: 1.258988225089985
  max_power: 26.96991333788358
