storage:
  capacity: 100.02884885334453
  charge_effi: 1.0019441628921055
  discharge_effi: 1.0907493026602604
  max_power: 31.244484592525367
