storage:
  capacity: 108.13148104683611
  charge_effi: 0.9995030765449349
  discharge_effi: 1.354191787070296
  max_power: 26.535036308496554
