storage:
  capacity: 94.087493018299
  charge_effi: 0.9482848878264787
  discharge_effi: 1.1305280792235861
  max_power: 27.19127059210645
