storage:
  capacity: 102.03028707194659
  charge_effi: 0.7267794735909521
  discharge_effi: 1.367079757857156
  max_power: 28.314023463342334
