storage:
  capacity: 99.79393616605411
  charge_effi: 0.8190541223367217
  discharge_effi: 1.01628414122004
  max_power: 24.975622986485682
