storage:
  capacity: 90.96286340589657
  charge_effi: 1.0192598981997052
  discharge_effi: 1.3172819071950115
  max_power: 29.03610521302794
