storage:
  capacity: 108.5835268407017
  charge_effi: 0.886234096421895
  discharge_effi: 1.231628026999862
  max_power: 25.471317260699117
