storage:
  capacity: 111.98046276702071
  charge_effi: 1.0318007650002246
  discharge_effi: 1.5153801401685958
  max_power: 33.61022831606471
