storage:
  capacity: 86.47965425106192
  charge_effi: 0.9743050881608959
  discharge_effi: 1.081780279238582
  max_power: 31.915139149645302
