storage:
  capacity: 97.09631476216325
  charge_effi: 0.8424623477505538
  discharge_effi: 1.238384607459427
  max_power: 31.969111414507324
