storage:
  capacity: 112.9329637708101
  charge_effi: 0.796474885461481
  discharge_effi: 1.1262113637905564
  max_power: 26.773433808990948
