storage:
  capacity: 105.62243642770632
  charge_effi: 0.9474401128076053
  discharge_effi: 1.4311399245011307
  max_power: 30.795094440217188
