storage:
  capacity: 107.67077928062491
  charge_effi: 0.9652219399389645
  discharge_effi: 1.0363617570327832
  max_power: 25.090111400451544
