storage:
  capacity: 104.03663612345021
  charge_effi: 1.1488950368087567
  discharge_effi: 1.348335392179451
  max_power: 24.614149379425303
