storage:
  capacity: 102.85184636863755
  charge_effi: 1.0300543921077636
  discharge_effi: 1.1537710010601288
  max_power: 29.265489385817858
