storage:
  capacity: 95.27180607164999
  charge_effi: 0.9134742467003651
  discharge_effi: 1.2133867120222324
  max_power: 31.299794457000473
