storage:
  capacity: 89.88990084706221
  charge_effi: 1.088638118546108
  discharge_effi: 1.1429011375213434
  max_power: 28.611396626432587
