storage:
  capacity: 102.02534435568391
  charge_effi: 0.9948446801150842
  discharge_effi: 1.3688175409712426
  max_power: 28.71950836944555
