storage:
  capacity: 97.56656726610646
  charge_effi: 0.8601563610538479
  discharge_effi: 1.1907957132498685
  max_power: 33.209779865690535
