storage:
  capacity: 98.89169594785501
  charge_effi: 1.1337933609228643
  discharge_effi: 1.312994925432345
  max_power: 33.05722140467065
