storage:
  capacity: 90.6886029215742
  charge_effi: 1.0351999580389224
  discharge_effi: 1.1504582579691616
  max_power: 28.393058452020963
