storage:
  capacity: 102.99589896419624
  charge_effi: 0.9674757443318094
  discharge_effi: 1.2714469383719407
  max_power: 30.28067808595889
