storage:
  capacity: 91.18465103961138
  charge_effi: 0.9103233060218515
  discharge_effi: 1.014331593027517
  max_power: 30.69870579349884
