storage:
  capacity: 104.51792043432626
  charge_effi: 0.9367813276386018
  discharge_effi: 1.2531329170926784
  max_power: 28.028415323448435
