storage:
  capacity: 99.65827059138856
  charge_effi: 1.1106253588967356
  discharge_effi: 1.359007319047891
  max_power: 30.486828832163173
