storage:
  capacity: 110.81897886003918
  charge_effi: 1.1322721313059887
  discharge_effi: 1.1608975115510338
  max_power: 23.19187812089951
