storage:
  capacity: 108.36130332004325
  charge_effi: 0.8981424169789785
  discharge_effi: 1.206491260705528
  max_power: 30.402281455599027
