storage:
  capacity: 115.06425417433208
  charge_effi: 0.9518131364809895
  discharge_effi: 1.0454024749204707
  max_power: 30.773236778324414
