storage:
  capacity: 76.90279213246961
  charge_effi: 0.7468514272123229
  discharge_effi: 1.3953434796792397
  max_power: 33.1799937957636
