storage:
  capacity: 96.8675659371543
  charge_effi: 1.117277777109669
  discharge_effi: 1.3212459260932168
  max_power: 26.948816340230636
