storage:
  capacity: 88.34853212332406
  charge_effi: 0.8535914584874574
  discharge_effi: 1.133579855351811
  max_power: 35.97772808094653
