storage:
  capacity: 88.55062672263989
  charge_effi: 0.8995021961679119
  discharge_effi: 1.1600308307608838
  max_power: 34.452361987153644
