storage:
  capacity: 86.23365977901564
  charge_effi: 0.9743817303538126
  discharge_effi: 1.1349571815556991
  max_power: 24.684666346795016
