storage:
  capacity: 105.9132744796331
  charge_effi: 0.9667461232355736
  discharge_effi: 1.3305517829189457
  max_power: 29.065998410182424
