storage:
  capacity: 96.68177416363446
  charge_effi: 1.0045128304200766
  discharge_effi: 1.1965281123050258
  max_power: 21.363985222961382
