storage:
  capacity: 105.71447685858054
  charge_effi: 0.9408933139777498
  discharge_effi: 1.061043523824453
  max_power: 26.763599198662934
