storage:
  capacity: 110.35299386097094
  charge_effi: 1.0803372531382178
  discharge_effi: 1.3306506106881364
  max_power: 30.694932236059408
