storage:
  capacity: 107.42722254770754
  charge_effi: 0.9700595116465691
  discharge_effi: 0.9607523280614068
  max_power: 26.858624180047535
