storage:
  capacity: 112.69213145762583
  charge_effi: 1.2051901089388164
  discharge_effi: 1.2426320148119103
  max_power: 29.548882724711454
