storage:
  capacity: 107.38036429374719
  charge_effi: 0.9094109846778841
  discharge_effi: 1.2739568827596377
  max_power: 31.43186350029894
