storage:
  capacity: 94.48460211759554
  charge_effi: 0.8619659169322514
  discharge_effi: 1.180391676783221
  max_power: 28.555206341458646
