storage:
  capacity: 100.0881807580824
  charge_effi: 0.903595595068328
  discharge_effi: 1.1030579726173968
  max_power: 26.620776443156412
