storage:
  capacity: 99.66399870062962
  charge_effi: 0.9042476355982413
  discharge_effi: 1.11695367860516
  max_power: 29.887178976066124
