storage:
  capacity: 103.0097488778864
  charge_effi: 0.9195479688210167
  discharge_effi: 1.235406217844427
  max_power: 34.407171434540714
