storage:
  capacity: 94.1245661228888
  charge_effi: 0.8416495840963192
  discharge_effi: 1.0978986885197428
  max_power: 25.263228757079663
