storage:
  capacity: 86.77453232354564
  charge_effi: 0.9575351986600615
  discharge_effi: 1.2410489551149346
  max_power: 30.996762213364736
