storage:
  capacity: 84.0285535642283
  charge_effi: 1.018409142278498
  discharge_effi: 1.129253017043035
  max_power: 27.70031675899848
