storage:
  capacity: 113.41349745501037
  charge_effi: 1.0489461746344073
  discharge_effi: 1.0114099380485455
  max_power: 26.708065898200864
