storage:
  capacity: 115.06951702835222
  charge_effi: 0.9787213270445709
  discharge_effi: 1.1200233602027776
  max_power: 29.728869553715846
