storage:
  capacity: 92.2575387556605
  charge_effi: 0.9450663369067929
  discharge_effi: 1.36143098641953
  max_power: 31.638874311538643
