storage:
  capacity: 93.6142163492396
  charge_effi: 0.9348996522378642
  discharge_effi: 1.2054103697557883
  max_power: 28.08412605007196
