storage:
  capacity: 98.98653846688688
  charge_effi: 0.8886689546040071
  discharge_effi: 1.3819518315340444
  max_power: 26.612133102514953
