storage:
  capacity: 98.32814690593416
  charge_effi: 0.9036795164215674
  discharge_effi: 1.1549732974911455
  max_power: 31.93305250085037
