storage:
  capacity: 91.11986646430942
  charge_effi: 1.059476467934265
  discharge_effi: 1.464666195207379
  max_power: 28.213963094004395
