storage:
  capacity: 95.61737354763808
  charge_effi: 0.8358808682879245
  discharge_effi: 1.136413719007405
  max_power: 29.457069470995265
