storage:
  capacity: 96.79789322170423
  charge_effi: 0.9975270966152163
  discharge_effi: 1.1495834055069
  max_power: 30.514377847300565
