storage:
  capacity: 88.39839019340359
  charge_effi: 0.8183853868829262
  discharge_effi: 1.1136163103583276
  max_power: 33.41347010255465
