storage:
  capacity: 97.33322552227271
  charge_effi: 0.9683853215202451
  discharge_effi: 1.2723479020953812
  max_power: 25.85284970996453
