storage:
  capacity: 100.15694597783852
  charge_effi: 1.0200035530361666
  discharge_effi: 1.1427107392527307
  max_power: 32.06666010828992
