storage:
  capacity: 99.5875611296544
  charge_effi: 0.9996276977187117
  discharge_effi: 1.4915908695603828
  max_power: 27.685415279323955
