storage:
  capacity: 99.82832581724604
  charge_effi: 0.8032925092962152
  discharge_effi: 1.0674036054105236
  max_power: 32.625617729135946
