storage:
  capacity: 85.86564779187539
  charge_effi: 0.8732511904400917
  discharge_effi: 1.0801214011065925
  max_power: 30.12888753111763
