storage:
  capacity: 90.7686041696192
  charge_effi: 1.1849544953757032
  discharge_effi: 1.2806523481752587
  max_power: 31.216555718866562
