storage:
  capacity: 89.67717047976615
  charge_effi: 0.9928856787485253
  discharge_effi: 1.1821457885289697
  max_power: 27.382446525145802
