storage:
  capacity: 97.14111151466219
  charge_effi: 0.9942498511231276
  discharge_effi: 1.2421385464198151
  max_power: 27.918187291174306
