storage:
  capacity: 79.43718036588756
  charge_effi: 0.9119698143593388
  discharge_effi: 1.1673334551648895
  max_power: 32.2214541112689
