storage:
  capacity: 105.45442474846628
  charge_effi: 1.0173617196264382
  discharge_effi: 0.9674086677399082
  max_power: 27.837489998558105
