storage:
  capacity: 88.97114595475847
  charge_effi: 0.9067451599662881
  discharge_effi: 1.0613173301795102
  max_power: 27.708388548032495
