storage:
  capacity: 105.61575374418805
  charge_effi: 0.8070829158960887
  discharge_effi: 1.1079019339425398
  max_power: 28.309467248811597
