storage:
  capacity: 84.8806181615998
  charge_effi: 1.053969926093602
  discharge_effi: 1.2843717549493254
  max_power: 33.10789634536809
