storage:
  capacity: 108.92124348439111
  charge_effi: 0.9276861512262466
  discharge_effi: 1.2651010541325267
  max_power: 26.960897087189476
