storage:
  capacity: 91.10557779982709
  charge_effi: 0.9951788507626372
  discharge_effi: 1.2090186353269006
  max_power: 27.11620172289059
