storage:
  capacity: 118.94195853950754
  charge_effi: 0.8953814167443707
  discharge_effi: 1.1107683369309536
  max_power: 28.10277153248105
