storage:
  capacity: 90.30015637343958
  charge_effi: 0.7977664671062108
  discharge_effi: 1.1027236111037473
  max_power: 28.01123002606503
