storage:
  capacity: 83.45918101573885
  charge_effi: 0.938533747223472
  discharge_effi: 1.2855998332616692
  max_power: 30.55147060490832
