storage:
  capacity: 120.59840573751887
  charge_effi: 0.9085644366667766
  discharge_effi: 1.018447839749584
  max_power: 28.15690308213123
