storage:
  capacity: 98.79812950229072
  charge_effi: 0.9660592061478646
  discharge_effi: 1.3460027231461684
  max_power: 28.19960857751175
