storage:
  capacity: 87.75734267085907
  charge_effi: 0.9361381650269283
  discharge_effi: 1.3238342970380035
  max_power: 29.765341826606054
