storage:
  capacity: 79.07649830455628
  charge_effi: 0.928706350871041
  discharge_effi: 1.1494362691805378
  max_power: 26.22471752417493
