storage:
  capacity: 102.02932906401497
  charge_effi: 1.0019478339687355
  discharge_effi: 1.2073440142539584
  max_power: 28.45781664815019
