storage:
  capacity: 91.31915433957731
  charge_effi: 1.0853299972677442
  discharge_effi: 1.0224042192396294
  max_power: 22.92581447605952
