storage:
  capacity: 103.0453952487385
  charge_effi: 1.1123531350874158
  discharge_effi: 1.3111048917667558
  max_power: 27.47150573073355
