storage:
  capacity: 114.19670086920672
  charge_effi: 1.157775619382542
  discharge_effi: 1.0892443985578018
  max_power: 35.02122992185597
