storage:
  capacity: 104.16267089639229
  charge_effi: 0.79187630152422
  discharge_effi: 1.373535118360901
  max_power: 24.863777590727672
