storage:
  capacity: 75.86957132923165
  charge_effi: 0.9245093544751539
  discharge_effi: 1.1695821663446675
  max_power: 31.99973752721386
