storage:
  capacity: 90.86779438217735
  charge_effi: 1.0027929639905044
  discharge_effi: 1.1552510291437377
  max_power: 31.068092745991947
