storage:
  capacity: 101.12587210833193
  charge_effi: 1.074640874006399
  discharge_effi: 0.8810677951204497
  max_power: 31.419030677635313
