storage:
  capacity: 112.67536591515363
  charge_effi: 0.9795365215999179
  discharge_effi: 1.061105938736763
  max_power: 33.5103969545688
