storage:
  capacity: 100.33266434416375
  charge_effi: 1.0218991199836027
  discharge_effi: 1.2650004585318728
  max_power: 25.985485691062422
