storage:
  capacity: 109.47902473656707
  charge_effi: 1.0786168637673719
  discharge_effi: 1.078744071009558
  max_power: 32.222900915099906
