storage:
  capacity: 101.73780723589643
  charge_effi: 1.1568431955862428
  discharge_effi: 1.001320494003884
  max_power: 27.735733252409894
