storage:
  capacity: 92.34849275956941
  charge_effi: 0.815678972808136
  discharge_effi: 1.0926632980479263
  max_power: 26.605683834612726
