storage:
  capacity: 105.49105491855413
  charge_effi: 0.9331249838106013
  discharge_effi: 1.3351983972990462
  max_power: 25.644258051374116
