storage:
  capacity: 90.32341749170828
  charge_effi: 0.814213326969332
  discharge_effi: 1.2876301202649514
  max_power: 31.545746524550317
