storage:
  capacity: 80.95449717694679
  charge_effi: 1.0329888974250756
  discharge_effi: 1.10612177872989
  max_power: 29.927181813294247
