storage:
  capacity: 111.93159439461182
  charge_effi: 0.9545596801491394
  discharge_effi: 1.1623767554801276
  max_power: 21.11036278928565
