storage:
  capacity: 103.42412854421431
  charge_effi: 0.8593078324895723
  discharge_effi: 1.3385547204682686
  max_power: 33.575101482364815
