storage:
  capacity: 94.29042523483116
  charge_effi: 1.0886526272766226
  discharge_effi: 0.9484215293784782
  max_power: 30.323737155596795
