storage:
  capacity: 108.52822772401217
  charge_effi: 1.0981747011706515
  discharge_effi: 1.1877893955662373
  max_power: 28.550974093708465
