storage:
  capacity: 110.3000800993156
  charge_effi: 1.1930670798474774
  discharge_effi: 1.1348717205780643
  max_power: 27.177185063141817
