storage:
  capacity: 85.01014697556668
  charge_effi: 0.844590465200967
  discharge_effi: 1.1981454321270586
  max_power: 30.717214873491404
