storage:
  capacity: 85.43396563326158
  charge_effi: 0.8842231286725928
  discharge_effi: 1.2718003447972048
  max_power: 28.011792649836572
