storage:
  capacity: 87.33962632928964
  charge_effi: 0.9669332198306113
  discharge_effi: 1.1689068493026151
  max_power: 28.70972818306256
