storage:
  capacity: 102.10027296258387
  charge_effi: 0.9125038649960386
  discharge_effi: 1.3461694906475326
  max_power: 31.828181605490514
