storage:
  capacity: 103.88077997687955
  charge_effi: 1.0121093796556015
  discharge_effi: 1.3767968613049777
  max_power: 32.0538147757151
