storage:
  capacity: 111.92909514231994
  charge_effi: 0.9028244608306473
  discharge_effi: 1.2097779439743908
  max_power: 30.760563324811063
