storage:
  capacity: 85.70158223141487
  charge_effi: 0.7995568938412131
  discharge_effi: 1.3031916667917451
  max_power: 26.79037121034315
