storage:
  capacity: 114.65183840946388
  charge_effi: 0.8299809553315433
  discharge_effi: 1.3037425666726863
  max_power: 30.284299955713138
