storage:
  capacity: 88.37627369359473
  charge_effi: 1.0860019748638592
  discharge_effi: 1.217055251440296
  max_power: 29.908904526174727
