storage:
  capacity: 113.92045864306381
  charge_effi: 1.0951816121095708
  discharge_effi: 1.3142513012375134
  max_power: 27.413943309739636
