storage:
  capacity: 71.55791541966744
  charge_effi: 0.7487293848069154
  discharge_effi: 1.0143619709246592
  max_power: 33.03487079909635
