storage:
  capacity: 86.4499246774917
  charge_effi: 0.956678421446924
  discharge_effi: 1.2426710783729582
  max_power: 28.154699943484854
