storage:
  capacity: 92.07799190565095
  charge_effi: 0.9211733041307295
  discharge_effi: 1.0829923090504836
  max_power: 29.06179425618448
