storage:
  capacity: 94.79143256786158
  charge_effi: 0.9566719231252172
  discharge_effi: 1.135666692738244
  max_power: 29.696773162463472
