storage:
  capacity: 91.70019605517915
  charge_effi: 0.8695787949736539
  discharge_effi: 1.380266169154405
  max_power: 31.72567002155246
