storage:
  capacity: 108.12819658491205
  charge_effi: 1.0057654203678392
  discharge_effi: 1.1191091839137604
  max_power: 28.410606223614277
