storage:
  capacity: 87.59696088999513
  charge_effi: 1.0418205939893734
  discharge_effi: 1.2785742215462075
  max_power: 24.634750326645932
