storage:
  capacity: 85.07979450714878
  charge_effi: 1.00781249219414
  discharge_effi: 1.1469208619338302
  max_power: 28.978665296515697
