storage:
  capacity: 98.87150963355002
  charge_effi: 1.0642494469838446
  discharge_effi: 1.2546734031376165
  max_power: 32.09652673832992
