storage:
  capacity: 102.27934452297907
  charge_effi: 0.9870662300760138
  discharge_effi: 1.0052751364189738
  max_power: 28.006150707810633
