storage:
  capacity: 92.84199342422565
  charge_effi: 1.1691894345847003
  discharge_effi: 1.1982012670461253
  max_power: 32.844531725123815
