storage:
  capacity: 93.86624807783134
  charge_effi: 0.7287707718170768
  discharge_effi: 1.234316020494422
  max_power: 28.111285489816495
