storage:
  capacity: 92.9393315415275
  charge_effi: 1.1408613395946836
  discharge_effi: 1.1829337374794997
  max_power: 23.3564303761277
