storage:
  capacity: 84.58279292419581
  charge_effi: 1.014588004181904
  discharge_effi: 1.117103348410343
  max_power: 33.70698733601447
