storage:
  capacity: 92.44177289383786
  charge_effi: 1.0235704542719248
  discharge_effi: 1.116537805256069
  max_power: 29.97335949692942
