storage:
  capacity: 107.70803673637292
  charge_effi: 0.9002555423130792
  discharge_effi: 1.174466146609989
  max_power: 26.622693479253996
