storage:
  capacity: 96.65460785535804
  charge_effi: 1.1400232077662311
  discharge_effi: 1.5379789481828527
  max_power: 25.802466243474893
