storage:
  capacity: 117.34594201065603
  charge_effi: 1.0322475821052748
  discharge_effi: 1.2021947005251479
  max_power: 23.161077420176294
