storage:
  capacity: 96.33139395757395
  charge_effi: 1.065220121184176
  discharge_effi: 1.1091061436928285
  max_power: 31.19141860859232
