storage:
  capacity: 95.18513399710065
  charge_effi: 1.0620070334574343
  discharge_effi: 1.1515962447498473
  max_power: 32.40846748197314
