storage:
  capacity: 105.69765883814459
  charge_effi: 1.0757376266919538
  discharge_effi: 1.1632865084027866
  max_power: 25.58846739808695
