storage:
  capacity: 106.52597264313185
  charge_effi: 1.042825959073028
  discharge_effi: 1.0636380190483858
  max_power: 25.47194546775852
