storage:
  capacity: 88.4712288430841
  charge_effi: 1.1289698921618099
  discharge_effi: 1.2217144016760906
  max_power: 29.4391960340416
