storage:
  capacity: 100.7114692903869
  charge_effi: 1.0239089229790475
  discharge_effi: 1.1764007782677308
  max_power: 29.048244905003717
