storage:
  capacity: 75.89065901416987
  charge_effi: 0.9231930611352953
  discharge_effi: 1.3333087781650539
  max_power: 29.630278704236748
