storage:
  capacity: 98.89255712393073
  charge_effi: 0.9707467838095697
  discharge_effi: 1.3064073237153115
  max_power: 26.842570323040725
