storage:
  capacity: 101.58075043661063
  charge_effi: 1.0388328682741352
  discharge_effi: 0.8431018303050493
  max_power: 27.31745708925241
