storage:
  capacity: 94.0840085392006
  charge_effi: 0.8697440245327828
  discharge_effi: 1.105424934285891
  max_power: 29.23782891570733
