storage:
  capacity: 116.51674574247443
  charge_effi: 1.068933208264403
  discharge_effi: 1.2314096289393508
  max_power: 28.93112303852704
