storage:
  capacity: 82.39758544069034
  charge_effi: 1.1247867824940543
  discharge_effi: 1.411276507590264
  max_power: 25.410142862590877
