storage:
  capacity: 99.81910315008132
  charge_effi: 0.81074712432858
  discharge_effi: 1.1398319298439035
  max_power: 30.57216653450052
