storage:
  capacity: 82.88233592233335
  charge_effi: 0.8007336805282366
  discharge_effi: 0.9423467517063484
  max_power: 29.510228933772588
