storage:
  capacity: 107.03303136404766
  charge_effi: 1.0800009256318086
  discharge_effi: 1.1441994141279945
  max_power: 23.42128197595497
