storage:
  capacity: 119.28789625673245
  charge_effi: 0.8532434351514177
  discharge_effi: 1.1864818410534308
  max_power: 26.349418385613934
