storage:
  capacity: 100.92153367423194
  charge_effi: 1.1096245337479813
  discharge_effi: 1.4041222442176267
  max_power: 28.80910993471228
