storage:
  capacity: 105.8654436618161
  charge_effi: 1.1193650610134307
  discharge_effi: 1.333084510893303
  max_power: 34.46593060748536
