storage:
  capacity: 79.38947936876157
  charge_effi: 0.9796999145517234
  discharge_effi: 1.1712854861209472
  max_power: 30.362728206711267
