storage:
  capacity: 103.3411544024284
  charge_effi: 1.1471033747642494
  discharge_effi: 1.16587356213271
  max_power: 28.599243247518764
