storage:
  capacity: 99.89614016603815
  charge_effi: 1.2219144403051876
  discharge_effi: 1.4327730104306464
  max_power: 28.825098385607447
