storage:
  capacity: 91.3159492692292
  charge_effi: 1.0089152737522487
  discharge_effi: 1.3629118849475998
  max_power: 29.656589304719247
