storage:
  capacity: 106.41705284785529
  charge_effi: 1.0072062342544859
  discharge_effi: 1.3822073047687216
  max_power: 24.048349259522478
