storage:
  capacity: 95.80473891332598
  charge_effi: 1.0641386444653727
  discharge_effi: 1.2335510128751206
  max_power: 24.42561183878671
