storage:
  capacity: 100.90916154199543
  charge_effi: 1.0192067453089726
  discharge_effi: 1.2375629328949873
  max_power: 30.575443172479787
