storage:
  capacity: 95.71047835745416
  charge_effi: 1.0739589963759335
  discharge_effi: 1.3104555846604344
  max_power: 28.724374706180733
