storage:
  capacity: 78.8257956638774
  charge_effi: 0.8599164766185808
  discharge_effi: 1.2076884885324162
  max_power: 23.980894765923903
