storage:
  capacity: 95.56409433188865
  charge_effi: 0.8136074723455397
  discharge_effi: 1.2110860040936622
  max_power: 25.411673250522195
