storage:
  capacity: 100.63042603952019
  charge_effi: 0.9366977487238758
  discharge_effi: 1.2692213918208848
  max_power: 31.780916952761658
