storage:
  capacity: 98.44156335665774
  charge_effi: 0.870240273399683
  discharge_effi: 0.9708456434744284
  max_power: 29.260835646708067
