storage:
  capacity: 110.08796013895088
  charge_effi: 1.0609898829652649
  discharge_effi: 1.22890626294402
  max_power: 32.35999778862179
