storage:
  capacity: 107.75024052205355
  charge_effi: 0.9543280660113407
  discharge_effi: 1.0720573405717961
  max_power: 26.867113492159678
