storage:
  capacity: 98.45742315528831
  charge_effi: 1.0269321196494072
  discharge_effi: 1.0380353613368116
  max_power: 28.398288104381123
