storage:
  capacity: 99.20639041498478
  charge_effi: 1.0840146648572362
  discharge_effi: 1.1979879885816311
  max_power: 29.651609303159383
