storage:
  capacity: 94.3136506996939
  charge_effi: 0.981914914919201
  discharge_effi: 1.2245801808055232
  max_power: 31.20152945133017
