storage:
  capacity: 95.03339510270193
  charge_effi: 1.0530415763513958
  discharge_effi: 1.1142729762719406
  max_power: 25.755652578127375
