storage:
  capacity: 112.0441280191168
  charge_effi: 1.0255892975475418
  discharge_effi: 1.3540186708059594
  max_power: 29.05016627216889
