storage:
  capacity: 94.99770973804083
  charge_effi: 0.9044133724120215
  discharge_effi: 1.2019083066129945
  max_power: 28.037041573332274
