storage:
  capacity: 96.32591131285291
  charge_effi: 0.8898272440218041
  discharge_effi: 1.0600611959807709
  max_power: 28.017464830546942
