storage:
  capacity: 100.27021945219526
  charge_effi: 0.934231464696762
  discharge_effi: 1.1311119206163804
  max_power: 28.158348166658985
