storage:
  capacity: 104.4763001522136
  charge_effi: 1.0935693972523202
  discharge_effi: 1.1501293869411335
  max_power: 27.785367058551497
