storage:
  capacity: 89.79819193346907
  charge_effi: 0.9051546821659843
  discharge_effi: 1.2042972097218423
  max_power: 24.600857743695588
