storage:
  capacity: 87.11303455441922
  charge_effi: 0.994495626603276
  discharge_effi: 1.4120435762325982
  max_power: 33.02281438255892
