storage:
  capacity: 86.29088050580141
  charge_effi: 0.7864598408508457
  discharge_effi: 1.241760148809961
  max_power: 27.448847686568104
