storage:
  capacity: 109.02881785837948
  charge_effi: 0.7729713890093163
  discharge_effi: 1.3482651014274027
  max_power: 27.63936184272319
