storage:
  capacity: 89.32023120999509
  charge_effi: 0.9290834861982354
  discharge_effi: 1.0656580505110862
  max_power: 27.58524826343405
