storage:
  capacity: 120.41236469504067
  charge_effi: 0.9941774047767443
  discharge_effi: 0.8766239548893472
  max_power: 26.44604941271637
