storage:
  capacity: 101.6328425594809
  charge_effi: 1.0009279082562397
  discharge_effi: 1.2606930518508568
  max_power: 27.38675974028732
