storage:
  capacity: 95.81644081040879
  charge_effi: 0.9581944149883662
  discharge_effi: 1.2992699160497976
  max_power: 26.178983250469997
