storage:
  capacity: 98.22254522713953
  charge_effi: 0.7199130822869463
  discharge_effi: 1.1837778507858645
  max_power: 29.383715529695685
