storage:
  capacity: 110.95938215770389
  charge_effi: 1.0577038242817494
  discharge_effi: 1.269821638001023
  max_power: 30.016721785423016
