storage:
  capacity: 93.31486003449068
  charge_effi: 0.8744512816242189
  discharge_effi: 1.4258459396818628
  max_power: 30.918761953025715
