storage:
  capacity: 120.51932663085056
  charge_effi: 1.0960031703862918
  discharge_effi: 1.3157327121374167
  max_power: 30.57099847810639
