storage:
  capacity: 106.86473575578422
  charge_effi: 0.914964877420107
  discharge_effi: 1.313070305714228
  max_power: 26.627785649502503
