storage:
  capacity: 92.94667839464319
  charge_effi: 1.0935477618571683
  discharge_effi: 1.04877365267417
  max_power: 27.347912012507823
