storage:
  capacity: 97.84334921029172
  charge_effi: 1.1443218019147898
  discharge_effi: 1.2479816830243187
  max_power: 24.035589028420084
