storage:
  capacity: 107.11994933163886
  charge_effi: 0.9407468906368736
  discharge_effi: 1.257631253875322
  max_power: 29.529561591980798
