storage:
  capacity: 106.03709033651822
  charge_effi: 0.9146554797081481
  discharge_effi: 1.2611289554126708
  max_power: 31.10527323675533
