storage:
  capacity: 90.20096837215509
  charge_effi: 1.0978837361497813
  discharge_effi: 1.016837265582728
  max_power: 28.30745775951928
