storage:
  capacity: 90.99491591395653
  charge_effi: 1.0961562110761476
  discharge_effi: 1.3600246050058833
  max_power: 32.540321966518924
