storage:
  capacity: 105.25310224772878
  charge_effi: 0.8159313076216697
  discharge_effi: 1.1587032158660178
  max_power: 36.66174498076327
