storage:
  capacity: 110.03262423536691
  charge_effi: 1.0440171355187036
  discharge_effi: 1.1186426200401347
  max_power: 29.12407055898728
