storage:
  capacity: 98.40602279651539
  charge_effi: 0.8466805114754745
  discharge_effi: 0.9525477865935942
  max_power: 32.11097017225048
