storage:
  capacity: 103.64767238084094
  charge_effi: 0.8994686231877695
  discharge_effi: 1.217182314649074
  max_power: 30.116709574287587
