storage:
  capacity: 108.52344579522199
  charge_effi: 0.8145152894139472
  discharge_effi: 1.1454057726520095
  max_power: 27.84339960540447
