storage:
  capacity: 97.75539309930693
  charge_effi: 0.9028167964277903
  discharge_effi: 1.3049771028137123
  max_power: 27.85326388145219
