storage:
  capacity: 99.7718742686893
  charge_effi: 1.182035657195484
  discharge_effi: 1.2158360500511747
  max_power: 34.37126365101675
