storage:
  capacity: 108.67017824599269
  charge_effi: 0.8963213345626511
  discharge_effi: 1.2306656225794295
  max_power: 27.03610457704029
