storage:
  capacity: 102.87696646707695
  charge_effi: 1.092959166356447
  discharge_effi: 1.2751150849177324
  max_power: 32.28862994281598
