storage:
  capacity: 109.86406243958139
  charge_effi: 0.7898953578134927
  discharge_effi: 1.4427976964493534
  max_power: 30.030704854098705
