storage:
  capacity: 109.0133844765989
  charge_effi: 0.9260890823940916
  discharge_effi: 1.3421261576427048
  max_power: 33.56929456801531
