storage:
  capacity: 116.10170643120605
  charge_effi: 1.1344435153047454
  discharge_effi: 1.0363431731393442
  max_power: 24.161961965029068
