storage:
  capacity: 107.44244687328403
  charge_effi: 1.097905731340239
  discharge_effi: 1.4479940459450036
  max_power: 27.89755279870202
