storage:
  capacity: 89.21777951633989
  charge_effi: 0.9148909490516483
  discharge_effi: 1.4423874533419752
  max_power: 22.103395136096488
