storage:
  capacity: 113.76590724518599
  charge_effi: 0.9901724917998338
  discharge_effi: 1.2017865669229013
  max_power: 31.803324137496986
