storage:
  capacity: 94.77579393268412
  charge_effi: 1.1000599799812611
  discharge_effi: 1.201455788994491
  max_power: 27.246421097400116
