storage:
  capacity: 112.80139043846205
  charge_effi: 0.870784183545055
  discharge_effi: 1.046150805963084
  max_power: 28.34226985119955
