storage:
  capacity: 101.99706337239718
  charge_effi: 0.7537194848350585
  discharge_effi: 1.3163870621185405
  max_power: 24.62201312658762
