storage:
  capacity: 92.41793871904433
  charge_effi: 1.0087591760065966
  discharge_effi: 1.036929796543895
  max_power: 33.89199948014554
