storage:
  capacity: 83.75706967889441
  charge_effi: 0.8954025775688428
  discharge_effi: 1.0331179940472475
  max_power: 36.47135462368901
