storage:
  capacity: 83.88986731899925
  charge_effi: 0.8203291883106939
  discharge_effi: 1.217303781085824
  max_power: 30.1972263877055
