storage:
  capacity: 101.64322817883598
  charge_effi: 0.7749698749634242
  discharge_effi: 1.3293906652110528
  max_power: 26.27649903563369
