storage:
  capacity: 89.41905948007361
  charge_effi: 0.9136642824024029
  discharge_effi: 1.3016828425850961
  max_power: 29.608577466073314
