storage:
  capacity: 92.628556900699
  charge_effi: 0.9837300795357874
  discharge_effi: 1.2503915501327898
  max_power: 32.99115464076824
