storage:
  capacity: 95.80729417322976
  charge_effi: 1.025519469034752
  discharge_effi: 1.3901860962055201
  max_power: 28.479384605439588
