storage:
  capacity: 95.16830255445853
  charge_effi: 0.9465429456065522
  discharge_effi: 1.183277730367836
  max_power: 26.485861848598883
