storage:
  capacity: 95.0567747446623
  charge_effi: 1.1998629539507255
  discharge_effi: 1.0440813918583436
  max_power: 28.73241126218787
