storage:
  capacity: 89.69812993411146
  charge_effi: 1.1809604734683652
  discharge_effi: 1.1838768141599019
  max_power: 27.938854642081477
