storage:
  capacity: 98.90555263865873
  charge_effi: 1.0570397043419657
  discharge_effi: 1.0324221915300285
  max_power: 25.359813360097828
