storage:
  capacity: 90.81045894156976
  charge_effi: 1.0461123273042185
  discharge_effi: 1.0969630600656008
  max_power: 29.854156700847838
