storage:
  capacity: 107.47861543516959
  charge_effi: 0.8079974824478661
  discharge_effi: 1.3108069886263733
  max_power: 30.966944679848023
