storage:
  capacity: 118.09911624900714
  charge_effi: 0.9071118954437045
  discharge_effi: 1.1970753274045387
  max_power: 26.00589381770872
