storage:
  capacity: 100.49806119881329
  charge_effi: 1.0590441425865562
  discharge_effi: 1.3358863338667375
  max_power: 27.784135187091227
