storage:
  capacity: 94.20107517127065
  charge_effi: 0.9511295679105092
  discharge_effi: 1.1212585207500672
  max_power: 24.421700114183462
