storage:
  capacity: 93.65661222373934
  charge_effi: 1.0045457943246534
  discharge_effi: 1.269465529781669
  max_power: 29.85880977725969
