storage:
  capacity: 85.01658010225883
  charge_effi: 0.895369991776857
  discharge_effi: 0.9203421759035281
  max_power: 29.220643428139393
