storage:
  capacity: 102.76197763241333
  charge_effi: 0.7722720046290098
  discharge_effi: 1.4603903654583525
  max_power: 28.21175943734122
