storage:
  capacity: 121.71380602257607
  charge_effi: 1.072327099933624
  discharge_effi: 1.2732338110806893
  max_power: 34.0028762559613
