storage:
  capacity: 87.2316291656597
  charge_effi: 1.1611247258968578
  discharge_effi: 1.331114918578377
  max_power: 34.221211169327916
