storage:
  capacity: 108.66809827474266
  charge_effi: 0.8389300389437307
  discharge_effi: 1.2869147608967029
  max_power: 29.614896948639057
