storage:
  capacity: 91.65788055199296
  charge_effi: 0.7932318665448672
  discharge_effi: 1.3043830104733465
  max_power: 28.84005767456589
