storage:
  capacity: 92.87921889284776
  charge_effi: 0.9887230873795526
  discharge_effi: 1.3494062503641404
  max_power: 25.304841843592246
