storage:
  capacity: 103.9746362047096
  charge_effi: 0.9561512859655347
  discharge_effi: 1.2050828467745291
  max_power: 27.57903971953408
