storage:
  capacity: 105.91660161770012
  charge_effi: 0.9069470045888236
  discharge_effi: 1.2026803784184843
  max_power: 23.065754423973363
