storage:
  capacity: 80.74929012907597
  charge_effi: 1.2805096180419975
  discharge_effi: 1.1658108428747618
  max_power: 25.017950863016342
