storage:
  capacity: 95.53871295114295
  charge_effi: 0.7806547396021432
  discharge_effi: 1.1920599375596759
  max_power: 25.22238366918356
