storage:
  capacity: 84.93830246663401
  charge_effi: 0.8638845437040297
  discharge_effi: 1.1269515373570456
  max_power: 33.501213258257515
