storage:
  capacity: 108.37226828720722
  charge_effi: 1.032188011216425
  discharge_effi: 1.25991878125172
  max_power: 26.83317609450825
