storage:
  capacity: 97.07294502554404
  charge_effi: 1.1109296187541922
  discharge_effi: 1.2181892400977814
  max_power: 33.171811886544276
