storage:
  capacity: 91.97591103079183
  charge_effi: 1.077739174499595
  discharge_effi: 1.2717624381009092
  max_power: 31.089615707034504
