storage:
  capacity: 87.0392299808575
  charge_effi: 1.086853105114125
  discharge_effi: 1.2656282923524398
  max_power: 30.237959790943172
