storage:
  capacity: 117.33222658490233
  charge_effi: 0.97124773404694
  discharge_effi: 1.0598054294751145
  max_power: 27.56570986234812
