storage:
  capacity: 103.18416657413115
  charge_effi: 1.2538046868509247
  discharge_effi: 1.1303195416913459
  max_power: 33.22905545456458
