storage:
  capacity: 109.01941145013917
  charge_effi: 1.017345297410609
  discharge_effi: 1.1373561344327576
  max_power: 28.23228447205103
