storage:
  capacity: 98.55679231222038
  charge_effi: 1.0089945641153202
  discharge_effi: 1.1531339243378265
  max_power: 24.766629941604453
