storage:
  capacity: 96.25307535140826
  charge_effi: 0.9006867152294589
  discharge_effi: 0.9825285988995957
  max_power: 28.21248632028378
