storage:
  capacity: 110.03422276624454
  charge_effi: 0.887441642709067
  discharge_effi: 1.437415630956637
  max_power: 30.681955181225103
