storage:
  capacity: 84.2830894841414
  charge_effi: 0.9062034575147395
  discharge_effi: 1.3774989016933297
  max_power: 32.200114064961696
