storage:
  capacity: 96.74722324364947
  charge_effi: 0.9404018553012895
  discharge_effi: 1.347370611137288
  max_power: 26.8857003042887
