storage:
  capacity: 111.7289588032919
  charge_effi: 0.8441567889284095
  discharge_effi: 1.0268766283517707
  max_power: 29.120682832972403
