storage:
  capacity: 91.18881651286938
  charge_effi: 1.106096162977398
  discharge_effi: 0.9782059227428109
  max_power: 26.79933835794355
