storage:
  capacity: 89.75332423849046
  charge_effi: 1.0423680128454966
  discharge_effi: 1.1319462749253326
  max_power: 29.060316930535514
