storage:
  capacity: 106.3849750634029
  charge_effi: 1.0141723369705906
  discharge_effi: 1.28073681377796
  max_power: 31.961025774917996
