storage:
  capacity: 110.22377303461701
  charge_effi: 0.9507739186465274
  discharge_effi: 1.199892663940924
  max_power: 26.659803695562637
