storage:
  capacity: 109.50184990967074
  charge_effi: 0.8841184592762246
  discharge_effi: 1.2036143480321437
  max_power: 30.40442087614625
