storage:
  capacity: 106.54217615336594
  charge_effi: 1.0816511418545227
  discharge_effi: 1.38084394783877
  max_power: 25.377326248055926
