storage:
  capacity: 97.37818760838995
  charge_effi: 1.147129526844404
  discharge_effi: 1.3763808885739444
  max_power: 29.480321789935044
