storage:
  capacity: 93.02080810398436
  charge_effi: 0.9204807545009295
  discharge_effi: 1.2941350550880006
  max_power: 23.18969618247112
