storage:
  capacity: 104.93595471733124
  charge_effi: 1.0488768058702764
  discharge_effi: 1.1551756834566433
  max_power: 26.23258659536354
