storage:
  capacity: 98.01767932591419
  charge_effi: 0.9157001364160362
  discharge_effi: 1.1592647482499423
  max_power: 23.738282932960114
