storage:
  capacity: 97.17002416835471
  charge_effi: 1.0943748510257283
  discharge_effi: 1.2563515845441549
  max_power: 32.82095194351009
