storage:
  capacity: 108.00242815217712
  charge_effi: 0.9110855487557136
  discharge_effi: 1.2323471629297456
  max_power: 32.58915845082316
