storage:
  capacity: 94.59989132982116
  charge_effi: 0.9645149790036369
  discharge_effi: 1.2549641362480095
  max_power: 26.698167403299028
