storage:
  capacity: 98.66979117412608
  charge_effi: 0.9801595012103832
  discharge_effi: 1.1979756639895214
  max_power: 28.727731378585755
