storage:
  capacity: 94.73655962488145
  charge_effi: 0.9237539893556498
  discharge_effi: 0.9475879606013077
  max_power: 33.00397686734928
