storage:
  capacity: 99.39906019058688
  charge_effi: 1.0617008921748377
  discharge_effi: 1.1236173384573642
  max_power: 24.714159044020303
