storage:
  capacity: 101.28605985012032
  charge_effi: 0.9983348587439281
  discharge_effi: 1.1798943645484827
  max_power: 30.219664759684637
