storage:
  capacity: 100.67967427421509
  charge_effi: 0.9873832351569827
  discharge_effi: 1.3644825530758438
  max_power: 26.585579415715074
