storage:
  capacity: 118.69052397462654
  charge_effi: 0.9203941474138205
  discharge_effi: 1.127670860016603
  max_power: 27.4622055726477
