storage:
  capacity: 85.17411069663248
  charge_effi: 1.0758773079235844
  discharge_effi: 1.2846290064931842
  max_power: 28.307623537961277
