storage:
  capacity: 103.03696657074161
  charge_effi: 0.9339648706636127
  discharge_effi: 1.1479471892780304
  max_power: 33.64593290395562
