storage:
  capacity: 85.68157888790593
  charge_effi: 0.993645139737503
  discharge_effi: 1.153904696786873
  max_power: 31.25203215526634
