storage:
  capacity: 102.59597706546246
  charge_effi: 0.9496274003259024
  discharge_effi: 1.1888564614134953
  max_power: 28.005681455803124
