storage:
  capacity: 113.49317883124942
  charge_effi: 0.9356003522469402
  discharge_effi: 1.2433287926979173
  max_power: 25.050852674011228
