storage:
  capacity: 82.46361207677926
  charge_effi: 0.8783986122027282
  discharge_effi: 1.33122676682313
  max_power: 30.487337296325464
