storage:
  capacity: 99.57162543506986
  charge_effi: 0.9686176572355698
  discharge_effi: 1.1936902728761056
  max_power: 31.388476581891478
