storage:
  capacity: 100.65349047893879
  charge_effi: 0.9091439807769176
  discharge_effi: 1.2917284341515678
  max_power: 29.915119643126616
