storage:
  capacity: 94.8013570794937
  charge_effi: 0.9504455082763468
  discharge_effi: 1.0836799178875705
  max_power: 26.78451819443196
