storage:
  capacity: 117.48934287723597
  charge_effi: 1.0416932821030014
  discharge_effi: 1.0491628152017036
  max_power: 29.69011237313019
