storage:
  capacity: 93.51002410181228
  charge_effi: 1.0054899402294362
  discharge_effi: 1.26288532449893
  max_power: 28.702410584598113
