storage:
  capacity: 102.28372212721324
  charge_effi: 0.9864947213516775
  discharge_effi: 0.983691689555543
  max_power: 25.38209380282159
