storage:
  capacity: 88.98755634035909
  charge_effi: 0.8941657461001857
  discharge_effi: 1.0730889785802078
  max_power: 32.793257746634445
