storage:
  capacity: 75.99230154706248
  charge_effi: 0.8786803394500736
  discharge_effi: 1.1074771904769924
  max_power: 25.64917434169459
