storage:
  capacity: 98.53726922662176
  charge_effi: 1.0239627660657957
  discharge_effi: 1.3174082421544586
  max_power: 31.10551659639131
