storage:
  capacity: 95.42465101897623
  charge_effi: 1.050957173083562
  discharge_effi: 1.0758128533002682
  max_power: 28.257490108450114
