storage:
  capacity: 82.00974143014916
  charge_effi: 0.9329661728927778
  discharge_effi: 0.990672318957975
  max_power: 28.97395281895361
