storage:
  capacity: 83.07274460477282
  charge_effi: 0.9265988695340401
  discharge_effi: 1.258569750013796
  max_power: 27.804421852114988
