storage:
  capacity: 90.68563633925693
  charge_effi: 0.9690339920193831
  discharge_effi: 1.2515650783150796
  max_power: 21.407924599084804
