storage:
  capacity: 82.88308015053362
  charge_effi: 0.7646244741739734
  discharge_effi: 1.2550035816600624
  max_power: 29.26988257106172
