storage:
  capacity: 83.52028569853323
  charge_effi: 0.8093094115384817
  discharge_effi: 1.131758297732428
  max_power: 31.226291683159793
