storage:
  capacity: 105.61182161913433
  charge_effi: 1.0930790685596885
  discharge_effi: 1.0530317657473756
  max_power: 31.66296845605852
