storage:
  capacity: 93.89489115528215
  charge_effi: 0.7863341173537902
  discharge_effi: 1.2612761522369556
  max_power: 29.925297477945502
