storage:
  capacity: 101.5934576578643
  charge_effi: 1.094946794391136
  discharge_effi: 1.263670815332009
  max_power: 25.412768517825157
