storage:
  capacity: 103.21422180822924
  charge_effi: 1.1197331083134023
  discharge_effi: 1.1971162272764813
  max_power: 26.84494705904473
