storage:
  capacity: 103.43248838638317
  charge_effi: 0.8220769100596421
  discharge_effi: 0.991828777121179
  max_power: 25.843048001256697
