storage:
  capacity: 92.72083846805742
  charge_effi: 0.91319544298868
  discharge_effi: 1.0748894300032061
  max_power: 31.14562113648362
