storage:
  capacity: 86.98547840595361
  charge_effi: 1.0294115646716664
  discharge_effi: 1.0220959453116387
  max_power: 30.82438641231714
