storage:
  capacity: 96.74027378738451
  charge_effi: 1.1185332143043774
  discharge_effi: 1.0949433791015644
  max_power: 30.939639630035295
