storage:
  capacity: 105.4214255672546
  charge_effi: 0.9414551766571659
  discharge_effi: 1.171915457304357
  max_power: 28.60657023837531
