storage:
  capacity: 99.46233058179828
  charge_effi: 0.8004576823858117
  discharge_effi: 1.2483331822319368
  max_power: 24.704712825681728
