storage:
  capacity: 94.48603497458585
  charge_effi: 1.0785325546232514
  discharge_effi: 0.8445441649951131
  max_power: 27.486229915132192
