storage:
  capacity: 92.40668296189124
  charge_effi: 1.1409989241994958
  discharge_effi: 1.2704727598338204
  max_power: 29.73849147285758
