storage:
  capacity: 110.49800739468151
  charge_effi: 1.072530537316218
  discharge_effi: 1.0752048582548874
  max_power: 28.577078388164217
