storage:
  capacity: 103.13384295210949
  charge_effi: 1.0574972488625682
  discharge_effi: 1.046452483322593
  max_power: 31.64478439908203
