storage:
  capacity: 76.03721529734395
  charge_effi: 1.0175768532081166
  discharge_effi: 1.128410985527515
  max_power: 29.985227033358957
