storage:
  capacity: 96.0605680675852
  charge_effi: 1.0002421825756675
  discharge_effi: 1.0431582667086707
  max_power: 27.88238263872695
