storage:
  capacity: 116.68198239687587
  charge_effi: 1.0246880303259858
  discharge_effi: 1.3469777330749906
  max_power: 35.3256182531635
