storage:
  capacity: 106.14644368507503
  charge_effi: 1.1217499417210437
  discharge_effi: 1.1034490704380497
  max_power: 34.25352509220058
