storage:
  capacity: 115.53147596102524
  charge_effi: 0.946623699893512
  discharge_effi: 1.1899799705577097
  max_power: 27.591978514513332
