storage:
  capacity: 98.04693829232727
  charge_effi: 0.8758379904692001
  discharge_effi: 1.1996087267227382
  max_power: 26.827745135790206
