storage:
  capacity: 97.23480036014
  charge_effi: 1.1281186151445413
  discharge_effi: 1.2172522716797114
  max_power: 25.088195672733143
