storage:
  capacity: 93.68317089533119
  charge_effi: 1.1002416731206524
  discharge_effi: 1.2479938136054294
  max_power: 27.967442188295724
