storage:
  capacity: 92.97703078530688
  charge_effi: 0.8732727736363806
  discharge_effi: 1.3519197355834038
  max_power: 30.156008257573298
