storage:
  capacity: 97.09059167234585
  charge_effi: 0.9316157352228853
  discharge_effi: 1.3627903988493795
  max_power: 28.932930410282218
