storage:
  capacity: 98.17971357547111
  charge_effi: 1.049027239091066
  discharge_effi: 1.3221816339792936
  max_power: 32.07515039903934
