storage:
  capacity: 99.71077637717286
  charge_effi: 1.0157807761856255
  discharge_effi: 1.4105960132454853
  max_power: 34.00202331237861
