storage:
  capacity: 98.92281116360688
  charge_effi: 0.9559573371910632
  discharge_effi: 1.3198289339545306
  max_power: 28.905656438640484
