storage:
  capacity: 104.5649759016799
  charge_effi: 0.9453671722646837
  discharge_effi: 1.1813691157198212
  max_power: 27.386593460943967
