storage:
  capacity: 96.76864428822587
  charge_effi: 0.8699236254808747
  discharge_effi: 1.0839239694032166
  max_power: 29.404439338627228
