storage:
  capacity: 103.67070182618204
  charge_effi: 1.1127966934393663
  discharge_effi: 1.2579827061454771
  max_power: 29.411567284427715
