storage:
  capacity: 86.52353656329895
  charge_effi: 0.8632393848720663
  discharge_effi: 1.0583122315415197
  max_power: 33.116702853673964
