storage:
  capacity: 116.86708551437702
  charge_effi: 1.0337006881589172
  discharge_effi: 1.3576676752166228
  max_power: 23.44770873478773
