storage:
  capacity: 103.97628273345829
  charge_effi: 0.886692856649332
  discharge_effi: 1.027511252804531
  max_power: 23.423449193739284
