storage:
  capacity: 95.34799921345918
  charge_effi: 0.9525115714179947
  discharge_effi: 1.0750644476189848
  max_power: 23.792605839880082
