storage:
  capacity: 90.60360413464977
  charge_effi: 0.9236438296291926
  discharge_effi: 1.0655617078036401
  max_power: 23.886683666758877
