storage:
  capacity: 89.79984193970728
  charge_effi: 1.0195617326743496
  discharge_effi: 1.1986950371087395
  max_power: 25.965253403772365
