storage:
  capacity: 93.6612316849647
  charge_effi: 0.9588270015282355
  discharge_effi: 1.2186282981594945
  max_power: 28.470176591775125
