storage:
  capacity: 115.07417776964508
  charge_effi: 1.0093457942131485
  discharge_effi: 1.3835634673397381
  max_power: 29.979102921962575
