storage:
  capacity: 82.59381924485231
  charge_effi: 1.0386449938857036
  discharge_effi: 1.135020283315907
  max_power: 24.643107148129054
