storage:
  capacity: 94.73883986954054
  charge_effi: 1.1184191931077672
  discharge_effi: 1.3281448175364239
  max_power: 28.20274165868022
