storage:
  capacity: 100.93617947530659
  charge_effi: 0.9642986155456986
  discharge_effi: 1.1160176920818836
  max_power: 33.73311380083627
