storage:
  capacity: 108.63360223968276
  charge_effi: 0.8730145123858205
  discharge_effi: 1.2336431955435305
  max_power: 31.330678161436346
