storage:
  capacity: 84.46028721041003
  charge_effi: 0.9190916668310886
  discharge_effi: 1.3142194669368619
  max_power: 30.36786448585573
