storage:
  capacity: 88.54233780536832
  charge_effi: 1.072907876998961
  discharge_effi: 1.1665847840426613
  max_power: 29.51923735185265
