storage:
  capacity: 100.8895384140451
  charge_effi: 0.9888206377948509
  discharge_effi: 1.0779325543645943
  max_power: 29.87345064954814
