storage:
  capacity: 82.61238964185858
  charge_effi: 0.9840437376458991
  discharge_effi: 1.437059846253556
  max_power: 30.348802274680388
