storage:
  capacity: 104.4966422642837
  charge_effi: 1.0231119903651393
  discharge_effi: 0.9176314575663334
  max_power: 32.51517008906007
