storage:
  capacity: 108.27990056027524
  charge_effi: 1.0339686743152414
  discharge_effi: 1.0787834336109317
  max_power: 26.376699575973532
