storage:
  capacity: 112.60362955986407
  charge_effi: 0.8259861903069752
  discharge_effi: 1.3463018829029265
  max_power: 24.238307462037124
