storage:
  capacity: 95.11946053935806
  charge_effi: 1.1851403263235505
  discharge_effi: 1.310310415404803
  max_power: 30.680208716066673
