storage:
  capacity: 103.61654631471004
  charge_effi: 0.918701317082014
  discharge_effi: 0.9401177075049857
  max_power: 25.3355551091054
