storage:
  capacity: 122.81787114802223
  charge_effi: 1.0335767167729906
  discharge_effi: 1.271922749874193
  max_power: 28.268553632350425
