storage:
  capacity: 94.7209448741383
  charge_effi: 1.0927535406352902
  discharge_effi: 1.2992373684270633
  max_power: 25.40896837335267
