storage:
  capacity: 96.39376103912848
  charge_effi: 1.0091730600127105
  discharge_effi: 1.355516264041441
  max_power: 25.933018996750686
