storage:
  capacity: 108.9002434305295
  charge_effi: 1.0607853002252134
  discharge_effi: 1.1169895090811093
  max_power: 28.105398575966735
