storage:
  capacity: 115.40465860190459
  charge_effi: 1.0362181523306333
  discharge_effi: 0.9976183779302612
  max_power: 25.488089123614884
