storage:
  capacity: 102.97219870086971
  charge_effi: 0.9152195717090086
  discharge_effi: 1.112038195408239
  max_power: 27.968256636425846
