storage:
  capacity: 93.93899582871899
  charge_effi: 1.0312474701499135
  discharge_effi: 1.1736047442066926
  max_power: 28.904582038317997
