storage:
  capacity: 79.3099273211581
  charge_effi: 0.9191041933139605
  discharge_effi: 1.1239637375097977
  max_power: 28.573639412107582
