storage:
  capacity: 85.51969693691575
  charge_effi: 0.8980371389249198
  discharge_effi: 1.3008983166012076
  max_power: 25.442619847996905
