storage:
  capacity: 105.26808668075473
  charge_effi: 1.0375496021865007
  discharge_effi: 1.3319215176726025
  max_power: 27.25015965704447
