storage:
  capacity: 95.47053788340965
  charge_effi: 0.9563572156234947
  discharge_effi: 1.1248599205211824
  max_power: 31.239869283059612
