storage:
  capacity: 91.68959799790021
  charge_effi: 0.8668531547021499
  discharge_effi: 1.2156216816287961
  max_power: 27.68296956148449
