storage:
  capacity: 95.92693932880071
  charge_effi: 0.9997824903268788
  discharge_effi: 1.2409390456235532
  max_power: 27.576123351964537
