storage:
  capacity: 101.55922289973024
  charge_effi: 0.9908679926551841
  discharge_effi: 1.331884208635924
  max_power: 28.746985662314604
