storage:
  capacity: 102.88913734100954
  charge_effi: 0.9137935580777383
  discharge_effi: 0.9992588417342515
  max_power: 30.990279956786974
