storage:
  capacity: 103.45527322503042
  charge_effi: 1.0627688971099227
  discharge_effi: 1.018763584356518
  max_power: 28.218547880574295
