storage:
  capacity: 99.76044710912359
  charge_effi: 0.8995813041279762
  discharge_effi: 1.0496934525249937
  max_power: 34.76699936267971
