storage:
  capacity: 102.26325924289245
  charge_effi: 0.9643207616735646
  discharge_effi: 1.0996883709741891
  max_power: 28.13668697305221
