storage:
  capacity: 94.45581114540799
  charge_effi: 0.9854732972293485
  discharge_effi: 1.1564086375541855
  max_power: 32.78216525875797
