storage:
  capacity: 100.2026142549993
  charge_effi: 0.9625277685928598
  discharge_effi: 1.0326452240231907
  max_power: 26.086521157193623
