storage:
  capacity: 93.11557970205756
  charge_effi: 1.203566495959373
  discharge_effi: 1.1629899988913288
  max_power: 28.77606083554281
