storage:
  capacity: 112.24313970196219
  charge_effi: 0.9263712159086662
  discharge_effi: 1.0915415596061597
  max_power: 28.70391608021996
