storage:
  capacity: 112.59810928102846
  charge_effi: 0.8821455620682267
  discharge_effi: 1.048722389055065
  max_power: 29.92930255763714
