storage:
  capacity: 95.1159120260458
  charge_effi: 1.0186792859983813
  discharge_effi: 1.0256317014526621
  max_power: 22.78364467076103
