storage:
  capacity: 99.49713070164391
  charge_effi: 1.0557201590000118
  discharge_effi: 1.2392977436840387
  max_power: 27.93485058258253
