storage:
  capacity: 80.89751840432967
  charge_effi: 1.153103395351993
  discharge_effi: 1.1734946696741857
  max_power: 27.028773294536645
