storage:
  capacity: 91.33819938880352
  charge_effi: 0.9483880630670931
  discharge_effi: 1.1804309103881927
  max_power: 30.272031529772036
