storage:
  capacity: 99.66247621149482
  charge_effi: 0.7850869189209481
  discharge_effi: 1.190340274898193
  max_power: 29.276326251487216
