storage:
  capacity: 92.06568103647018
  charge_effi: 1.060571774408032
  discharge_effi: 1.3431406136813502
  max_power: 26.653678689150016
