storage:
  capacity: 107.1381900258132
  charge_effi: 1.0924138973108413
  discharge_effi: 1.3775537503020487
  max_power: 30.095963107308272
