storage:
  capacity: 93.92539238893201
  charge_effi: 1.1185787030392278
  discharge_effi: 1.2162667867898886
  max_power: 30.257817663435056
