storage:
  capacity: 104.40151335818932
  charge_effi: 0.9184249475386542
  discharge_effi: 1.1746601294888885
  max_power: 32.13542524237227
