storage:
  capacity: 87.28659656443033
  charge_effi: 1.048711520710894
  discharge_effi: 1.1888961842294268
  max_power: 30.408382501940597
