storage:
  capacity: 96.78420547221673
  charge_effi: 0.984848474323757
  discharge_effi: 1.1581733569904622
  max_power: 24.51732980491785
