storage:
  capacity: 98.42555243079872
  charge_effi: 0.924056335624832
  discharge_effi: 1.2207483654450595
  max_power: 29.16954293439009
