storage:
  capacity: 101.44367825631765
  charge_effi: 0.9503690131257371
  discharge_effi: 1.2656377674767996
  max_power: 24.18764892732235
