storage:
  capacity: 97.52981598794688
  charge_effi: 1.0419068676258743
  discharge_effi: 1.0851946561504495
  max_power: 32.92390547006595
