storage:
  capacity: 100.80342514181945
  charge_effi: 1.154756880068816
  discharge_effi: 1.2457136519527696
  max_power: 29.71052382429319
