storage:
  capacity: 90.67368861623599
  charge_effi: 0.919176856250135
  discharge_effi: 0.9566436199530213
  max_power: 24.435747783384237
