storage:
  capacity: 88.78823321963507
  charge_effi: 1.1890630210018516
  discharge_effi: 1.0245279797348403
  max_power: 28.43097893065123
