storage:
  capacity: 102.2492353371963
  charge_effi: 0.8860217633004112
  discharge_effi: 1.1403423721191464
  max_power: 28.606933996826502
