storage:
  capacity: 108.4086187238553
  charge_effi: 0.7784116197126492
  discharge_effi: 1.110045718273979
  max_power: 28.84899927836519
