storage:
  capacity: 101.99674790226241
  charge_effi: 0.8519825395503007
  discharge_effi: 1.2225914755294451
  max_power: 26.720924098731388
