storage:
  capacity: 105.53361944240154
  charge_effi: 0.9084206026607847
  discharge_effi: 1.0663817455161158
  max_power: 31.09963096627129
