storage:
  capacity: 94.85335128982207
  charge_effi: 0.9252342160284017
  discharge_effi: 0.9798337605033999
  max_power: 31.260110303076374
