storage:
  capacity: 99.00411419496402
  charge_effi: 0.8498148720520587
  discharge_effi: 1.163823131518132
  max_power: 27.213102887815115
