storage:
  capacity: 86.76398801352038
  charge_effi: 1.058828642583737
  discharge_effi: 1.0446002819434637
  max_power: 25.974140836740215
