storage:
  capacity: 66.70555395303147
  charge_effi: 1.0299791753609957
  discharge_effi: 1.3300197644588447
  max_power: 32.51264712237241
