storage:
  capacity: 118.57746873334455
  charge_effi: 1.037238568267334
  discharge_effi: 1.1010897038552208
  max_power: 24.384312355176903
