storage:
  capacity: 97.1431607292945
  charge_effi: 1.0050614651890277
  discharge_effi: 1.2212217035966084
  max_power: 28.569079709684637
