storage:
  capacity: 108.09188133776321
  charge_effi: 1.0856316424544892
  discharge_effi: 1.313591320461002
  max_power: 27.292210113206554
