storage:
  capacity: 100.11106782305963
  charge_effi: 1.0281327501206696
  discharge_effi: 1.2310582622736757
  max_power: 27.22457568848575
