storage:
  capacity: 95.17725886116158
  charge_effi: 0.9581533884449119
  discharge_effi: 0.9283047542062199
  max_power: 23.429134168872093
