storage:
  capacity: 112.50162672991848
  charge_effi: 0.8886077675745641
  discharge_effi: 1.1771375754613125
  max_power: 28.6803321952286
