storage:
  capacity: 99.70316588258682
  charge_effi: 1.0495851591968937
  discharge_effi: 1.2214050171135746
  max_power: 26.003391203765233
