storage:
  capacity: 93.87472854266595
  charge_effi: 1.0162944542118797
  discharge_effi: 1.0348328709849346
  max_power: 32.860396838478664
