storage:
  capacity: 86.35612017408599
  charge_effi: 0.9783270462779118
  discharge_effi: 0.9797229847929626
  max_power: 28.32950624949109
