storage:
  capacity: 88.0465533414999
  charge_effi: 1.0460761963973209
  discharge_effi: 1.3049482942095054
  max_power: 27.061050566825084
