storage:
  capacity: 94.29457120971084
  charge_effi: 1.0804703581817319
  discharge_effi: 1.3667072977253991
  max_power: 23.454282299528863
