storage:
  capacity: 97.95166443936623
  charge_effi: 1.0177731964260175
  discharge_effi: 1.1799047730995984
  max_power: 29.708607386683926
