storage:
  capacity: 82.2429540531413
  charge_effi: 0.9922361745126917
  discharge_effi: 1.2319065120252466
  max_power: 26.89097001284467
