storage:
  capacity: 90.23855710654432
  charge_effi: 1.1615262443445513
  discharge_effi: 1.090474377475527
  max_power: 26.73919748692449
