storage:
  capacity: 92.50165065227617
  charge_effi: 1.0171192655159207
  discharge_effi: 1.1637469274741528
  max_power: 29.5831867616016
