storage:
  capacity: 87.38733264349753
  charge_effi: 0.9333843731293296
  discharge_effi: 1.2664201022435468
  max_power: 27.429612635564023
