storage:
  capacity: 96.3581170130098
  charge_effi: 0.9701775749342301
  discharge_effi: 1.1625452247939863
  max_power: 28.125332972059045
