storage:
  capacity: 92.05511522516981
  charge_effi: 0.8829160048630778
  discharge_effi: 1.0763479460595384
  max_power: 26.205211672849433
