storage:
  capacity: 100.95056772950093
  charge_effi: 1.0165914099451614
  discharge_effi: 1.1578043879523334
  max_power: 27.029605316245682
