storage:
  capacity: 99.01728068148849
  charge_effi: 0.9970153344035292
  discharge_effi: 1.0906736438055915
  max_power: 23.600664244065864
