storage:
  capacity: 108.78568087649856
  charge_effi: 1.0513309309858299
  discharge_effi: 1.3270581711632878
  max_power: 34.39366600358907
