storage:
  capacity: 106.48241702858692
  charge_effi: 0.79244922508378
  discharge_effi: 1.0910594554700814
  max_power: 30.38139494004017
