storage:
  capacity: 98.08256294644141
  charge_effi: 1.095587129842538
  discharge_effi: 1.23788309069883
  max_power: 26.655617554223785
