storage:
  capacity: 90.77840104970056
  charge_effi: 0.917848857793475
  discharge_effi: 1.3591747863346908
  max_power: 26.66859532717013
