storage:
  capacity: 86.5490257075585
  charge_effi: 0.8090801020293275
  discharge_effi: 1.2043128215685457
  max_power: 26.20978939483731
