storage:
  capacity: 85.61794724113344
  charge_effi: 1.2254762949274163
  discharge_effi: 1.1397783268034862
  max_power: 27.97051994500883
