storage:
  capacity: 111.36019138697527
  charge_effi: 0.9129357367996382
  discharge_effi: 0.9909755316885416
  max_power: 29.1651785408429
