storage:
  capacity: 96.20469091219246
  charge_effi: 1.0090497172850497
  discharge_effi: 1.1730914204845584
  max_power: 30.08001111013464
