storage:
  capacity: 101.84862270356606
  charge_effi: 1.0274766808619311
  discharge_effi: 1.2063795985066508
  max_power: 29.00183935370197
