storage:
  capacity: 104.24242284559573
  charge_effi: 0.8932982898080393
  discharge_effi: 1.334893417655942
  max_power: 27.690410579202783
