storage:
  capacity: 100.26560073725155
  charge_effi: 0.9461588037039003
  discharge_effi: 1.3725323926610276
  max_power: 29.155875728690717
