storage:
  capacity: 78.82607961068615
  charge_effi: 1.008055313555727
  discharge_effi: 1.1796174434081748
  max_power: 31.97268200510357
