storage:
  capacity: 92.40594185110291
  charge_effi: 0.9211025562464766
  discharge_effi: 1.4778950040999252
  max_power: 23.880403301465815
