storage:
  capacity: 104.59957450390027
  charge_effi: 0.9134724594634734
  discharge_effi: 1.4158553933119602
  max_power: 31.32677508659734
