storage:
  capacity: 102.24599643661993
  charge_effi: 0.9146039329927395
  discharge_effi: 1.3370445513713005
  max_power: 30.346307886822498
