storage:
  capacity: 102.35077450586556
  charge_effi: 1.0303338090203031
  discharge_effi: 1.054374849867387
  max_power: 28.090613101509426
