storage:
  capacity: 98.5190874830053
  charge_effi: 0.7713814492404063
  discharge_effi: 0.9484282901478164
  max_power: 35.59087025236548
