storage:
  capacity: 99.68256077547113
  charge_effi: 0.9597027038869024
  discharge_effi: 1.136153700555633
  max_power: 31.52858215318041
