storage:
  capacity: 95.2154741039261
  charge_effi: 1.0170211447247521
  discharge_effi: 1.3037368248481354
  max_power: 31.33288796153996
