storage:
  capacity: 109.43537314714908
  charge_effi: 1.2383206507927813
  discharge_effi: 1.1300091992503265
  max_power: 28.233019338854092
