storage:
  capacity: 91.71838649963703
  charge_effi: 1.0535470105879572
  discharge_effi: 1.5277337828092088
  max_power: 35.013699520427494
