storage:
  capacity: 105.39659122284783
  charge_effi: 1.1298270322846302
  discharge_effi: 1.2278024265570393
  max_power: 26.04860929750855
