storage:
  capacity: 98.71996864518755
  charge_effi: 1.067151192965591
  discharge_effi: 1.3208269297634945
  max_power: 27.67196845277723
