storage:
  capacity: 101.35329737981138
  charge_effi: 0.9385868693726563
  discharge_effi: 1.1664486292611973
  max_power: 24.808748066180552
