storage:
  capacity: 114.54988897645353
  charge_effi: 1.0733438135408708
  discharge_effi: 1.3980011168839526
  max_power: 29.223097989299447
