storage:
  capacity: 92.53492914866513
  charge_effi: 1.1006889234390829
  discharge_effi: 1.0710851211193566
  max_power: 30.79596247672438
