storage:
  capacity: 92.83290773920446
  charge_effi: 0.9259753402107259
  discharge_effi: 1.1483440442124209
  max_power: 32.4912825783765
