storage:
  capacity: 94.33274268038046
  charge_effi: 1.0748703869651113
  discharge_effi: 1.3523997273399027
  max_power: 29.331149723592723
