storage:
  capacity: 91.54882127612944
  charge_effi: 0.989182166139919
  discharge_effi: 1.33758052616183
  max_power: 31.438463381633046
