storage:
  capacity: 93.39135817171321
  charge_effi: 1.0854247603733573
  discharge_effi: 1.0709455322922183
  max_power: 24.93454824626208
