storage:
  capacity: 101.46465114035988
  charge_effi: 1.0018865427582502
  discharge_effi: 1.0826188190836363
  max_power: 31.950848190411772
