storage:
  capacity: 99.69778845578966
  charge_effi: 0.9351068410705858
  discharge_effi: 1.2336995249151244
  max_power: 26.70276415056055
