storage:
  capacity: 105.65252633782089
  charge_effi: 1.119834566724644
  discharge_effi: 1.1570928047540607
  max_power: 29.7937517934827
