storage:
  capacity: 87.97625189055671
  charge_effi: 1.0335396037035327
  discharge_effi: 1.2037978995391836
  max_power: 26.01642134546832
