storage:
  capacity: 97.26114015008456
  charge_effi: 1.1323321181289563
  discharge_effi: 1.0978545088094225
  max_power: 31.296863590643817
