storage:
  capacity: 91.70184242371963
  charge_effi: 0.9105573858252312
  discharge_effi: 1.1149519195031203
  max_power: 30.313881590146956
