storage:
  capacity: 93.19706459997721
  charge_effi: 0.8720112721478502
  discharge_effi: 1.3331103731618947
  max_power: 26.677279736251336
