storage:
  capacity: 89.71728937443434
  charge_effi: 0.9896692935534817
  discharge_effi: 1.276862415291324
  max_power: 31.214468036206558
