storage:
  capacity: 100.7446018380779
  charge_effi: 0.9601183604695593
  discharge_effi: 1.0665166272665476
  max_power: 29.27067803888648
