storage:
  capacity: 98.40786971605904
  charge_effi: 0.9354670763730818
  discharge_effi: 1.4411253935897195
  max_power: 29.790645936683855
