storage:
  capacity: 95.22117749973599
  charge_effi: 0.7969858194816637
  discharge_effi: 1.0090656990046467
  max_power: 32.23962112174269
