storage:
  capacity: 102.74612362333318
  charge_effi: 1.0969512193057271
  discharge_effi: 1.2926744215228043
  max_power: 25.718131917543865
