storage:
  capacity: 83.78959605912996
  charge_effi: 1.0904601335947708
  discharge_effi: 1.2320747160616254
  max_power: 29.204543309014817
