storage:
  capacity: 108.80365763575782
  charge_effi: 1.126274320650857
  discharge_effi: 1.2886232723997766
  max_power: 25.089561226384777
