storage:
  capacity: 93.27170204072186
  charge_effi: 1.1109699254507406
  discharge_effi: 0.9913516310523907
  max_power: 29.630946785913444
