storage:
  capacity: 90.24523196375624
  charge_effi: 0.9262384214824013
  discharge_effi: 1.0526480102372517
  max_power: 29.363557085807834
