storage:
  capacity: 106.04892973695881
  charge_effi: 0.915460512840265
  discharge_effi: 1.2436524093431116
  max_power: 33.81743333539943
