storage:
  capacity: 97.11309583111101
  charge_effi: 0.9139174698312242
  discharge_effi: 1.1870462139151767
  max_power: 28.00729545056747
