storage:
  capacity: 91.38794557164775
  charge_effi: 0.9506958642383723
  discharge_effi: 1.2260233772406246
  max_power: 28.798807428367642
