storage:
  capacity: 86.50253154969133
  charge_effi: 1.0950631429857227
  discharge_effi: 1.2595250508886546
  max_power: 31.081193717197092
