storage:
  capacity: 88.89512525950947
  charge_effi: 0.8914423829836576
  discharge_effi: 0.9929512862666687
  max_power: 36.09130623369488
