storage:
  capacity: 102.71206012809694
  charge_effi: 0.9086721685456323
  discharge_effi: 1.2243197319596761
  max_power: 28.751623397574956
