storage:
  capacity: 100.6119406492256
  charge_effi: 1.03608511193742
  discharge_effi: 1.1118557229178507
  max_power: 22.614486718961977
