storage:
  capacity: 106.40287312396885
  charge_effi: 0.9631724161044506
  discharge_effi: 1.2284389982586823
  max_power: 24.98691139444461
