storage:
  capacity: 122.12528001854469
  charge_effi: 1.106709530380647
  discharge_effi: 1.2282537765109423
  max_power: 24.545049053387086
