storage:
  capacity: 91.91953913174203
  charge_effi: 0.867874237645116
  discharge_effi: 1.2370101661542503
  max_power: 28.22974244197083
