storage:
  capacity: 115.29860948466641
  charge_effi: 1.0210858308801893
  discharge_effi: 1.113929764549044
  max_power: 31.12386178701455
