storage:
  capacity: 108.95001243763025
  charge_effi: 0.9224738479323173
  discharge_effi: 1.5270559777073427
  max_power: 30.768410786374503
