storage:
  capacity: 85.98975385546784
  charge_effi: 0.9824648602113175
  discharge_effi: 1.334072892208692
  max_power: 27.81108472966073
