storage:
  capacity: 89.8147691802636
  charge_effi: 1.0061000167724694
  discharge_effi: 1.2951345756372659
  max_power: 28.235660912919837
