storage:
  capacity: 111.0563553369475
  charge_effi: 1.0281247945350256
  discharge_effi: 1.3453211124629842
  max_power: 29.271456784118172
