storage:
  capacity: 77.46697852119745
  charge_effi: 0.9875750089068712
  discharge_effi: 1.3056920319789114
  max_power: 30.1057511440885
