storage:
  capacity: 110.12409199926111
  charge_effi: 0.9512290879523329
  discharge_effi: 1.2209766951071228
  max_power: 33.841251742728026
