storage:
  capacity: 104.82739517889232
  charge_effi: 0.9936749166290023
  discharge_effi: 1.132313217465733
  max_power: 27.33970466300576
