storage:
  capacity: 113.81937212212483
  charge_effi: 1.0053190733179302
  discharge_effi: 1.3751525381747836
  max_power: 29.81252677777851
