storage:
  capacity: 106.42017418206468
  charge_effi: 0.9671767130130142
  discharge_effi: 1.2052979185005428
  max_power: 26.46214629823415
