storage:
  capacity: 108.90159844190805
  charge_effi: 0.9626797592488667
  discharge_effi: 1.165489430177895
  max_power: 26.947548115974044
