storage:
  capacity: 105.33109111876034
  charge_effi: 1.076395064278461
  discharge_effi: 1.4074966343427011
  max_power: 33.203495591307515
