storage:
  capacity: 103.81603051123038
  charge_effi: 0.9669741998220847
  discharge_effi: 1.0342157824142781
  max_power: 30.576758978442175
