storage:
  capacity: 110.08690916321693
  charge_effi: 1.04665941232144
  discharge_effi: 1.3875927660889555
  max_power: 30.064410450013614
