storage:
  capacity: 111.56052778598215
  charge_effi: 0.8434991972593717
  discharge_effi: 0.9660811797098494
  max_power: 27.945611214793534
