storage:
  capacity: 98.84818645418147
  charge_effi: 0.8258738000778012
  discharge_effi: 1.2712142624583265
  max_power: 31.211094112748473
