storage:
  capacity: 103.63040286844259
  charge_effi: 1.0380484092367483
  discharge_effi: 1.4161148895880666
  max_power: 23.903484224108198
