storage:
  capacity: 109.82760037619252
  charge_effi: 1.0215137720783383
  discharge_effi: 1.368441339238406
  max_power: 30.603098838281717
