storage:
  capacity: 93.10427917325008
  charge_effi: 0.867383368325382
  discharge_effi: 1.2071966456342997
  max_power: 31.481413037096758
