storage:
  capacity: 75.8539269386928
  charge_effi: 1.0346400379077878
  discharge_effi: 1.0658479823883875
  max_power: 29.938124676652535
