storage:
  capacity: 98.30247995097598
  charge_effi: 1.0518785211665795
  discharge_effi: 1.2738335824298521
  max_power: 30.707093826981808
