storage:
  capacity: 105.36105469678866
  charge_effi: 0.9743109114281084
  discharge_effi: 1.1976979200165572
  max_power: 25.954281099073086
