storage:
  capacity: 113.3557505300694
  charge_effi: 0.8208233569706849
  discharge_effi: 1.2557966833606196
  max_power: 24.24207843786808
