storage:
  capacity: 109.46346582601365
  charge_effi: 0.9934781491057867
  discharge_effi: 1.2135037226263459
  max_power: 28.348700349049878
