storage:
  capacity: 91.61898879221461
  charge_effi: 0.9212698187180355
  discharge_effi: 1.152064330375875
  max_power: 24.73941464961577
