storage:
  capacity: 119.44087611313849
  charge_effi: 0.975895423533593
  discharge_effi: 1.2333408221576754
  max_power: 28.86248045507822
