storage:
  capacity: 106.74387093148493
  charge_effi: 1.0048067468821358
  discharge_effi: 1.3076699966247762
  max_power: 26.85266807021738
