storage:
  capacity: 102.79018056068502
  charge_effi: 1.1691045293190283
  discharge_effi: 1.0465062005358323
  max_power: 26.26243887714256
