storage:
  capacity: 119.24261544670777
  charge_effi: 0.9386186544437533
  discharge_effi: 1.1496498468457301
  max_power: 30.02887813973937
