storage:
  capacity: 92.79139892171823
  charge_effi: 1.1285651063127042
  discharge_effi: 1.2071310622155373
  max_power: 31.428110794040023
