storage:
  capacity: 87.08171915656688
  charge_effi: 0.9237491011462217
  discharge_effi: 1.2860915186361566
  max_power: 27.477140641304263
