storage:
  capacity: 87.78783738173003
  charge_effi: 0.7885003085488249
  discharge_effi: 1.0419846132129373
  max_power: 34.356305646839246
