storage:
  capacity: 113.44512335882662
  charge_effi: 1.0872593406905684
  discharge_effi: 1.3044473612162595
  max_power: 29.607816359786643
