storage:
  capacity: 115.74882385747938
  charge_effi: 0.9084470696507776
  discharge_effi: 1.2849385694185564
  max_power: 23.162634573125683
