storage:
  capacity: 101.28607827360534
  charge_effi: 1.0656473919994396
  discharge_effi: 1.1159920469034177
  max_power: 30.356713922514196
