storage:
  capacity: 103.16343058319345
  charge_effi: 0.9192378512821304
  discharge_effi: 1.3298513880167673
  max_power: 26.18206021090785
