storage:
  capacity: 92.42666545939741
  charge_effi: 0.944292433685559
  discharge_effi: 1.2774692091952669
  max_power: 22.93473237567616
