storage:
  capacity: 106.64173932766032
  charge_effi: 1.0837102525388278
  discharge_effi: 0.9946900861482147
  max_power: 26.88971298087869
