storage:
  capacity: 103.47124624768873
  charge_effi: 1.0536177846925838
  discharge_effi: 1.4001442311130552
  max_power: 28.007499052547416
