storage:
  capacity: 81.3904214410135
  charge_effi: 0.9566974967734958
  discharge_effi: 1.1979669204377044
  max_power: 28.334545647186857
