storage:
  capacity: 97.05021815303982
  charge_effi: 0.9014212180932586
  discharge_effi: 0.9605405783358443
  max_power: 34.74910985820948
