storage:
  capacity: 111.25098514310505
  charge_effi: 0.9076514748502962
  discharge_effi: 1.2673303069141433
  max_power: 23.406615835501263
