storage:
  capacity: 83.65057262188074
  charge_effi: 1.0096505040531614
  discharge_effi: 1.407433793634627
  max_power: 29.85541580615619
