storage:
  capacity: 84.69045719495897
  charge_effi: 0.820657779114668
  discharge_effi: 1.159234417898208
  max_power: 40.06814062809536
