storage:
  capacity: 102.08284582835518
  charge_effi: 0.9205353408481055
  discharge_effi: 1.1804300056238615
  max_power: 28.45530936236103
