storage:
  capacity: 94.63461649679746
  charge_effi: 0.9821328723368166
  discharge_effi: 1.4389580415234096
  max_power: 25.720797512794324
