storage:
  capacity: 106.34592303670061
  charge_effi: 1.0465458641875383
  discharge_effi: 1.225769459926021
  max_power: 26.628968037863977
