storage:
  capacity: 102.47298602864397
  charge_effi: 1.179336604154671
  discharge_effi: 1.3072748781786705
  max_power: 24.918079284051306
