storage:
  capacity: 81.44483108432786
  charge_effi: 0.9939436798855029
  discharge_effi: 1.341789080894889
  max_power: 24.786499882690052
