storage:
  capacity: 97.83706466853326
  charge_effi: 0.9146663659745485
  discharge_effi: 1.170989120041335
  max_power: 31.7817436378419
