storage:
  capacity: 97.53988949377626
  charge_effi: 1.0370097867016836
  discharge_effi: 1.1523379870783943
  max_power: 29.90641782697296
