storage:
  capacity: 112.91270526007686
  charge_effi: 0.9505340428169495
  discharge_effi: 1.1762415317834136
  max_power: 27.61015938152283
