storage:
  capacity: 106.90229760609431
  charge_effi: 1.0271981502635064
  discharge_effi: 1.3012069160962394
  max_power: 24.319348579883307
