storage:
  capacity: 107.10158650725474
  charge_effi: 0.9823222228922852
  discharge_effi: 1.2157288133091455
  max_power: 29.245669042006472
