storage:
  capacity: 85.8455225243957
  charge_effi: 0.8123259274332917
  discharge_effi: 1.177428052550789
  max_power: 25.954510485643038
