storage:
  capacity: 87.19106846487065
  charge_effi: 0.9366360683709467
  discharge_effi: 1.2145720755459177
  max_power: 30.732435293333655
