storage:
  capacity: 83.6899690154381
  charge_effi: 0.9624302878102382
  discharge_effi: 1.3077804495456078
  max_power: 25.08136572473821
