storage:
  capacity: 116.73023502975258
  charge_effi: 0.9377323701601463
  discharge_effi: 1.3411617072486892
  max_power: 28.26766285601884
