storage:
  capacity: 96.97091620724412
  charge_effi: 1.0562798372336284
  discharge_effi: 1.0954658133081605
  max_power: 29.869960738236408
