storage:
  capacity: 94.68652351788897
  charge_effi: 0.9412380290465744
  discharge_effi: 1.1793357408318377
  max_power: 28.231477331977327
