storage:
  capacity: 97.4698335147417
  charge_effi: 0.9138561232826471
  discharge_effi: 1.1589639515003303
  max_power: 29.410414961346145
