storage:
  capacity: 90.105475932955
  charge_effi: 1.0234305629526619
  discharge_effi: 1.2532565447100492
  max_power: 33.20752532341479
