storage:
  capacity: 108.52398517194248
  charge_effi: 0.8968547416177234
  discharge_effi: 1.5434920320081897
  max_power: 24.741432028122667
