storage:
  capacity: 97.05186827141532
  charge_effi: 0.9663949764722408
  discharge_effi: 1.3629152653273733
  max_power: 30.00054400816674
