storage:
  capacity: 91.27072796378866
  charge_effi: 1.10934772603897
  discharge_effi: 1.2479880355775164
  max_power: 23.563120592517613
