storage:
  capacity: 90.77417801965468
  charge_effi: 0.926013202174575
  discharge_effi: 1.1156901785797717
  max_power: 32.00803159923081
