storage:
  capacity: 91.24842137989924
  charge_effi: 1.1219079517136692
  discharge_effi: 0.9780698833373166
  max_power: 28.67128472152613
