storage:
  capacity: 125.40627066682633
  charge_effi: 0.9054026986946132
  discharge_effi: 1.303385548012783
  max_power: 33.52882234129496
