storage:
  capacity: 103.9159705794348
  charge_effi: 0.8933005614152342
  discharge_effi: 1.3403672762996133
  max_power: 27.19111430836718
