storage:
  capacity: 113.4727312047394
  charge_effi: 0.9894061461492653
  discharge_effi: 1.1152464246188005
  max_power: 33.625415905529294
