storage:
  capacity: 95.11092807598699
  charge_effi: 1.0653409389204256
  discharge_effi: 0.9806151681153003
  max_power: 32.46466509487441
