storage:
  capacity: 109.564128230833
  charge_effi: 1.0933313456478897
  discharge_effi: 1.2862975492026165
  max_power: 24.365540959267985
