storage:
  capacity: 93.92305217278175
  charge_effi: 0.9985713124286094
  discharge_effi: 0.9043728753812053
  max_power: 25.76163679172506
