storage:
  capacity: 90.54229359050402
  charge_effi: 0.9954546517920732
  discharge_effi: 1.3246726785324667
  max_power: 32.826658164388554
