storage:
  capacity: 100.96168967800646
  charge_effi: 0.987784579632562
  discharge_effi: 1.2801276780009645
  max_power: 28.160879390585933
