storage:
  capacity: 98.13589546657599
  charge_effi: 0.8449940481893375
  discharge_effi: 1.0232679215500575
  max_power: 28.84202397046003
