storage:
  capacity: 91.48168527594098
  charge_effi: 0.8829092601254717
  discharge_effi: 0.9471176197334792
  max_power: 31.104670821744094
