storage:
  capacity: 104.72189560492944
  charge_effi: 0.9305823648972444
  discharge_effi: 1.1865162118556747
  max_power: 26.26340646105017
