storage:
  capacity: 96.3056795577962
  charge_effi: 0.9257843321626504
  discharge_effi: 1.0431699153097864
  max_power: 30.726959680854442
