storage:
  capacity: 101.1897797031579
  charge_effi: 0.9886680229440977
  discharge_effi: 1.2578656092694693
  max_power: 30.31349108609116
