storage:
  capacity: 112.02116335923843
  charge_effi: 0.8202032749945349
  discharge_effi: 1.225033747297317
  max_power: 28.235189589145396
