storage:
  capacity: 95.2329121926887
  charge_effi: 0.6442356848547962
  discharge_effi: 1.2180890320255573
  max_power: 26.078429267053718
