storage:
  capacity: 97.60358168702318
  charge_effi: 0.9962040824625478
  discharge_effi: 1.1225696183238536
  max_power: 28.31047661730335
