storage:
  capacity: 89.75881688630967
  charge_effi: 0.7823975769740107
  discharge_effi: 1.1323958344225395
  max_power: 28.9113115817287
