storage:
  capacity: 106.92158761584442
  charge_effi: 0.8880077750478671
  discharge_effi: 1.112674572493522
  max_power: 26.742278263973873
