storage:
  capacity: 100.82452590398906
  charge_effi: 0.9663938668642694
  discharge_effi: 1.093175659464738
  max_power: 28.141556125491082
