storage:
  capacity: 88.34308678452581
  charge_effi: 0.9369809946824262
  discharge_effi: 1.2609587815462504
  max_power: 25.734634173230084
