storage:
  capacity: 120.34988037167597
  charge_effi: 0.8996708682703553
  discharge_effi: 1.1428411507643332
  max_power: 25.8330792974471
