storage:
  capacity: 100.36934086029017
  charge_effi: 0.9421919483250708
  discharge_effi: 1.1106243217639622
  max_power: 32.62361464327937
