storage:
  capacity: 97.06559212352143
  charge_effi: 0.8055803784885012
  discharge_effi: 1.119004110831286
  max_power: 29.902352533320208
