storage:
  capacity: 87.63986032270785
  charge_effi: 0.972839263224847
  discharge_effi: 1.145757702710519
  max_power: 33.10713271607395
