storage:
  capacity: 95.09619837027611
  charge_effi: 1.0709205390053789
  discharge_effi: 1.3354960198722792
  max_power: 24.90130022598783
