storage:
  capacity: 97.08822505804419
  charge_effi: 0.9818468773455938
  discharge_effi: 1.1427527501286716
  max_power: 25.07480359669804
