storage:
  capacity: 107.22178106504914
  charge_effi: 1.0067558415924227
  discharge_effi: 0.9398219250711666
  max_power: 31.471816349972336
