storage:
  capacity: 101.45310491057842
  charge_effi: 0.8680873995087484
  discharge_effi: 1.2179595433375359
  max_power: 31.62209919305776
