storage:
  capacity: 99.36827019802529
  charge_effi: 1.071147560250975
  discharge_effi: 1.1317378921388448
  max_power: 31.613529355309637
