storage:
  capacity: 102.84784309972478
  charge_effi: 0.821517302564516
  discharge_effi: 0.9948787264134817
  max_power: 31.0403848694917
