storage:
  capacity: 90.8921766916906
  charge_effi: 0.8437644867578531
  discharge_effi: 0.9114801497001679
  max_power: 30.975953843123214
