storage:
  capacity: 90.54671929645434
  charge_effi: 1.0648632275211356
  discharge_effi: 1.2520593892497975
  max_power: 24.000100372682443
