storage:
  capacity: 88.6252388538637
  charge_effi: 1.055122869381217
  discharge_effi: 1.1642476953964775
  max_power: 27.765236751184602
