storage:
  capacity: 99.29362846808566
  charge_effi: 0.9130456972909874
  discharge_effi: 1.0690131888570356
  max_power: 23.400304942171427
