storage:
  capacity: 89.67278182269504
  charge_effi: 0.9692491432747861
  discharge_effi: 1.1980978445555281
  max_power: 27.479266589382863
