storage:
  capacity: 87.54681265761722
  charge_effi: 0.9792367407269557
  discharge_effi: 1.249657754698957
  max_power: 30.872709155003513
