storage:
  capacity: 94.63942597503228
  charge_effi: 1.0038218856966465
  discharge_effi: 1.1370658541067145
  max_power: 26.994392075245315
