storage:
  capacity: 88.1200618034714
  charge_effi: 1.0983701464592845
  discharge_effi: 1.1254131965756298
  max_power: 25.09602640639303
