storage:
  capacity: 115.31478842252356
  charge_effi: 1.0011701655356104
  discharge_effi: 1.0318899723851498
  max_power: 24.850172088050932
