storage:
  capacity: 92.32754136479912
  charge_effi: 1.0600078472435182
  discharge_effi: 1.2043507603678356
  max_power: 27.207994743466468
