storage:
  capacity: 91.94606689730031
  charge_effi: 1.004618364591683
  discharge_effi: 1.150312387708582
  max_power: 33.2669624824301
