storage:
  capacity: 102.05570905549699
  charge_effi: 0.82006995503795
  discharge_effi: 1.1089791698339604
  max_power: 26.199858588501527
