storage:
  capacity: 108.6775049188797
  charge_effi: 0.9213964103088585
  discharge_effi: 1.0587970334361179
  max_power: 30.656451272607114
