storage:
  capacity: 81.3984702210842
  charge_effi: 0.9175895019308148
  discharge_effi: 1.085070024609227
  max_power: 28.732841474730087
