storage:
  capacity: 97.41602253580947
  charge_effi: 0.8918464720297046
  discharge_effi: 1.1615530548505986
  max_power: 23.887535659807657
