storage:
  capacity: 99.96965349376747
  charge_effi: 0.8390719784828226
  discharge_effi: 1.110070722464637
  max_power: 35.626250272729244
