storage:
  capacity: 95.50673998544288
  charge_effi: 1.0569288860181325
  discharge_effi: 1.0317510469596163
  max_power: 29.91518230004428
