storage:
  capacity: 90.83775887251322
  charge_effi: 0.9329293793962816
  discharge_effi: 1.244826779526415
  max_power: 29.410174128741723
