storage:
  capacity: 111.4473089158887
  charge_effi: 0.9266749909916102
  discharge_effi: 1.3051478671333128
  max_power: 26.770057628264837
