storage:
  capacity: 93.28456781985673
  charge_effi: 0.959104527307758
  discharge_effi: 1.144901907878044
  max_power: 25.552173508905568
