storage:
  capacity: 92.23858317184761
  charge_effi: 1.1132887411448749
  discharge_effi: 1.2528561563396292
  max_power: 25.47931808671963
