storage:
  capacity: 105.69459060354917
  charge_effi: 1.0231971753549232
  discharge_effi: 1.277276246249254
  max_power: 28.348199621106126
