storage:
  capacity: 82.58149821300516
  charge_effi: 1.0908694310393308
  discharge_effi: 1.243745272635874
  max_power: 34.13249496704789
