storage:
  capacity: 113.01851005797252
  charge_effi: 0.987368413871291
  discharge_effi: 1.2627748119223068
  max_power: 25.159113676402722
