storage:
  capacity: 109.62096949023768
  charge_effi: 1.0533242239534342
  discharge_effi: 1.022830072539412
  max_power: 23.789366532641782
