storage:
  capacity: 101.97551991511578
  charge_effi: 0.9127089897253058
  discharge_effi: 1.2451724401114281
  max_power: 31.64260033263261
