storage:
  capacity: 106.6095498793257
  charge_effi: 0.964282340376159
  discharge_effi: 1.331901576433088
  max_power: 25.565369360205317
