storage:
  capacity: 101.29550349651024
  charge_effi: 0.89848896091026
  discharge_effi: 1.2551866199666757
  max_power: 28.729192175008794
