storage:
  capacity: 106.97261336259308
  charge_effi: 0.9448902693221362
  discharge_effi: 1.2531160260180785
  max_power: 26.893636410427906
