storage:
  capacity: 106.93451972205283
  charge_effi: 0.808745361800835
  discharge_effi: 1.087043338619119
  max_power: 32.25258209901758
