storage:
  capacity: 96.01931419852718
  charge_effi: 1.0019354008477104
  discharge_effi: 1.235407645741521
  max_power: 25.419551921908543
