storage:
  capacity: 88.90967183100348
  charge_effi: 1.0089225991079094
  discharge_effi: 1.2962971392830316
  max_power: 32.39887768447848
