storage:
  capacity: 98.409687419123
  charge_effi: 0.8685153207724967
  discharge_effi: 1.1646778416525825
  max_power: 28.033704405316236
