storage:
  capacity: 98.04679609503943
  charge_effi: 1.0255702872389119
  discharge_effi: 1.0518373420965366
  max_power: 31.01435289822711
