storage:
  capacity: 97.98820421629814
  charge_effi: 1.0116462865997673
  discharge_effi: 1.5227586436664866
  max_power: 26.48244829016964
