storage:
  capacity: 91.77914557445456
  charge_effi: 0.9190747522992428
  discharge_effi: 1.3440195662035064
  max_power: 27.574135424063453
