storage:
  capacity: 95.11622479238059
  charge_effi: 1.1441316823952976
  discharge_effi: 1.0912984219028319
  max_power: 29.25378343221152
