storage:
  capacity: 82.23375739297524
  charge_effi: 0.8853865543195817
  discharge_effi: 1.1737690786278887
  max_power: 31.167398963370484
