storage:
  capacity: 95.85257432356495
  charge_effi: 0.9577613038711088
  discharge_effi: 1.1973520741698833
  max_power: 29.73957889542601
