storage:
  capacity: 106.45229759288539
  charge_effi: 0.9146900899271689
  discharge_effi: 1.4759158144374034
  max_power: 31.310601771813097
