storage:
  capacity: 71.59191713743475
  charge_effi: 0.9532522731853426
  discharge_effi: 1.179161742676881
  max_power: 27.367411916006088
