storage:
  capacity: 94.38281515753769
  charge_effi: 1.0921382021460748
  discharge_effi: 1.177815690886267
  max_power: 26.124532642174223
