storage:
  capacity: 97.51938022031634
  charge_effi: 1.1044266728020482
  discharge_effi: 1.337450187705878
  max_power: 32.0046387065662
