storage:
  capacity: 79.71212967393488
  charge_effi: 0.9228729813067115
  discharge_effi: 1.1607915767593027
  max_power: 31.258091278974735
