storage:
  capacity: 91.78105434912436
  charge_effi: 1.0621885770777952
  discharge_effi: 1.0947829864051335
  max_power: 29.91663633737535
