storage:
  capacity: 114.26637114463492
  charge_effi: 1.0408368133639518
  discharge_effi: 0.982620706313502
  max_power: 30.72531433205016
