storage:
  capacity: 90.18812469291157
  charge_effi: 1.0457278965990429
  discharge_effi: 1.0760901090266382
  max_power: 27.075519402716385
