storage:
  capacity: 89.76122125996969
  charge_effi: 1.195866730359352
  discharge_effi: 1.1442165031529439
  max_power: 33.87589859985151
