storage:
  capacity: 88.66375378848983
  charge_effi: 1.1305047729985291
  discharge_effi: 0.9815343586691248
  max_power: 21.923167249235913
