storage:
  capacity: 97.68023424157661
  charge_effi: 1.0412323960008354
  discharge_effi: 1.1353577060128845
  max_power: 31.951241458251985
