storage:
  capacity: 110.15542814141843
  charge_effi: 0.8488557866028933
  discharge_effi: 1.0757005669746826
  max_power: 30.776006496076235
