storage:
  capacity: 93.53932561188874
  charge_effi: 0.950447870135843
  discharge_effi: 1.133233239640787
  max_power: 27.750712287401292
