storage:
  capacity: 89.67905799960944
  charge_effi: 1.0016294882338954
  discharge_effi: 1.044500435565701
  max_power: 33.28934396498518
