storage:
  capacity: 81.8193369822873
  charge_effi: 0.8828749802132444
  discharge_effi: 1.2100724547062376
  max_power: 31.386515827527944
