storage:
  capacity: 74.5943085766717
  charge_effi: 1.176243446389938
  discharge_effi: 1.1552373440619608
  max_power: 30.071985724671926
