storage:
  capacity: 87.43851585819044
  charge_effi: 0.9268713972531459
  discharge_effi: 1.0425680405476159
  max_power: 30.753301725346635
