storage:
  capacity: 101.17262346645
  charge_effi: 0.9275546204491443
  discharge_effi: 1.3960836048539063
  max_power: 25.642530850113346
