storage:
  capacity: 108.34084364401912
  charge_effi: 0.9947034651612426
  discharge_effi: 1.392596980204614
  max_power: 21.200295302287557
