storage:
  capacity: 112.57592744522401
  charge_effi: 0.9745589232388817
  discharge_effi: 1.281689112387484
  max_power: 31.693446575379177
