storage:
  capacity: 87.14372946063911
  charge_effi: 0.8229798454494339
  discharge_effi: 1.189163707811375
  max_power: 27.493091419509696
