storage:
  capacity: 87.8343410406438
  charge_effi: 1.1509036070459775
  discharge_effi: 1.335832159315136
  max_power: 30.174152081191217
