storage:
  capacity: 103.1636923388274
  charge_effi: 1.026315135174353
  discharge_effi: 1.250329063653518
  max_power: 28.428762237144955
