storage:
  capacity: 112.10136745068861
  charge_effi: 1.082019803176419
  discharge_effi: 1.156339348575892
  max_power: 29.07591329898359
