storage:
  capacity: 86.94423900947699
  charge_effi: 0.9117177464369977
  discharge_effi: 1.0301500510338724
  max_power: 29.46664340861622
