storage:
  capacity: 107.16087421258564
  charge_effi: 1.0420283248658038
  discharge_effi: 1.1965500096065909
  max_power: 36.11505787252228
