storage:
  capacity: 107.79408736845886
  charge_effi: 0.9281662059545742
  discharge_effi: 1.0534728110859695
  max_power: 32.83938918923049
