storage:
  capacity: 105.20023585825088
  charge_effi: 0.7832332135364213
  discharge_effi: 1.10823775486667
  max_power: 33.41351152221675
