storage:
  capacity: 106.57582938479183
  charge_effi: 0.9325775691021605
  discharge_effi: 1.189730953071994
  max_power: 33.31872376934711
