storage:
  capacity: 103.9412815724221
  charge_effi: 0.9681543508145355
  discharge_effi: 0.997650683636963
  max_power: 27.461593957048322
