storage:
  capacity: 87.58431637844716
  charge_effi: 0.9862373520479569
  discharge_effi: 1.2947556301563161
  max_power: 25.468831555643007
