storage:
  capacity: 97.20627840677598
  charge_effi: 1.168718537731633
  discharge_effi: 0.8948667174780681
  max_power: 31.969657843067793
