storage:
  capacity: 96.56771288436629
  charge_effi: 0.9617905387220886
  discharge_effi: 1.2079079143505758
  max_power: 28.952751989569684
