storage:
  capacity: 84.60809184961124
  charge_effi: 0.9037152910120214
  discharge_effi: 0.9347547891867913
  max_power: 32.14720803964704
