storage:
  capacity: 98.86317616606262
  charge_effi: 1.1119262341538572
  discharge_effi: 1.1057106776608174
  max_power: 28.625987117594942
