storage:
  capacity: 93.06571757795419
  charge_effi: 1.213898469473941
  discharge_effi: 1.266335167187489
  max_power: 28.482886989561017
