storage:
  capacity: 108.68618632507572
  charge_effi: 0.9643703507625936
  discharge_effi: 1.1716742236007471
  max_power: 34.81502079749504
