storage:
  capacity: 77.19107617453801
  charge_effi: 0.9050995044348377
  discharge_effi: 1.3184940210127596
  max_power: 28.61569531325947
