storage:
  capacity: 114.37225480103326
  charge_effi: 0.9402598474939086
  discharge_effi: 1.3005104763806974
  max_power: 25.158875017086142
