storage:
  capacity: 89.6956782228654
  charge_effi: 0.9176513127920544
  discharge_effi: 1.1456091014593497
  max_power: 22.883235157590082
