storage:
  capacity: 120.548324211635
  charge_effi: 1.0186674599681496
  discharge_effi: 1.4737412652110589
  max_power: 25.32397965098779
