storage:
  capacity: 100.97305523228887
  charge_effi: 0.977657635940461
  discharge_effi: 1.3278531643074183
  max_power: 29.64587420189017
