storage:
  capacity: 107.03568827513578
  charge_effi: 0.8155948619139627
  discharge_effi: 1.1556613748114573
  max_power: 24.273432294672872
