storage:
  capacity: 124.4316828269172
  charge_effi: 0.983524483341723
  discharge_effi: 1.057214880475123
  max_power: 25.89863557382152
