storage:
  capacity: 93.38320234982956
  charge_effi: 0.9125738276639838
  discharge_effi: 1.0397834981364669
  max_power: 28.100549722947054
