storage:
  capacity: 90.75105870573307
  charge_effi: 1.0005610333952355
  discharge_effi: 1.1243011034190395
  max_power: 29.146606606571538
