storage:
  capacity: 88.61686338385933
  charge_effi: 1.0145974370780688
  discharge_effi: 1.077901814842922
  max_power: 25.912653237768048
