storage:
  capacity: 122.77623152127852
  charge_effi: 0.96277149228669
  discharge_effi: 1.331728476070003
  max_power: 23.453404768733357
