storage:
  capacity: 101.3220819987013
  charge_effi: 0.9600856874356252
  discharge_effi: 1.101288984079682
  max_power: 27.772745515422415
