storage:
  capacity: 107.44171304641272
  charge_effi: 1.0050495655843916
  discharge_effi: 1.2086458275258314
  max_power: 26.705910044807876
