storage:
  capacity: 104.19019663529022
  charge_effi: 0.8949899151122432
  discharge_effi: 1.2984574659992423
  max_power: 31.276411950125674
