storage:
  capacity: 109.30705890284445
  charge_effi: 1.1347040066920628
  discharge_effi: 1.2840780361765853
  max_power: 30.151494546536057
