storage:
  capacity: 115.26116314348063
  charge_effi: 1.0544971376467833
  discharge_effi: 1.199992973209783
  max_power: 28.518500576773818
