storage:
  capacity: 94.73847431781071
  charge_effi: 0.9010988207488313
  discharge_effi: 1.2412450638609123
  max_power: 34.67907801318584
