storage:
  capacity: 108.9327760233178
  charge_effi: 0.9219100617511994
  discharge_effi: 0.9903569401979864
  max_power: 29.780140106080463
