storage:
  capacity: 95.73135568157689
  charge_effi: 0.897421753727509
  discharge_effi: 1.0533858060589048
  max_power: 33.189862548111044
