storage:
  capacity: 102.59944438525012
  charge_effi: 0.969858571580065
  discharge_effi: 1.333308834695361
  max_power: 31.1674167499508
