storage:
  capacity: 86.17171976608606
  charge_effi: 1.2656716649850028
  discharge_effi: 1.0816097297490674
  max_power: 30.16383742861749
