storage:
  capacity: 93.41888902659053
  charge_effi: 0.9396128026573483
  discharge_effi: 1.0297299746726378
  max_power: 32.38600224428085
