storage:
  capacity: 96.45422399755476
  charge_effi: 0.9416174665899797
  discharge_effi: 1.2234487953256925
  max_power: 28.72519394784907
