storage:
  capacity: 80.57103604814326
  charge_effi: 1.1635841768551516
  discharge_effi: 1.1828051072470274
  max_power: 30.0069018191744
