storage:
  capacity: 100.6378000867125
  charge_effi: 0.9874664291771661
  discharge_effi: 1.1943787902373135
  max_power: 26.808572923333422
