storage:
  capacity: 95.87005214072623
  charge_effi: 0.8155171047799304
  discharge_effi: 1.0813995178172602
  max_power: 31.515372299563726
