storage:
  capacity: 82.23597029603238
  charge_effi: 0.9905302581208251
  discharge_effi: 1.3083907943007762
  max_power: 29.047072141063
