storage:
  capacity: 118.61103594720204
  charge_effi: 1.1848425459916934
  discharge_effi: 1.3497631089999687
  max_power: 27.655521935792542
