storage:
  capacity: 98.09833198397108
  charge_effi: 1.1036103201307486
  discharge_effi: 1.1888046175446843
  max_power: 31.20436209600021
