storage:
  capacity: 99.81649108183264
  charge_effi: 1.1053203680440922
  discharge_effi: 1.2510050661811296
  max_power: 27.627625014989828
