storage:
  capacity: 95.07557326247235
  charge_effi: 1.0661404822483855
  discharge_effi: 1.3065712706830825
  max_power: 28.990409804018302
