storage:
  capacity: 115.50568952693347
  charge_effi: 0.950862211809853
  discharge_effi: 1.1651231539236389
  max_power: 26.66021591413985
