storage:
  capacity: 92.65078685699659
  charge_effi: 1.0292316438102738
  discharge_effi: 1.1763177432690854
  max_power: 27.951183753135386
