storage:
  capacity: 88.02283686380912
  charge_effi: 1.005288468764881
  discharge_effi: 1.1988620570355097
  max_power: 25.02374340710664
