storage:
  capacity: 110.27722814214823
  charge_effi: 0.8829241052010482
  discharge_effi: 1.3044244884775353
  max_power: 29.357644779246844
