storage:
  capacity: 106.1918240816605
  charge_effi: 1.019763527734919
  discharge_effi: 1.3523124993411304
  max_power: 29.88361008564332
