storage:
  capacity: 110.96237891067463
  charge_effi: 0.9427152055927086
  discharge_effi: 1.2613995095880521
  max_power: 31.966410602827573
