storage:
  capacity: 79.63799586317195
  charge_effi: 1.0156692169169392
  discharge_effi: 1.0785543936278383
  max_power: 30.702917599351174
