storage:
  capacity: 104.83746100847019
  charge_effi: 1.002316632604977
  discharge_effi: 1.4422797241310008
  max_power: 30.8105822707938
