storage:
  capacity: 91.10214880980938
  charge_effi: 0.9897928212025028
  discharge_effi: 1.2148986951459944
  max_power: 27.668874435739532
