storage:
  capacity: 83.51682652613327
  charge_effi: 1.0809027334238948
  discharge_effi: 0.9843943598875776
  max_power: 30.740731633927798
