storage:
  capacity: 84.4222900862239
  charge_effi: 1.0588516952974607
  discharge_effi: 1.0642741350798284
  max_power: 32.89947227868964
