storage:
  capacity: 81.05564480975382
  charge_effi: 0.9165778017662926
  discharge_effi: 1.2521157992126613
  max_power: 30.714352821484816
