storage:
  capacity: 109.01880281528717
  charge_effi: 1.1996910506889702
  discharge_effi: 1.2534506394532205
  max_power: 31.621715105715335
