storage:
  capacity: 85.28339424046207
  charge_effi: 0.9161481531902552
  discharge_effi: 1.1292005947013004
  max_power: 26.47900885121622
