storage:
  capacity: 96.56617869304758
  charge_effi: 0.9823209851843285
  discharge_effi: 1.292636806234029
  max_power: 29.7149960728223
