storage:
  capacity: 97.70309089064844
  charge_effi: 0.9710370343225401
  discharge_effi: 1.4669689160891741
  max_power: 25.427676959850988
