storage:
  capacity: 96.55264700909521
  charge_effi: 1.2475320047483016
  discharge_effi: 1.2267842244216078
  max_power: 27.05217510279013
