storage:
  capacity: 95.84382044888841
  charge_effi: 0.9418905619859692
  discharge_effi: 1.2827069620245495
  max_power: 30.014150938154717
