storage:
  capacity: 110.91164063506841
  charge_effi: 1.1244119642927481
  discharge_effi: 1.0395011571665425
  max_power: 25.285941636464205
