storage:
  capacity: 100.85855470818962
  charge_effi: 0.9734148174580662
  discharge_effi: 1.1682202736458112
  max_power: 26.456362921256087
