storage:
  capacity: 101.681521908362
  charge_effi: 1.0141984706792635
  discharge_effi: 1.1675633239220937
  max_power: 27.9119799545676
