storage:
  capacity: 100.1981293806161
  charge_effi: 0.9092761897928804
  discharge_effi: 1.2298321912288737
  max_power: 29.681943005549535
