storage:
  capacity: 103.23832740320704
  charge_effi: 1.0365645667058812
  discharge_effi: 1.2659143767907166
  max_power: 27.011244240687123
