storage:
  capacity: 91.78370664911506
  charge_effi: 1.0046663433188563
  discharge_effi: 1.2163112175021196
  max_power: 31.178172964235703
