storage:
  capacity: 103.82558252991211
  charge_effi: 1.008243572777979
  discharge_effi: 1.1221134123077157
  max_power: 33.83617097418843
