storage:
  capacity: 114.95326715981473
  charge_effi: 1.0083233436458034
  discharge_effi: 1.3420040399009519
  max_power: 26.499053566718047
