storage:
  capacity: 108.60650086222218
  charge_effi: 0.8708978557946724
  discharge_effi: 1.0138310939709219
  max_power: 29.749262146220552
