storage:
  capacity: 109.7286627392471
  charge_effi: 1.0305323061079192
  discharge_effi: 1.293283592314295
  max_power: 31.870331772266024
