storage:
  capacity: 100.33479932619524
  charge_effi: 1.0479460901817839
  discharge_effi: 1.283706182925508
  max_power: 31.741151754708905
