storage:
  capacity: 84.13533187860413
  charge_effi: 0.8812181906809402
  discharge_effi: 1.202384549048432
  max_power: 35.15639789427141
