storage:
  capacity: 96.83301934132234
  charge_effi: 1.1387623424828202
  discharge_effi: 1.1871375280384464
  max_power: 30.740943634709634
