storage:
  capacity: 91.09239247707391
  charge_effi: 0.7152260521032446
  discharge_effi: 1.0406863528337373
  max_power: 32.74749087002187
