storage:
  capacity: 93.13571351805477
  charge_effi: 0.8316873844789013
  discharge_effi: 1.273756214212414
  max_power: 25.859071124108493
