storage:
  capacity: 108.00539950596337
  charge_effi: 0.9369688774970661
  discharge_effi: 1.2156934420585255
  max_power: 26.633248693121352
