storage:
  capacity: 85.8458010716655
  charge_effi: 0.9929303327430472
  discharge_effi: 1.0830535714307719
  max_power: 33.18992926666456
