storage:
  capacity: 102.13667489608915
  charge_effi: 1.03708387204702
  discharge_effi: 1.142394140682465
  max_power: 23.11466270952327
