storage:
  capacity: 97.90957417826357
  charge_effi: 0.8531605968269509
  discharge_effi: 1.176095757271699
  max_power: 34.177097697646936
