storage:
  capacity: 103.22551124400749
  charge_effi: 0.907095120519519
  discharge_effi: 1.1451662638084281
  max_power: 30.037460065595837
