storage:
  capacity: 94.23986239840418
  charge_effi: 1.07867984024739
  discharge_effi: 1.2601811067276085
  max_power: 29.486636381020507
