storage:
  capacity: 97.01886483407509
  charge_effi: 1.1443439835790121
  discharge_effi: 1.1912339924439646
  max_power: 31.924244492334704
