storage:
  capacity: 106.75935315730271
  charge_effi: 0.9413756393227488
  discharge_effi: 1.3435600147206348
  max_power: 26.290098741964435
