storage:
  capacity: 99.55556689765338
  charge_effi: 1.1005373990870033
  discharge_effi: 1.0040882378721219
  max_power: 26.64411653927113
