storage:
  capacity: 104.12204465062568
  charge_effi: 0.9448259135830871
  discharge_effi: 1.1024247373694307
  max_power: 28.971765755243126
