storage:
  capacity: 102.51841836943328
  charge_effi: 0.9577218529942235
  discharge_effi: 1.2542294592556253
  max_power: 35.40198119122456
