storage:
  capacity: 98.07389809677433
  charge_effi: 0.7989727255541426
  discharge_effi: 1.194304230448263
  max_power: 28.889340247707114
