storage:
  capacity: 89.8579273731625
  charge_effi: 1.0020647498949913
  discharge_effi: 1.1739055526397923
  max_power: 26.224579687950612
