storage:
  capacity: 94.50531863676201
  charge_effi: 1.084229475171982
  discharge_effi: 1.2174222264532435
  max_power: 33.3808200077495
