storage:
  capacity: 99.54353508120239
  charge_effi: 1.0647507133863776
  discharge_effi: 1.0299249354893523
  max_power: 29.92216472537624
