storage:
  capacity: 100.05793739438612
  charge_effi: 1.055679892973979
  discharge_effi: 1.460234991194125
  max_power: 22.39670995072569
