storage:
  capacity: 95.12745620625991
  charge_effi: 0.9425988162923294
  discharge_effi: 1.0923126626620105
  max_power: 30.974655264141774
