storage:
  capacity: 113.5848420733035
  charge_effi: 0.9412059878157824
  discharge_effi: 1.3290821797250911
  max_power: 25.528568067284567
