storage:
  capacity: 104.0867477836985
  charge_effi: 1.0143573330226743
  discharge_effi: 0.8990203468436231
  max_power: 25.84322755079943
