storage:
  capacity: 82.4521894340662
  charge_effi: 0.8794304085782434
  discharge_effi: 1.187393130891689
  max_power: 26.89527684660303
