storage:
  capacity: 83.95136852616885
  charge_effi: 1.018622995720213
  discharge_effi: 1.2758650698512153
  max_power: 24.373015505768294
