storage:
  capacity: 103.24325171498407
  charge_effi: 1.1965899374159705
  discharge_effi: 1.2102333160312564
  max_power: 31.37930476947525
