storage:
  capacity: 107.41331688067437
  charge_effi: 0.9754277373850214
  discharge_effi: 1.4991259736044447
  max_power: 25.58738062140512
