storage:
  capacity: 101.1815103487673
  charge_effi: 1.1688611339417376
  discharge_effi: 1.1520036824048585
  max_power: 30.143482659630862
