storage:
  capacity: 85.19967761466772
  charge_effi: 0.8048865587371486
  discharge_effi: 1.1374132035181017
  max_power: 32.47999196151071
