storage:
  capacity: 90.73760384535325
  charge_effi: 1.056363685175718
  discharge_effi: 1.4102391689791653
  max_power: 24.47908564253406
