storage:
  capacity: 99.91014341603709
  charge_effi: 1.0950927563578952
  discharge_effi: 1.1534994861130645
  max_power: 33.180313187580545
