storage:
  capacity: 90.6203220288297
  charge_effi: 0.9704498077366793
  discharge_effi: 1.207830886601579
  max_power: 26.940790183311584
