storage:
  capacity: 108.64228399775554
  charge_effi: 0.9088036598101216
  discharge_effi: 1.3329099947964533
  max_power: 29.20842908893384
