storage:
  capacity: 83.62154596045183
  charge_effi: 1.014351782600917
  discharge_effi: 1.1881360796065594
  max_power: 35.939866389484756
