storage:
  capacity: 92.70534999868174
  charge_effi: 1.0922191963078143
  discharge_effi: 1.3524981593043441
  max_power: 25.719527778899153
