storage:
  capacity: 105.67283819863889
  charge_effi: 1.0024320724542513
  discharge_effi: 1.194418552825188
  max_power: 29.30247951277596
