storage:
  capacity: 120.60121360976544
  charge_effi: 1.056667983242795
  discharge_effi: 1.199633573183603
  max_power: 25.62230134329945
