storage:
  capacity: 104.68825405759735
  charge_effi: 0.9693756409560168
  discharge_effi: 1.3261898609338763
  max_power: 34.317075523739895
