storage:
  capacity: 102.20634878482323
  charge_effi: 1.0719860646806225
  discharge_effi: 1.0978035128464902
  max_power: 26.41341596065455
