storage:
  capacity: 96.23933250198914
  charge_effi: 0.9363957912209024
  discharge_effi: 1.243781564185049
  max_power: 24.758361280763022
