storage:
  capacity: 94.13072400019317
  charge_effi: 0.9025529792024867
  discharge_effi: 1.2102015836484041
  max_power: 27.13968262663841
