storage:
  capacity: 99.78698049045914
  charge_effi: 1.1219945215187939
  discharge_effi: 1.2306295186911322
  max_power: 29.18697313127602
