storage:
  capacity: 109.45898473935799
  charge_effi: 0.8334014838824172
  discharge_effi: 1.2629273458995816
  max_power: 25.691570317982396
