storage:
  capacity: 100.16953418437228
  charge_effi: 0.9676834640899609
  discharge_effi: 1.0808175783737686
  max_power: 27.654254332842328
