storage:
  capacity: 106.93629439618273
  charge_effi: 1.1720709982264983
  discharge_effi: 1.2267256978087648
  max_power: 25.7322299956126
