storage:
  capacity: 105.22095411237017
  charge_effi: 1.0903807853770031
  discharge_effi: 1.1797353201322989
  max_power: 29.28856608549678
