storage:
  capacity: 113.86974736995012
  charge_effi: 1.1051513126325179
  discharge_effi: 1.588671079925257
  max_power: 26.942253864892333
