storage:
  capacity: 103.68420593450907
  charge_effi: 1.006687350328992
  discharge_effi: 1.2747161504145945
  max_power: 30.757866106925785
