storage:
  capacity: 96.15786864816337
  charge_effi: 1.0002992092617067
  discharge_effi: 1.1868079746157696
  max_power: 26.678620882236494
