storage:
  capacity: 87.14419790823273
  charge_effi: 1.0937950859040122
  discharge_effi: 1.3997333556006106
  max_power: 26.52194683283127
