storage:
  capacity: 109.19513944008266
  charge_effi: 1.0419013636893977
  discharge_effi: 1.1729231821837685
  max_power: 25.494125218990998
