storage:
  capacity: 91.56871405499294
  charge_effi: 0.7759730443527812
  discharge_effi: 1.0598156046342693
  max_power: 31.312723816887768
