storage:
  capacity: 107.78583227391672
  charge_effi: 0.955110545445735
  discharge_effi: 1.1389871322680225
  max_power: 30.167713620150725
