storage:
  capacity: 100.1127649148144
  charge_effi: 0.8928283324251396
  discharge_effi: 1.1437201832485413
  max_power: 33.1702660105309
