storage:
  capacity: 114.25853616534066
  charge_effi: 1.0530464722995685
  discharge_effi: 1.0915796431922145
  max_power: 29.591823296769533
