storage:
  capacity: 105.23030740804055
  charge_effi: 1.0599085064375884
  discharge_effi: 1.3110987741067248
  max_power: 24.64980897417926
