storage:
  capacity: 110.69956232594338
  charge_effi: 1.1030026459769637
  discharge_effi: 1.1305741789840782
  max_power: 27.93154969258046
