storage:
  capacity: 119.91765103027963
  charge_effi: 1.0562300263787885
  discharge_effi: 1.1273489473691711
  max_power: 27.629877246044042
