storage:
  capacity: 115.27734401323161
  charge_effi: 0.8486219669644587
  discharge_effi: 1.3640995122405197
  max_power: 30.97926008714355
