storage:
  capacity: 103.68400237859937
  charge_effi: 0.8718955584971398
  discharge_effi: 1.4388198742395522
  max_power: 28.75174166814067
