storage:
  capacity: 86.46132338141982
  charge_effi: 0.9022432413267039
  discharge_effi: 1.2659689789639863
  max_power: 27.273573439104677
