storage:
  capacity: 100.81750362460653
  charge_effi: 0.9810346705995489
  discharge_effi: 1.2160861574953632
  max_power: 24.60900456979485
