storage:
  capacity: 105.05469702382767
  charge_effi: 0.933147105034926
  discharge_effi: 1.1252523961383258
  max_power: 32.95361669574609
