storage:
  capacity: 103.86990218926931
  charge_effi: 0.8951039738553018
  discharge_effi: 1.0107527333809838
  max_power: 35.66933448909861
