storage:
  capacity: 101.85301952974477
  charge_effi: 1.0650287483315033
  discharge_effi: 1.0218006695451407
  max_power: 27.380210024541267
