storage:
  capacity: 85.0864842752329
  charge_effi: 0.8732968079891643
  discharge_effi: 1.3031509381527973
  max_power: 23.305173975987703
