storage:
  capacity: 111.40243275084742
  charge_effi: 0.9643635754556836
  discharge_effi: 1.2326298771981965
  max_power: 35.080107346004716
