storage:
  capacity: 105.77888771891877
  charge_effi: 1.0338621221088806
  discharge_effi: 1.2345572290586821
  max_power: 24.62842663588868
