storage:
  capacity: 120.22550615247849
  charge_effi: 0.9155569731119493
  discharge_effi: 1.235985753497895
  max_power: 27.452787979214207
