storage:
  capacity: 107.7344645963267
  charge_effi: 0.9595966200316413
  discharge_effi: 1.2777961728730474
  max_power: 29.704708664532205
