storage:
  capacity: 104.30806333771079
  charge_effi: 1.03197331857117
  discharge_effi: 1.1947026409538553
  max_power: 28.957239666305384
