storage:
  capacity: 95.11582789771991
  charge_effi: 1.04878929276061
  discharge_effi: 1.1904516388550732
  max_power: 31.01545423898846
