storage:
  capacity: 104.45706477883009
  charge_effi: 0.925738870204403
  discharge_effi: 1.4877448475716084
  max_power: 22.47186891395042
