storage:
  capacity: 88.60004778588628
  charge_effi: 0.9508404392733949
  discharge_effi: 1.1307782421353971
  max_power: 27.84295187738257
