storage:
  capacity: 110.05181495413171
  charge_effi: 1.1111041408827067
  discharge_effi: 1.1836131104210041
  max_power: 32.151098691529825
