storage:
  capacity: 90.18405655988754
  charge_effi: 1.0363435197982838
  discharge_effi: 1.1944915712939042
  max_power: 31.117681463042747
