storage:
  capacity: 105.74601913546363
  charge_effi: 1.1787901937072263
  discharge_effi: 1.050517771340003
  max_power: 31.09081594851646
