storage:
  capacity: 104.1391908727738
  charge_effi: 1.0377071624962335
  discharge_effi: 1.1112869599128252
  max_power: 26.23432142851031
