storage:
  capacity: 91.8721533338197
  charge_effi: 0.8107671451705057
  discharge_effi: 1.0898920882717693
  max_power: 28.173255222949212
