storage:
  capacity: 94.65789044842543
  charge_effi: 0.8683679880634783
  discharge_effi: 1.2612512971368428
  max_power: 30.558773198010453
