storage:
  capacity: 94.38586604766392
  charge_effi: 0.8725076929879598
  discharge_effi: 1.0373590430348056
  max_power: 21.893011926116923
