storage:
  capacity: 104.02931184975567
  charge_effi: 1.0757854008437129
  discharge_effi: 1.2704841242025227
  max_power: 27.137835064306582
