storage:
  capacity: 95.94357050251422
  charge_effi: 0.8737272103633957
  discharge_effi: 1.0672671547543342
  max_power: 29.143371556155856
