storage:
  capacity: 77.56399533180588
  charge_effi: 0.9797116534289183
  discharge_effi: 1.0600219929954369
  max_power: 31.153040548076696
