storage:
  capacity: 114.83242452228173
  charge_effi: 0.9664158619409665
  discharge_effi: 1.1273863800155026
  max_power: 26.216854720498628
