storage:
  capacity: 112.14798632464021
  charge_effi: 0.8861568278719691
  discharge_effi: 1.1288715068629893
  max_power: 23.711640002031515
