storage:
  capacity: 104.6428449308489
  charge_effi: 1.0359468216803274
  discharge_effi: 1.3745407618806813
  max_power: 25.098602980645822
