storage:
  capacity: 94.64916575890541
  charge_effi: 0.9684657887287553
  discharge_effi: 1.1232404658112347
  max_power: 29.472517750306626
