storage:
  capacity: 92.66795436267752
  charge_effi: 0.8797367872122059
  discharge_effi: 0.9956576613258895
  max_power: 26.414727508183777
