storage:
  capacity: 91.05559122389803
  charge_effi: 0.8350852577834383
  discharge_effi: 1.1847801404019789
  max_power: 36.46857969361708
