storage:
  capacity: 82.18731483598629
  charge_effi: 0.9517582925307886
  discharge_effi: 1.102006427922213
  max_power: 31.907589269650227
