storage:
  capacity: 79.45373915794201
  charge_effi: 1.0481426772537454
  discharge_effi: 1.1747724945991547
  max_power: 33.144760810604254
