storage:
  capacity: 110.64128600632112
  charge_effi: 1.0281945266571038
  discharge_effi: 1.2984763165386906
  max_power: 29.85341039019068
