storage:
  capacity: 112.67768232674906
  charge_effi: 0.7979700040170525
  discharge_effi: 1.0576435283528465
  max_power: 25.56881101412715
