storage:
  capacity: 90.54887319582316
  charge_effi: 0.9439703779228207
  discharge_effi: 1.1756333632813176
  max_power: 26.16124391934183
