storage:
  capacity: 100.91846637107349
  charge_effi: 1.0134217331901603
  discharge_effi: 1.2127421714204183
  max_power: 29.627941379771464
