storage:
  capacity: 90.59536274595341
  charge_effi: 0.7605578199543171
  discharge_effi: 1.1650615030667661
  max_power: 30.216197123309346
