storage:
  capacity: 108.64633408632204
  charge_effi: 0.710859558658773
  discharge_effi: 1.1945352830230767
  max_power: 27.596422022117398
