storage:
  capacity: 86.89331821499933
  charge_effi: 0.9643476878734447
  discharge_effi: 1.2782835884269599
  max_power: 28.107778978598592
