storage:
  capacity: 84.35745976400496
  charge_effi: 0.9345749966100941
  discharge_effi: 1.0341096410376833
  max_power: 23.70506374634336
