storage:
  capacity: 118.44579738185867
  charge_effi: 0.8984290154022812
  discharge_effi: 1.1783360934688956
  max_power: 29.99367078145675
