storage:
  capacity: 113.38425281502198
  charge_effi: 1.063190962881568
  discharge_effi: 1.1826271060480888
  max_power: 26.98973121341238
